7 51 533483742
30062 8476 22143 11358 22431 20454 43745
35188 29675 732 19087 61351 89811 85822
3 1 6 4
0
1 7
2 3 1
0
1 2
4 2 1 7 3
1 4
0
6 2 6 4 3 1 5
4 2 1 7 5
1 6
4 6 7 1 2
1 4
0
0
1 1
0
0
1 2
1 5
2 1 6
0
0
2 6 5
1 4
3 4 7 5
3 3 1 2
4 7 1 6 2
2 5 3
1 5
0
5 1 4 3 2 7
0
2 3 5
0
0
1 2
0
4 1 5 2 6
0
0
1 2
0
3 7 2 5
1 6
4 6 2 7 3
3 5 4 1
4 5 4 6 7
0
6 7 6 5 4 1 2
0
0
1 4
1 1
2 7 6
0
3 6 2 4
0
2 1 6
2 6 4
3 3 1 7
3 2 3 4
3 5 7 1
2 4 3
2 5 7
1 2
1 4
0
1 6
4 5 2 7 6
2 3 1
3 4 5 2
2 3 7
3 7 6 5
4 1 4 3 2
0
2 4 3
2 3 7
1 6
4 5 3 2 6
2 4 7
0
7 4 6 7 5 1 3 2
1 1
0
0
1 7
2 3 7
0
0
7 1 6 3 4 5 7 2
0
0
4 4 6 3 1
0
2 2 5
2 7 6
1 5
3 3 7 2
0
5 3 2 1 5 4
