493 1067 375 19
66488 389277 705549 414786 435203 234807 202194 283472 927125 783804 331975 881648 416419 71174 145212 966031 559411 554822 589569 152859 194348 399264 104232 145538 737661 721033 293130 137653 749068 902345 453706 889371 560368 84608 122168 974402 252426 408162 510046 251107 109629 98390 240888 72628 401489 69469 842572 828429 401287 923258 537682 349471 294820 358741 168192 165099 27420 496837 329358 182594 952843 877391 809333 661805 729689 435496 516971 783921 470588 311716 240293 645729 566854 325125 672646 928302 811124 712594 856328 882255 199705 897725 804532 647968 927291 772366 601123 595062 175771 444614 873434 503927 342413 494412 78746 184769 617118 272451 114228 159508 371983 705678 927187 495759 478258 440080 151979 689596 615458 950872 593527 482811 640745 803326 148761 133462 961313 512080 191804 336752 178865 911466 126009 662303 531980 437252 859934 518646 317900 821858 880810 185443 808673 273905 67033 188722 459287 492189 576704 921419 633245 182705 388806 298642 612851 627654 222055 111492 900347 352002 805356 601330 259872 487366 222357 765435 47831 267606 358524 896909 544640 674944 760383 104941 393935 703186 426452 582870 951939 73248 906853 481089 729284 605632 720704 154384 386348 212321 544084 802870 325473 269303 947638 303653 99752 138589 304289 286186 820846 235995 381115 903014 534831 996982 90240 509252 750553 712231 956030 650227 124827 580867 958486 867618 428203 897280 872221 336862 425953 582154 683869 492476 472588 419769 480159 530270 195870 415744 24777 909667 272786 720684 357906 502756 597238 216098 107916 28039 619492 798523 458180 759841 436262 895277 330457 631271 620604 809121 811607 126784 52575 392027 744435 876360 380905 666782 742075 436598 286859 647366 849722 278460 143371 330919 47006 737761 781613 423424 427725 788071 181638 556536 203383 819929 395591 159826 540785 868104 990653 272633 812998 46865 756123 4376 970581 627996 657687 845324 916179 698699 366103 411109 538683 89481 629796 668989 852398 799012 45649 289221 916143 54668 218024 837921 312807 817768 572817 199234 627775 777885 471436 142245 18499 611301 85506 482125 304443 679900 115870 506254 697981 447388 441876 899957 216318 603973 11164 580911 847686 487066 955338 878513 582521 955298 863701 241105 827563 269672 646505 778053 632446 837266 286716 579357 903689 49204 407405 124698 620163 558702 289764 910813 977786 548126 574826 947174 502849 955084 213855 593122 890385 998470 674810 564352 370818 728645 121761 313944 364069 288431 218183 38889 746847 285873 151730 11600 362052 363269 178469 406988 531786 134936 728195 214597 525488 196736 60268 91888 714843 492199 361672 128434 865944 314726 961196 821076 789677 360855 422100 516172 284878 342470 126263 958982 450057 325162 128887 148619 678859 598039 128420 841531 175411 708567 117 623699 658323 425287 868549 214259 22262 865947 838918 780980 951757 924301 28025 188952 453835 163047 366706 905048 685864 700572 976671 814043 956628 692910 521235 954830 853804 899438 67957 337793 788734 925430 130309 648256 395073 897518 587955 178898 644515 202162 218884 568458 675666 357784 882269 523313 133688 516501 936970 278540 555276 590211 980987 530553 405451 475388 746306 679723 937204 18963 637305 792580 688580 640034 370858 924943 545349 481651 842669 904385 630186 288494 161370 581773 105028 504751 823732 83609 353590 866538 244730 775089 923346 592577 200807 151605 991043 23415 84795
339 64 72
102 444 44
212 460 32
98 479 54
186 143 55
402 410 15
435 387 57
326 306 61
461 345 51
206 460 6
67 20 9
204 405 17
19 382 52
230 62 53
404 38 59
311 198 74
191 246 19
175 89 54
455 460 40
484 378 29
389 346 48
337 30 10
213 255 65
185 400 13
146 480 35
329 308 7
129 364 27
383 35 57
307 17 28
256 21 20
311 353 44
203 244 47
287 107 75
130 244 55
435 262 24
402 312 44
420 222 25
366 119 13
376 216 27
412 475 74
128 202 55
148 76 56
179 328 49
176 221 50
190 366 3
44 277 67
70 218 74
10 185 7
223 87 10
448 106 18
232 174 75
322 285 27
111 426 13
416 426 6
345 452 9
34 387 28
151 382 56
390 390 28
351 17 3
2 342 65
201 256 40
118 437 31
316 204 46
479 245 67
403 87 20
196 203 25
211 275 19
390 370 44
457 277 16
205 311 38
325 398 6
69 270 54
117 6 56
251 125 10
443 221 72
367 62 34
344 108 58
252 20 22
20 347 54
131 197 10
434 205 11
227 90 35
73 99 60
389 66 43
322 44 13
136 284 62
395 93 74
103 166 40
189 350 15
267 101 63
38 225 27
8 115 2
128 201 11
5 146 55
151 326 65
224 203 30
154 410 2
14 178 29
213 430 68
161 29 54
227 191 64
227 395 35
470 143 48
68 468 9
490 418 69
188 279 15
380 192 24
299 404 23
436 110 62
452 428 12
446 276 40
184 477 28
359 93 18
67 353 53
37 226 14
425 401 23
325 125 47
315 56 47
231 405 26
180 7 7
286 338 50
190 465 13
128 200 8
337 432 73
145 82 28
317 356 43
155 205 16
373 330 39
232 5 55
7 215 26
433 199 15
460 88 49
401 181 56
159 32 60
12 481 51
277 452 18
338 477 39
223 6 8
183 445 72
400 481 14
229 18 37
110 433 26
435 191 41
7 403 58
2 13 74
331 431 61
171 43 72
375 315 69
385 290 36
160 374 72
102 468 18
359 467 29
389 304 37
76 62 33
342 199 44
162 61 36
115 381 24
131 469 17
463 21 40
264 325 51
111 262 18
10 261 71
1 364 71
54 440 7
455 352 34
435 393 75
450 33 22
254 450 67
7 29 38
237 428 33
369 183 29
450 241 38
234 34 58
199 250 39
232 233 17
407 423 25
44 211 68
100 469 3
156 484 75
181 49 19
455 69 59
22 369 23
191 473 14
57 486 64
73 199 30
480 441 20
353 96 61
223 81 5
300 296 55
43 406 75
272 243 3
16 186 3
472 267 19
256 300 15
311 343 65
473 303 62
318 226 73
301 290 33
422 7 52
336 379 35
467 29 65
193 40 27
242 411 1
306 231 10
24 336 2
266 39 42
231 92 63
266 455 71
310 420 65
88 368 36
248 213 51
23 253 35
40 128 25
74 33 34
140 56 52
134 332 68
2 84 42
118 442 44
76 1 28
225 472 71
317 221 1
124 102 63
161 203 46
377 439 10
225 246 67
283 101 56
159 281 47
146 287 54
420 72 75
112 415 27
395 60 72
116 278 49
171 204 18
163 478 40
215 325 21
4 258 70
58 83 67
5 261 28
170 168 46
155 163 21
474 57 26
128 213 2
237 338 74
493 154 34
395 371 75
221 403 57
59 465 4
190 224 60
192 275 54
35 321 21
331 128 72
436 228 25
439 329 50
291 180 36
38 291 67
178 321 34
392 20 56
357 372 60
371 458 7
98 188 37
194 215 57
328 355 36
57 409 9
118 389 60
307 294 12
397 353 5
240 52 4
336 249 9
265 253 38
284 419 63
325 201 72
89 237 49
360 39 21
24 116 15
301 129 29
373 246 31
22 56 16
54 218 26
318 110 42
464 130 8
332 320 27
255 280 22
416 198 51
47 300 7
119 407 67
243 438 52
158 180 12
475 378 2
466 21 13
107 385 58
493 487 48
212 226 68
262 120 6
59 280 47
34 460 55
45 168 34
407 137 61
135 98 37
387 401 7
439 116 13
99 327 6
39 427 52
493 469 16
265 464 25
475 115 70
292 477 47
86 353 71
453 67 5
89 480 7
251 335 52
446 128 37
272 18 58
102 286 48
231 417 67
290 168 32
146 482 36
309 211 72
227 80 74
30 187 25
467 347 31
421 371 7
66 385 27
27 144 44
271 367 10
280 259 44
45 484 6
446 412 59
144 155 26
478 234 73
418 15 32
312 331 10
477 352 70
309 196 8
350 113 4
292 82 33
477 208 11
317 81 10
389 144 6
272 425 13
429 465 56
406 464 22
141 349 23
105 400 30
438 374 22
285 409 11
216 263 48
428 368 26
483 220 10
212 269 63
26 13 3
233 247 44
233 187 12
10 347 8
238 215 55
168 75 20
208 36 46
69 387 57
69 357 28
479 140 21
251 179 53
413 35 75
435 23 73
35 114 49
313 471 39
196 363 11
325 64 38
448 66 12
406 474 1
62 242 36
346 178 17
44 261 71
93 301 72
261 165 5
487 292 7
90 233 6
458 159 72
199 193 11
318 464 55
393 253 48
10 201 33
266 462 3
230 403 2
132 25 10
324 404 15
129 415 19
75 129 69
148 13 53
222 200 21
369 275 72
439 248 21
478 486 50
296 110 69
374 60 68
184 125 39
141 383 59
66 306 43
136 424 60
255 86 57
34 377 18
408 265 51
479 300 18
462 74 62
264 104 26
389 366 43
172 492 20
313 456 55
459 122 13
339 129 43
60 39 5
265 90 43
94 481 44
474 440 1
103 148 43
155 130 68
145 405 39
491 429 5
202 385 56
414 66 58
29 277 57
445 92 35
211 161 14
347 41 4
85 315 75
77 413 54
463 426 2
137 314 32
28 58 58
196 382 13
154 111 15
212 487 46
214 321 28
44 222 34
361 300 2
429 472 64
89 118 33
192 342 9
313 290 51
31 325 12
483 96 57
371 125 55
224 195 72
349 158 3
387 104 29
445 305 50
210 212 55
127 417 2
240 297 1
258 226 17
268 114 38
362 78 28
351 422 39
216 210 45
422 148 49
13 110 19
156 232 54
85 54 53
278 309 10
63 366 52
423 53 45
163 404 19
197 478 40
181 392 24
461 94 36
364 310 71
173 105 55
56 184 28
114 51 19
251 204 22
190 169 56
419 375 9
337 461 27
433 193 47
206 225 49
122 86 35
256 288 36
466 93 40
215 310 17
230 450 4
230 406 57
388 34 40
338 273 13
432 155 51
483 337 46
285 52 25
368 425 2
450 79 59
48 139 68
227 183 54
287 450 73
99 163 63
338 58 42
210 358 46
77 31 17
108 5 32
355 423 50
115 145 37
302 367 22
267 491 70
208 387 2
136 341 45
469 331 22
389 455 25
345 11 48
359 362 74
491 62 9
302 123 32
266 432 15
214 223 12
82 20 4
140 285 2
213 374 28
323 223 61
39 373 39
174 79 40
205 232 49
24 174 74
279 83 63
366 37 50
411 339 19
257 397 29
215 20 47
305 408 42
190 310 56
275 44 45
62 246 68
71 296 26
122 43 25
144 52 44
74 95 71
379 319 73
1 254 59
358 283 34
358 407 10
67 8 75
68 249 52
57 83 36
36 164 1
192 31 1
113 469 63
124 278 15
340 484 47
311 441 67
360 320 45
244 175 2
484 149 61
71 389 75
230 417 20
234 301 69
56 449 72
311 362 24
393 172 72
124 178 9
116 253 4
319 334 59
66 257 13
172 177 45
342 323 41
134 171 30
117 14 67
481 127 58
470 32 56
44 230 42
66 305 63
229 416 29
89 358 62
405 127 10
215 361 26
60 434 75
219 270 59
269 273 34
364 257 17
162 364 73
155 441 59
241 461 65
262 341 21
239 161 70
449 86 6
91 27 61
459 51 58
65 375 68
51 129 75
470 85 75
166 491 71
42 352 71
82 254 73
19 74 62
36 329 28
207 112 66
149 413 70
107 251 41
229 447 30
257 385 9
83 332 4
372 188 34
286 436 6
317 178 43
373 274 61
67 425 72
55 443 31
285 281 14
10 175 74
471 324 19
24 8 59
80 118 68
113 44 43
229 366 35
172 337 68
165 393 20
314 320 10
316 51 17
319 174 45
323 481 7
223 274 17
56 409 42
351 139 30
148 80 42
158 318 28
218 409 25
175 20 67
48 28 21
130 109 8
387 73 39
17 292 33
485 9 57
422 184 19
427 184 69
261 387 10
474 4 11
424 389 14
382 310 37
193 472 28
183 10 52
413 302 61
238 125 73
188 302 49
106 105 56
483 423 35
215 145 51
26 45 60
235 24 56
343 132 5
180 179 60
319 476 75
387 14 17
486 403 35
185 380 62
276 244 7
302 241 37
155 402 70
351 263 72
199 10 24
34 441 64
103 489 36
355 428 23
14 303 22
223 128 33
337 168 16
53 232 4
475 222 36
477 92 54
393 225 46
160 451 1
177 276 54
313 40 65
44 34 3
101 385 51
90 99 34
414 451 62
90 9 39
210 93 36
420 457 23
120 271 31
254 121 64
14 215 49
90 19 45
273 456 40
54 258 66
422 358 24
54 143 69
216 131 72
215 438 14
69 304 73
305 59 17
148 467 42
58 58 60
268 425 50
430 159 30
149 12 70
348 74 29
287 328 39
354 416 73
114 165 34
347 204 74
216 163 74
376 389 21
268 174 26
336 291 8
466 486 36
438 218 32
417 213 55
252 138 63
362 39 71
205 55 34
453 121 71
388 403 13
145 334 68
297 191 30
61 223 55
226 433 18
113 167 40
295 135 15
183 354 4
193 133 66
101 295 30
241 164 44
155 158 26
30 186 47
8 238 73
51 339 12
191 454 24
211 200 20
125 82 66
107 282 43
426 28 61
68 206 6
191 261 33
276 215 28
334 247 65
140 423 54
473 362 75
116 63 51
250 408 55
227 243 9
401 186 23
471 293 27
254 332 4
45 151 59
360 103 23
316 393 37
112 452 42
86 320 29
382 66 41
397 75 39
171 191 5
131 464 11
130 193 65
237 341 48
193 161 38
485 105 9
166 436 22
448 16 73
298 288 31
11 221 20
274 294 40
287 205 11
392 279 57
27 326 65
255 468 66
49 41 60
294 142 51
414 402 22
120 386 43
401 483 37
293 202 31
38 265 60
7 377 10
258 263 72
70 242 2
224 42 22
18 246 24
396 249 61
183 482 38
486 167 27
449 107 7
11 357 61
305 355 70
434 242 56
26 183 37
141 484 27
451 378 53
302 326 27
400 473 47
487 148 58
489 132 30
420 55 54
43 223 28
476 350 65
52 273 46
154 74 57
18 410 3
36 412 50
332 394 21
179 143 70
402 326 74
32 188 24
346 12 44
15 334 28
313 370 50
136 319 62
162 184 57
408 403 58
290 229 32
40 154 20
253 113 61
217 114 66
150 282 10
447 263 2
57 56 34
5 260 58
59 78 43
260 166 45
222 307 58
83 358 35
114 139 5
403 269 17
475 18 1
61 381 49
355 214 66
401 440 62
341 365 25
287 100 7
186 167 31
474 406 17
216 192 67
392 413 70
267 409 25
375 208 51
399 112 66
199 357 38
367 33 72
177 231 25
2 329 53
282 408 71
386 160 10
68 77 31
367 32 28
97 52 29
43 270 69
249 45 25
304 283 52
453 455 10
96 367 65
374 491 67
153 479 61
43 298 48
162 220 67
344 88 8
44 96 38
231 26 41
348 371 54
89 188 35
150 217 68
294 142 65
175 321 54
55 343 62
448 82 70
168 407 13
97 327 40
147 349 52
242 210 67
32 434 26
266 130 31
102 476 10
178 326 2
49 184 9
329 461 12
480 431 35
295 444 25
240 399 68
369 479 45
240 41 22
215 244 12
457 270 22
322 452 64
1 331 46
207 370 68
459 393 50
477 153 1
71 480 72
27 70 4
62 92 50
468 478 58
485 266 70
88 386 63
8 400 67
45 338 26
383 370 28
425 365 50
72 285 59
477 431 66
441 49 11
389 245 7
154 453 30
377 324 44
374 384 34
484 23 3
484 460 60
218 432 57
229 281 13
274 434 2
481 137 56
302 87 9
95 42 18
377 11 19
31 130 25
315 114 13
75 107 14
477 284 20
363 208 69
138 345 20
144 302 38
424 50 65
277 381 39
438 379 18
383 226 67
142 53 70
35 375 3
60 63 26
336 129 23
46 170 48
327 110 14
56 219 65
209 479 10
269 116 9
62 39 62
81 451 37
136 339 18
281 223 42
382 211 16
39 32 32
441 417 41
158 153 9
322 161 27
340 144 52
327 85 28
430 22 71
364 352 51
291 20 53
96 466 38
389 103 66
153 122 34
16 166 8
271 306 54
426 163 64
492 94 16
148 302 37
218 190 14
276 453 40
288 337 69
187 318 72
154 402 2
350 68 57
190 227 60
36 35 40
33 286 53
358 415 51
59 81 32
27 73 22
103 431 74
253 161 40
377 185 31
225 203 11
470 440 53
172 246 9
371 283 61
266 42 63
359 404 21
285 453 48
415 153 1
441 30 20
419 378 16
95 203 67
309 451 27
48 186 31
379 384 68
175 54 15
266 425 73
174 22 39
479 356 71
44 452 60
364 19 43
162 482 17
130 395 43
311 140 60
333 121 41
64 225 72
74 336 10
68 237 10
217 158 7
371 27 71
39 396 11
302 351 41
364 239 39
217 16 36
22 390 10
481 472 64
329 454 69
89 435 30
301 262 17
343 348 24
373 446 22
489 320 40
203 252 45
398 290 22
137 361 74
163 259 10
198 340 14
41 151 12
391 179 5
299 128 43
388 370 68
282 231 63
31 61 24
278 199 45
333 281 24
332 128 60
315 477 27
11 324 37
326 263 28
296 145 32
172 11 25
433 243 74
329 90 30
317 478 69
423 137 24
413 475 66
388 158 63
397 286 23
334 188 42
196 481 28
311 227 54
56 24 32
38 17 22
343 287 44
441 137 63
265 303 1
261 438 13
343 33 73
86 267 33
403 104 46
89 42 5
400 430 71
237 453 62
462 140 64
370 466 10
218 452 74
488 265 44
101 92 32
201 442 65
437 190 71
131 110 55
388 357 3
276 439 27
420 213 68
121 142 55
380 319 15
181 411 11
199 377 14
119 211 53
288 480 21
161 45 43
403 373 19
373 309 49
75 114 12
35 456 28
11 330 12
362 11 24
