400 5221 238 33
612913 318570 704812 504815 21434 320843 506728 341598 928385 771564 862640 251143 944905 50081 443534 622987 938121 429678 209357 534077 171211 179255 825672 367451 65076 441545 231621 435435 301550 551228 383841 762426 857863 404115 312833 336416 679257 266646 214813 514674 854389 545734 118196 575118 941595 298606 769522 169428 348126 956084 848927 402346 85569 763896 846150 113211 28565 849503 917832 860831 400014 668835 642208 638537 351749 764164 923943 507703 325763 314288 531640 261754 984671 524656 3928 895860 385055 65635 960577 710401 136602 159634 68737 991733 208344 897768 4823 7278 231254 67979 324612 406542 811315 978853 843014 823348 454508 264568 99448 316208 799727 262723 356856 312476 850416 204842 351222 648781 689747 956831 778543 272001 880747 798064 491374 52375 921377 433322 667008 20773 686358 243230 300340 986290 171395 942699 467186 797775 742702 601565 150279 808891 815999 259478 265055 994869 773684 739636 25878 65344 418032 40240 787628 10890 552954 562238 738891 294991 326106 809824 611502 493169 953831 746384 292483 646265 226408 572786 856685 455046 464527 326976 287001 901696 263328 568337 534798 527651 978559 234337 698513 271612 409507 795792 545500 521750 446065 995680 513015 251384 86867 651484 727396 612441 529594 542799 825114 220082 38746 140284 334007 28171 187424 591270 269208 156097 459165 286310 908938 524440 707092 134396 783877 944964 58263 948443 212667 774552 741205 954203 585372 349862 873186 10660 287082 683538 842747 744349 818563 821206 385776 770839 400315 338034 880087 627077 581118 563103 860110 704042 868572 170031 360962 540321 629544 792632 183522 20115 604478 571875 764368 522985 236883 227246 573106 765200 822218 541913 463030 127986 445831 712078 153354 794863 165481 993509 200683 366492 359493 26741 807390 821064 668368 198198 594834 860185 335715 808620 466599 457196 254659 853141 301096 783695 174654 803220 460338 988899 798520 931217 841131 755653 928971 89063 387906 239917 290942 503241 195233 506961 82648 688514 888095 896658 990006 343217 866777 278329 159497 28275 750413 297559 766413 53180 236897 268869 419729 725284 78388 605013 811754 677826 732892 581653 618805 136045 406752 925818 163581 744817 22624 546815 136771 251121 612386 110592 661421 598423 20311 474488 734721 739338 199667 906732 23343 425675 597900 588251 663562 540374 418946 373951 236464 64946 639745 375978 467489 847646 254423 794781 191875 487092 962140 474014 641618 349742 596846 844164 124915 123420 72484 470428 486664 193116 7325 281732 446482 891549 72698 136776 282966 954120 239059 413634 242186 242003 166659 345668 568567 999486 998272 125864 427855 828806 443921 133342 463968 594803 944516 837340 585022 538516 41201 649319 61659 745516 10516 625516 652937 133318
214 21 19
119 336 6
259 176 17
156 216 25
13 126 27
245 395 32
170 61 19
237 297 19
382 297 29
371 183 10
398 106 43
231 84 45
331 237 44
356 204 45
97 147 5
50 328 47
146 346 19
70 276 29
80 194 34
343 193 20
309 30 43
75 337 24
161 325 32
261 28 24
136 386 5
279 211 11
316 268 13
242 231 7
40 190 13
100 35 33
348 237 44
77 249 19
362 229 28
25 119 47
246 31 45
101 169 32
205 145 39
365 43 21
236 98 37
132 199 30
104 269 47
181 376 47
283 163 47
109 85 44
214 368 35
347 354 20
91 210 43
92 160 17
345 226 3
325 290 33
193 185 43
77 45 42
114 274 29
282 118 43
120 307 18
320 325 13
246 151 2
393 320 14
9 225 25
177 324 4
175 254 4
250 87 46
47 45 37
356 295 15
383 252 29
130 400 18
102 84 33
302 232 1
387 202 36
113 98 21
274 78 13
45 54 22
189 230 16
393 360 44
335 318 2
396 160 27
396 316 8
229 360 25
290 294 28
304 306 7
321 312 14
180 20 44
367 81 37
201 253 18
178 87 41
153 17 22
148 227 11
53 342 25
1 120 26
228 289 43
76 38 20
241 150 46
140 151 25
378 240 7
255 390 27
302 278 21
20 84 9
206 88 7
172 149 24
103 243 46
17 229 12
128 295 12
368 390 33
166 346 30
101 388 11
391 77 40
134 288 34
71 297 10
259 336 6
110 101 13
58 237 16
147 102 14
382 266 15
200 65 22
63 18 36
243 35 25
308 22 43
52 33 6
135 383 30
164 149 46
184 106 46
55 118 27
70 17 18
216 206 20
44 13 33
336 67 9
287 124 26
329 348 37
168 364 11
368 136 20
307 361 26
99 388 30
74 270 14
229 199 45
177 199 16
231 129 23
116 309 30
104 340 33
11 90 11
84 123 38
339 369 43
127 306 34
103 160 18
131 152 14
65 136 40
138 375 10
375 231 20
239 342 19
282 175 40
184 198 2
254 95 6
166 124 47
128 20 9
282 376 10
249 154 5
21 399 47
221 79 31
26 32 5
160 155 34
230 316 5
101 135 17
248 51 32
213 288 33
190 84 33
249 26 3
253 163 5
388 83 32
276 105 23
125 42 36
309 223 22
244 29 14
314 107 13
90 107 16
162 66 18
162 5 37
193 346 17
183 268 34
113 199 8
24 4 46
358 204 14
272 339 15
16 281 2
170 340 34
293 360 12
200 101 24
50 372 25
394 76 26
120 99 29
378 148 17
157 50 27
326 135 13
294 238 40
94 203 7
310 157 38
238 380 10
12 206 12
63 363 42
275 343 23
150 121 26
57 60 45
295 372 36
200 99 15
291 88 20
353 248 8
303 313 43
173 106 44
156 203 36
250 145 16
81 395 12
342 226 25
68 86 20
82 306 34
343 5 13
303 175 23
380 366 26
351 370 41
126 129 12
258 392 21
346 384 36
63 282 5
196 50 17
276 231 6
377 251 18
229 135 18
56 226 11
211 214 36
347 185 42
144 163 24
159 257 13
396 142 10
380 48 9
158 270 16
90 399 7
360 65 12
255 267 29
363 215 46
31 140 19
125 315 1
336 101 26
209 161 11
75 366 3
265 162 21
350 96 25
395 122 41
52 157 14
29 319 47
383 377 7
323 356 2
2 120 43
147 293 8
177 208 2
12 122 43
82 160 17
350 48 18
41 1 10
158 201 42
378 297 45
24 187 30
56 88 25
201 140 17
239 232 6
259 6 26
328 148 38
387 288 34
377 378 47
362 162 16
279 211 32
379 103 30
154 274 19
116 249 2
88 144 43
173 160 33
156 129 28
222 56 33
48 290 23
15 204 20
383 250 21
324 333 8
328 71 11
358 372 38
81 144 15
23 42 43
311 309 29
180 160 38
372 394 2
196 334 41
103 9 38
201 122 44
285 234 18
393 347 42
64 262 41
7 99 27
352 391 35
60 302 29
300 10 41
156 22 22
289 329 45
150 353 26
367 269 2
273 378 44
271 339 7
282 59 37
130 183 19
215 294 15
154 193 43
287 125 36
174 1 7
124 214 34
152 6 13
245 103 15
376 31 4
46 235 43
365 354 27
62 400 24
327 352 6
217 360 20
125 277 27
49 90 12
365 315 39
163 4 39
358 26 41
66 145 14
58 318 43
385 145 25
316 279 34
316 103 38
374 215 21
249 314 9
170 328 41
141 132 39
144 197 34
332 102 2
87 120 1
394 69 28
382 134 9
42 129 41
50 140 22
87 373 46
342 385 42
5 64 8
191 190 19
205 335 18
2 177 23
203 366 24
157 399 16
293 184 23
338 246 46
235 29 16
220 255 21
222 165 18
213 57 22
47 152 10
149 313 5
92 165 23
333 40 24
350 105 3
63 289 24
330 47 6
8 26 22
56 65 6
374 169 6
4 263 20
18 2 2
292 79 33
351 359 32
151 66 33
100 198 3
145 250 40
382 394 23
141 252 22
151 91 13
239 388 21
325 237 20
220 187 47
381 206 24
296 60 5
392 187 30
15 127 43
13 25 41
350 109 47
373 362 13
250 393 29
371 161 44
325 349 15
202 112 34
314 177 42
164 315 32
381 167 24
370 291 27
161 188 17
96 210 1
154 7 47
317 276 19
377 237 25
121 75 40
245 222 6
233 205 38
168 62 23
25 95 7
224 378 38
374 259 31
8 54 20
3 19 44
244 9 24
45 134 32
366 191 10
208 37 20
68 166 21
322 93 1
355 179 16
5 63 31
239 50 36
63 117 2
335 364 32
341 332 31
128 30 28
70 180 27
155 107 19
124 274 27
98 302 4
20 238 16
234 50 13
389 174 40
144 97 23
93 30 16
47 37 32
378 222 12
254 133 21
394 165 2
27 200 34
333 270 2
327 126 44
1 201 18
87 210 39
44 196 2
347 104 47
176 271 28
79 367 8
266 37 6
52 237 3
334 393 28
324 290 37
111 66 4
272 136 34
357 392 2
161 8 15
291 73 14
65 99 5
341 364 3
387 111 10
260 87 15
358 56 28
385 59 18
87 386 3
133 13 22
129 102 41
124 310 32
206 101 3
74 352 40
222 159 32
84 379 19
227 100 35
256 224 26
396 125 29
307 244 3
232 58 21
171 21 35
74 92 35
117 77 2
288 68 32
155 13 18
260 84 3
47 370 29
161 351 31
377 16 4
97 47 12
65 206 19
11 341 3
235 186 44
279 160 25
270 165 3
229 257 26
253 166 32
277 236 44
36 182 2
131 120 44
148 274 41
51 301 41
9 254 8
309 386 16
31 158 13
319 315 20
183 70 47
242 91 23
218 204 23
277 214 33
57 246 19
173 215 13
379 356 46
284 47 2
144 317 47
160 182 22
146 146 1
302 153 16
260 250 37
12 352 38
30 307 28
62 179 21
23 296 25
184 243 29
384 121 22
61 263 36
174 190 17
338 378 31
115 207 8
34 58 3
61 131 1
43 217 10
124 47 9
327 126 21
30 104 1
311 212 13
1 359 9
50 87 24
104 206 4
217 169 25
180 271 34
284 150 23
361 264 21
204 151 27
119 308 27
396 77 41
368 35 11
106 227 7
205 171 27
281 324 37
230 198 33
317 311 25
158 204 27
77 121 6
127 207 20
6 98 22
123 237 28
137 59 1
398 28 16
108 210 34
254 292 30
127 107 45
333 182 18
77 62 9
147 33 39
108 289 6
391 299 39
29 341 41
67 238 7
327 77 39
177 159 36
231 400 14
138 189 2
318 350 43
238 351 45
231 147 34
141 94 43
156 41 29
304 396 24
361 236 19
123 162 12
135 91 4
291 334 3
359 120 41
188 78 25
44 370 39
203 100 17
361 55 7
83 13 7
205 237 34
168 381 5
247 27 28
387 157 8
60 168 4
60 223 37
264 129 31
162 256 45
215 19 47
282 391 10
6 76 43
278 295 34
83 66 34
181 118 20
71 297 26
240 346 15
370 109 14
210 225 23
277 271 10
90 347 34
153 23 33
381 165 13
83 375 33
338 299 23
353 223 37
67 117 23
37 390 22
300 122 10
301 259 13
197 221 37
270 352 11
182 202 42
228 384 34
226 79 44
253 254 37
9 246 11
132 184 5
355 55 44
137 220 23
129 395 42
223 394 10
91 273 4
245 255 29
287 94 1
202 53 23
383 346 28
218 282 41
399 343 8
334 388 18
183 81 42
346 247 40
269 245 33
50 377 43
294 90 10
258 25 41
83 249 32
272 293 14
260 141 20
171 291 21
7 39 6
327 152 27
369 1 21
27 313 16
283 59 41
274 328 43
7 173 24
199 2 13
9 123 3
340 211 38
174 304 24
164 69 13
262 172 11
98 119 27
358 172 3
144 279 25
159 2 4
44 222 27
295 32 17
298 302 2
240 67 26
3 387 28
65 279 12
190 173 30
101 117 33
133 107 6
216 306 10
34 208 35
308 245 46
168 273 21
392 288 5
373 337 24
51 299 38
71 106 34
196 400 4
315 17 29
277 267 23
178 96 39
246 179 39
13 212 43
382 19 30
387 323 13
355 332 45
61 156 40
21 291 5
243 391 28
40 315 17
45 27 9
95 235 39
360 72 7
349 243 22
195 254 5
310 390 27
175 363 39
347 14 25
195 26 38
32 100 42
34 167 38
247 334 1
123 363 26
154 64 39
186 318 32
321 148 21
385 56 3
238 59 33
246 315 22
42 232 40
76 235 37
202 156 14
316 252 5
160 124 29
102 348 31
11 5 18
219 133 21
3 210 8
335 340 37
117 144 30
254 324 38
51 73 14
298 47 11
394 235 28
293 394 45
133 201 38
179 269 21
335 263 44
76 273 37
56 28 46
267 138 5
316 282 33
60 355 34
184 15 9
289 296 9
241 17 11
63 20 2
169 37 18
372 28 10
126 197 31
385 344 15
160 125 4
208 276 26
273 248 47
193 337 6
51 339 21
11 355 15
213 388 21
2 254 24
277 381 7
249 10 3
105 395 23
196 195 42
27 156 21
384 274 42
83 179 28
79 211 30
207 370 8
73 205 19
326 57 35
400 171 8
341 190 25
382 48 41
16 245 17
79 110 8
174 332 12
275 54 15
134 359 6
22 54 46
32 267 42
159 346 13
82 258 43
45 260 47
326 71 40
223 210 27
105 261 19
36 151 3
194 301 3
194 357 21
293 216 36
321 83 13
391 89 45
2 138 7
52 298 45
352 250 17
359 271 16
370 219 24
26 162 33
309 373 9
188 99 47
39 189 40
334 196 37
308 100 36
166 88 32
236 324 30
304 276 46
250 388 27
76 350 10
289 5 8
55 8 27
63 349 9
378 237 8
277 149 29
37 183 18
257 207 22
291 315 46
333 215 28
14 252 8
389 26 46
276 171 24
110 19 33
247 49 32
64 364 6
391 105 43
344 232 12
118 157 21
100 279 23
312 67 19
81 372 6
267 231 26
199 385 28
237 173 13
103 384 38
143 274 26
282 133 38
341 311 14
73 6 34
123 146 40
376 373 31
83 343 45
28 70 13
125 267 25
141 354 17
244 21 3
37 22 6
236 43 34
334 19 38
71 144 35
61 29 44
314 83 18
196 258 7
204 245 38
106 242 36
209 74 16
274 37 21
98 249 39
167 80 13
118 196 41
12 150 2
236 15 11
109 86 29
125 246 29
261 279 6
71 161 20
96 12 25
200 374 23
393 254 31
214 43 34
355 47 40
59 134 24
384 287 11
230 40 40
34 61 17
79 226 34
273 385 2
1 9 33
152 361 39
245 99 36
265 348 26
50 216 7
200 295 16
37 277 33
373 257 41
169 310 11
284 263 11
207 339 1
103 53 31
140 200 1
348 10 33
7 87 28
116 224 24
75 17 15
78 155 43
151 134 19
77 365 19
267 342 8
275 210 18
31 33 47
333 318 37
302 18 1
380 64 31
21 384 43
399 384 39
400 131 43
235 337 10
85 205 21
277 91 43
101 394 33
103 139 37
231 268 23
125 169 18
208 136 25
215 394 3
32 228 30
301 328 11
16 377 24
344 287 2
29 373 35
392 103 18
322 380 27
3 246 6
53 191 18
225 82 41
17 183 4
233 333 46
253 248 29
372 334 47
316 293 44
250 126 1
47 41 35
122 329 16
284 245 15
383 364 19
381 396 16
241 369 46
121 85 4
339 400 17
5 121 9
123 60 42
70 215 29
293 261 31
373 366 8
94 88 3
118 211 26
131 118 33
161 274 27
349 223 47
90 64 43
9 319 36
285 99 7
77 182 7
94 314 13
292 164 5
18 121 19
39 217 23
276 96 2
222 379 34
147 5 40
64 108 1
325 264 30
394 9 28
127 298 7
389 273 15
240 88 1
283 157 33
381 114 32
172 128 23
372 71 5
121 107 14
356 337 36
235 144 33
274 211 34
38 33 25
71 247 44
184 118 9
40 380 11
52 372 33
309 171 9
183 166 15
115 252 3
307 205 41
250 343 25
16 147 24
383 194 23
315 202 24
15 294 47
179 182 33
394 389 41
308 200 21
308 100 31
104 30 12
350 38 44
119 377 15
271 98 40
378 285 22
286 137 28
144 366 6
298 289 1
371 300 20
186 115 5
69 53 30
50 159 11
5 189 3
50 170 15
349 258 45
351 377 22
88 199 27
67 183 33
26 267 2
224 39 20
377 231 29
184 262 18
327 332 2
325 312 12
115 44 24
155 280 17
146 363 20
371 48 29
364 183 16
45 79 1
75 329 41
257 378 45
121 204 10
262 164 26
347 169 13
181 138 9
238 176 28
58 125 12
69 347 19
112 395 30
156 284 47
209 263 31
147 226 17
218 268 1
44 275 16
305 115 11
37 171 27
45 250 45
383 22 15
17 41 12
160 233 4
105 14 4
166 58 44
33 310 41
275 214 31
310 224 9
347 141 17
128 260 46
204 140 42
258 95 3
352 235 39
206 247 23
385 270 25
111 147 12
115 94 26
76 18 40
370 158 29
212 76 11
195 302 29
226 10 34
345 202 25
209 268 38
17 348 23
377 345 42
87 265 18
326 299 31
170 113 33
61 19 30
42 290 42
78 196 29
159 193 11
319 100 41
377 25 33
185 330 45
102 23 45
185 106 30
271 277 38
186 29 44
274 294 25
320 170 10
330 131 7
253 191 45
149 91 39
139 102 30
36 207 42
9 45 28
11 353 30
389 364 10
75 79 6
364 182 9
24 115 40
6 1 21
80 277 5
147 352 9
221 12 8
185 160 6
317 19 15
86 170 17
389 308 29
358 119 45
240 271 29
279 162 40
138 139 19
345 149 27
151 87 10
65 13 22
317 12 30
245 10 17
287 326 15
370 105 44
189 381 40
115 202 26
381 365 23
212 371 4
377 212 32
332 223 39
39 15 31
238 319 34
335 183 13
92 194 2
276 241 40
277 65 25
94 115 45
234 136 43
315 396 14
75 32 44
369 295 25
330 42 29
29 119 30
100 244 40
29 210 43
92 57 18
376 368 26
258 58 12
242 127 23
170 327 1
216 64 26
45 119 25
274 155 40
74 41 41
56 284 28
42 271 25
123 377 12
60 17 35
236 125 21
223 201 9
330 131 20
179 242 12
237 72 42
312 44 3
281 376 42
104 101 13
1 339 42
297 157 10
74 242 3
172 185 9
228 290 44
13 306 45
97 277 16
357 231 39
4 57 19
28 223 16
83 280 30
133 267 47
224 162 24
53 260 37
218 352 9
125 75 34
272 304 9
284 383 20
167 207 30
304 271 15
198 109 25
85 1 9
183 386 17
239 28 18
234 115 8
363 175 4
202 259 42
202 11 14
63 68 39
117 110 47
172 279 33
234 398 43
313 263 30
321 36 45
29 8 24
202 348 7
309 184 3
132 201 3
373 284 10
136 286 25
121 225 36
393 181 32
21 238 39
137 332 8
107 337 39
243 278 31
5 235 44
121 246 7
355 96 2
371 63 4
88 20 44
27 211 40
78 213 24
278 78 27
73 2 23
325 263 44
244 218 25
169 313 31
316 343 14
233 59 36
232 211 11
33 184 43
215 96 8
104 336 34
296 221 13
203 293 42
44 134 4
62 68 42
4 188 22
206 31 29
338 66 18
296 188 12
135 121 39
29 41 28
142 360 37
12 392 27
123 191 39
180 297 9
202 109 24
51 101 35
76 65 41
51 205 23
370 185 19
133 353 27
116 124 11
138 110 37
361 284 26
53 363 19
315 27 32
115 340 13
178 233 15
174 183 2
166 84 15
295 355 7
125 101 43
295 139 17
219 194 44
37 87 23
243 75 22
252 105 23
53 198 9
250 281 16
9 356 1
208 51 11
400 127 14
261 199 40
99 76 5
78 139 1
180 17 33
222 115 15
386 143 14
366 176 9
365 299 25
148 301 9
53 160 28
135 383 7
277 31 38
101 305 13
38 140 30
291 309 27
79 109 9
120 325 7
60 22 20
374 346 18
162 318 43
143 16 7
396 227 33
119 54 11
194 17 16
358 49 21
35 293 11
115 172 2
377 228 43
211 212 45
196 116 22
222 246 11
232 55 15
71 261 19
262 220 40
42 344 36
199 166 29
304 119 36
252 265 3
79 234 14
115 175 19
48 26 27
60 8 5
30 122 39
2 263 6
34 212 8
72 40 10
356 346 35
33 6 13
300 295 29
396 98 41
36 179 18
320 259 22
31 127 31
177 291 30
354 151 39
152 73 45
222 79 30
23 217 26
36 70 29
208 94 1
34 90 32
92 82 32
353 379 37
82 91 6
370 251 35
6 235 12
10 394 25
190 300 32
84 219 42
119 222 42
76 125 2
309 138 3
2 210 21
208 141 32
276 388 40
82 102 2
71 261 41
162 122 37
141 150 7
356 205 19
258 367 13
64 396 31
11 80 1
385 388 19
128 320 26
126 202 20
107 193 11
269 339 10
15 391 16
186 72 37
244 372 33
242 309 29
233 171 37
87 110 37
393 216 37
171 389 45
12 115 16
318 345 44
5 244 40
302 373 29
246 36 20
265 183 15
264 249 32
358 70 14
171 234 7
223 124 13
191 35 34
143 305 14
123 43 33
38 261 23
22 309 26
277 347 13
365 311 2
192 319 18
2 282 6
398 66 23
35 229 47
43 138 32
281 398 33
27 37 46
21 297 11
391 118 21
184 161 38
154 26 26
165 38 37
324 343 16
122 99 12
274 385 47
44 164 18
264 313 18
287 9 5
129 348 11
328 268 27
173 263 27
370 316 14
65 170 11
273 388 29
134 274 47
26 151 8
392 289 7
12 97 26
42 315 7
306 94 30
81 18 43
245 383 21
339 216 30
222 8 3
175 17 47
204 75 16
149 216 46
147 367 15
169 165 14
119 244 3
275 358 12
1 90 45
301 249 18
257 70 12
192 348 43
381 330 26
50 332 3
18 156 20
157 292 33
142 391 36
194 185 23
257 275 39
277 298 8
22 273 31
231 291 40
77 226 28
344 72 47
216 115 18
137 146 17
320 127 28
15 238 39
332 67 1
163 362 33
13 150 47
35 373 32
316 170 38
183 113 37
56 239 7
229 60 4
85 117 20
109 95 16
290 372 39
42 284 7
274 383 31
397 113 43
136 230 11
216 226 10
342 319 1
322 322 11
317 387 45
112 394 28
170 379 8
358 296 8
141 76 45
300 301 17
385 189 15
273 370 22
243 316 37
74 19 29
266 296 47
178 193 19
150 306 34
60 92 1
221 101 18
16 101 10
349 112 3
34 385 11
192 5 4
163 74 37
155 337 40
97 72 20
48 149 33
207 153 6
392 93 30
202 49 2
81 183 35
52 233 22
272 313 22
159 75 26
188 17 32
383 323 7
268 307 20
21 324 19
136 164 8
193 245 35
207 181 46
84 167 40
132 271 6
106 189 42
364 21 14
78 67 30
284 311 11
78 197 2
199 307 7
185 54 38
194 68 35
106 191 9
232 361 31
13 368 24
356 202 41
142 366 34
316 5 46
144 136 47
340 308 37
345 257 36
151 125 10
24 352 23
161 71 21
293 335 7
51 166 7
383 174 46
145 324 30
5 153 44
241 244 24
86 124 3
227 212 3
41 335 3
211 172 28
82 165 40
282 327 40
308 78 31
279 135 8
116 84 37
275 379 39
213 22 42
8 336 3
230 272 38
21 367 28
8 94 23
88 124 35
71 107 45
335 164 21
210 307 9
326 23 3
235 108 3
288 149 30
329 39 18
336 69 26
75 26 10
178 187 26
388 54 33
303 300 10
381 276 31
277 284 25
351 242 15
287 135 42
367 99 37
245 115 47
40 314 42
71 396 34
248 10 13
171 82 11
350 314 46
123 159 19
326 228 39
158 340 43
213 86 37
120 198 40
333 11 33
143 173 4
53 95 32
98 144 8
332 43 40
99 139 3
108 213 13
79 166 39
27 170 1
373 116 33
187 340 21
202 61 31
152 262 6
302 58 9
188 152 14
126 95 30
37 9 21
192 145 12
49 317 12
32 56 24
133 88 12
90 23 31
66 255 36
256 144 37
269 210 39
278 100 21
60 136 36
273 27 43
68 106 8
50 25 6
116 39 7
221 236 3
93 255 27
104 197 13
87 172 39
165 279 25
82 44 17
300 351 35
261 272 1
259 185 6
61 6 45
398 284 14
342 379 45
320 202 4
127 180 35
83 160 16
198 237 3
347 147 36
129 141 32
84 262 43
140 134 47
30 184 31
226 313 19
400 160 8
277 306 9
39 149 39
332 113 14
308 293 14
214 317 12
174 210 22
232 393 22
144 256 25
164 84 10
239 98 2
276 395 18
116 303 47
396 229 36
375 298 29
142 178 17
184 182 43
15 123 23
74 295 46
96 361 34
389 363 45
139 176 24
355 18 16
230 238 31
164 29 10
135 221 27
141 190 4
205 158 20
173 329 31
46 350 16
262 169 2
287 279 30
179 27 24
174 160 3
40 17 3
362 97 23
61 51 23
391 169 27
3 64 37
146 288 17
301 77 35
268 157 43
12 291 20
57 332 47
151 202 7
166 289 15
21 308 37
87 120 27
201 12 23
195 328 28
150 229 13
216 50 14
104 316 41
203 370 36
222 27 42
21 193 27
197 275 44
300 38 20
337 245 46
265 76 28
382 125 30
378 196 33
374 241 23
398 100 9
266 68 15
137 126 25
185 293 22
177 221 44
240 216 7
244 192 5
296 188 28
15 157 33
186 361 29
260 124 18
100 105 44
265 122 40
149 155 37
227 96 34
311 140 10
81 317 2
399 310 31
28 48 38
234 242 12
37 332 34
336 357 41
79 56 1
208 139 5
371 207 31
275 178 47
151 224 35
239 340 12
29 221 15
8 142 42
393 158 26
396 330 8
394 206 31
316 331 44
340 64 42
135 361 44
69 115 35
375 33 17
120 323 22
310 315 24
2 58 12
202 273 13
171 316 45
387 149 29
231 247 35
253 335 32
242 213 6
127 298 16
253 59 13
158 289 1
142 39 40
286 252 19
137 238 20
331 40 32
28 295 24
170 256 18
227 196 43
393 394 5
217 165 23
115 383 30
72 68 3
233 345 27
320 377 2
30 92 28
212 218 11
76 245 41
348 353 9
303 183 12
80 24 37
335 385 2
331 253 4
338 353 30
99 167 28
57 394 46
374 309 30
326 251 5
203 343 36
334 45 7
247 8 40
49 37 17
129 93 31
272 262 24
293 126 46
141 55 46
293 280 39
134 364 34
319 194 12
259 372 21
65 76 36
123 322 46
328 34 6
94 325 12
300 55 26
32 375 33
341 256 26
147 221 25
276 191 34
303 15 18
211 98 39
51 51 4
110 198 9
47 206 12
115 183 47
103 277 40
308 76 27
176 27 47
142 229 28
135 73 2
185 308 27
231 263 31
236 183 21
205 181 36
60 353 4
90 282 35
193 4 25
164 285 5
53 87 6
248 294 6
386 382 21
168 365 45
22 346 14
327 57 26
153 87 47
381 32 1
273 205 29
268 65 39
241 89 30
380 142 7
393 23 9
364 313 13
340 122 22
141 203 7
374 80 36
331 326 4
25 124 41
295 256 19
226 253 27
86 73 11
256 222 18
342 101 8
400 258 30
182 257 15
347 262 22
239 388 11
111 300 40
9 331 13
151 21 8
179 248 25
15 134 4
377 185 13
258 126 42
68 170 23
132 81 20
232 337 5
61 324 21
350 337 45
105 265 15
241 152 11
312 157 40
239 280 13
379 23 43
273 201 3
289 390 23
53 114 13
166 316 12
325 17 43
194 79 24
275 393 29
91 331 40
334 11 40
181 139 39
2 314 20
2 250 2
260 352 33
49 51 3
145 159 12
367 256 42
231 111 4
66 88 45
355 291 39
7 324 35
338 36 34
173 253 23
94 255 25
355 253 44
398 369 12
396 397 9
98 245 31
25 212 13
7 329 23
359 272 19
90 277 2
93 219 3
240 145 40
259 278 18
381 221 29
329 192 21
197 311 33
368 205 24
182 382 33
80 370 17
296 346 7
316 265 24
91 318 24
32 139 23
11 207 38
171 392 7
273 334 35
333 230 32
339 65 23
109 258 22
198 26 32
16 38 5
314 332 47
369 87 29
78 110 21
338 195 5
214 27 40
74 11 8
200 5 4
320 13 30
98 124 20
73 246 46
345 175 30
368 91 37
200 147 18
147 342 37
380 245 27
108 189 38
337 16 20
44 371 42
265 13 13
135 63 29
109 73 21
197 176 13
42 34 44
311 65 25
354 320 8
307 195 10
185 25 46
187 87 31
291 302 17
117 59 39
343 367 30
57 227 39
389 18 33
357 380 4
359 193 41
91 197 33
9 184 22
251 282 9
349 177 9
283 265 16
170 89 42
301 53 10
34 250 36
46 186 32
272 254 26
289 373 24
123 327 47
247 6 2
89 323 42
76 41 37
298 344 25
253 141 41
82 342 12
291 143 47
116 310 45
38 270 16
73 45 29
281 79 37
154 63 42
292 88 32
377 144 17
156 332 41
347 23 27
284 87 5
339 355 15
122 359 46
60 260 9
23 205 9
65 90 19
177 83 5
134 267 38
85 60 24
249 375 23
362 289 33
336 91 1
122 261 42
160 347 11
12 68 19
30 179 8
36 230 20
121 312 33
387 183 40
390 213 37
173 228 17
229 373 39
315 189 42
383 213 15
351 68 44
131 99 37
179 390 9
332 391 10
186 154 41
262 7 22
211 154 1
58 370 42
328 95 12
304 259 11
278 111 8
334 285 24
33 384 20
296 110 47
262 248 5
113 111 34
241 141 33
282 283 42
203 176 37
66 176 4
383 268 15
261 163 34
193 352 45
397 238 16
231 96 46
113 131 45
101 141 26
104 167 12
6 87 47
62 328 43
292 253 37
352 80 12
311 258 19
78 48 46
244 320 25
316 318 47
345 28 1
218 243 36
39 32 44
157 212 20
360 397 36
127 377 29
115 109 40
73 290 42
23 54 42
377 361 35
143 207 5
217 292 35
255 355 39
285 227 22
34 199 43
36 300 29
226 356 46
306 61 32
25 103 18
299 118 32
193 130 27
270 99 18
318 70 27
244 288 38
55 346 17
203 154 29
72 365 43
206 110 13
167 116 3
128 254 26
235 253 2
7 60 35
293 320 21
140 341 11
277 38 33
346 364 15
104 161 24
128 246 46
254 61 17
324 69 4
362 193 5
109 268 32
154 279 17
22 382 35
316 128 26
54 282 46
354 179 41
230 278 12
27 168 1
24 188 19
278 100 46
110 361 46
220 368 7
342 92 41
378 305 12
210 308 39
89 243 42
103 193 6
127 215 9
153 130 35
164 354 18
52 184 10
233 230 29
1 21 3
86 137 7
218 42 32
273 281 9
313 83 8
63 295 16
38 246 35
280 220 33
114 85 20
136 68 42
215 89 3
225 25 33
29 282 47
87 130 42
192 307 25
48 336 37
322 66 37
201 132 22
392 156 16
58 212 8
213 13 36
125 349 23
275 38 13
24 59 6
158 25 5
201 197 23
362 43 32
41 193 2
230 78 16
368 83 28
161 105 17
378 105 47
246 43 3
328 116 3
12 242 40
285 91 42
213 292 2
208 275 13
343 229 25
299 273 7
237 29 26
139 289 4
355 71 20
163 47 12
383 237 10
302 281 5
181 246 9
16 163 23
377 126 27
67 15 16
103 246 8
148 281 46
209 383 34
250 334 2
150 106 19
162 132 43
189 17 43
2 367 2
211 165 37
289 16 20
50 333 33
173 19 39
107 332 20
103 125 25
198 314 47
328 279 23
206 131 36
37 45 13
321 32 35
179 325 37
321 56 31
197 12 5
174 324 44
158 119 38
198 78 37
193 216 46
295 352 19
174 265 47
150 203 24
248 154 16
327 74 16
369 28 30
106 227 19
374 199 35
276 189 14
255 223 44
159 191 47
314 41 1
331 396 47
156 190 19
25 16 6
181 394 39
215 184 20
159 303 39
216 170 21
149 312 23
198 310 36
164 65 33
291 54 28
329 181 40
184 211 2
383 227 22
344 329 5
181 247 1
351 121 2
390 333 34
9 87 2
337 39 5
321 305 31
66 158 21
148 72 28
230 301 47
211 71 44
46 16 44
345 23 5
78 110 34
26 29 9
281 296 41
228 277 46
218 202 36
55 211 37
297 374 16
353 13 2
254 341 31
251 157 15
217 22 17
226 265 18
346 230 3
97 259 43
73 22 26
280 355 43
216 189 18
341 303 13
98 74 18
339 130 15
140 115 16
67 275 39
165 261 25
219 199 5
74 398 33
368 225 34
114 188 19
389 235 45
90 102 18
17 123 19
180 314 21
28 112 30
296 259 13
148 30 30
13 373 4
309 196 16
82 31 36
328 323 34
364 330 32
3 261 25
175 254 20
212 118 3
248 55 33
166 205 44
291 320 42
22 218 15
290 140 26
311 128 10
132 221 32
265 95 29
284 178 16
169 376 43
240 260 23
307 285 5
294 42 40
152 17 25
145 175 46
106 357 46
388 248 27
343 12 10
275 131 13
23 286 10
50 187 47
8 225 5
188 134 30
380 255 34
134 281 22
123 210 21
284 295 3
55 90 14
359 74 47
40 82 44
130 116 33
184 381 45
58 400 44
237 129 7
363 387 37
93 54 4
284 192 11
157 157 24
15 22 28
330 360 27
302 378 25
290 261 36
190 146 45
346 2 7
238 111 35
295 179 24
142 109 43
191 318 26
297 283 13
148 102 29
289 70 1
398 260 5
132 78 17
157 65 35
384 268 24
144 262 3
115 97 47
333 243 38
321 386 28
269 225 7
95 308 32
366 333 15
236 218 9
255 236 30
155 350 43
122 244 40
361 390 23
363 81 23
86 61 34
328 334 36
138 363 13
76 400 40
161 310 3
41 291 36
42 155 33
50 261 14
356 186 24
56 15 12
181 267 12
64 224 5
272 396 18
343 201 21
310 102 28
283 123 35
36 107 10
271 256 5
31 279 38
320 2 2
368 182 20
208 346 16
230 388 20
146 349 15
220 311 38
295 270 19
316 230 36
41 281 34
227 268 38
331 28 44
126 263 9
109 34 1
183 203 2
220 221 29
225 311 14
57 252 34
156 293 34
173 247 19
349 144 37
253 253 3
352 249 25
381 47 42
303 387 47
370 368 43
50 203 12
184 7 25
186 344 7
84 51 41
352 91 5
109 368 38
84 134 40
82 72 47
356 252 28
202 144 19
289 261 28
389 221 25
157 237 34
56 333 34
319 288 15
68 329 4
381 363 27
5 354 12
73 143 2
257 166 29
220 172 23
267 301 29
118 226 6
166 173 37
327 51 33
346 117 14
63 129 21
95 325 9
64 393 45
4 56 26
237 223 29
12 267 42
54 57 12
76 44 35
44 318 34
172 224 3
6 20 28
46 236 45
261 109 22
395 153 45
153 173 34
5 100 33
200 303 18
165 378 32
175 96 22
186 328 43
260 273 46
209 214 8
44 1 22
113 281 8
385 57 25
39 32 7
238 305 35
350 352 27
30 241 5
318 232 8
216 264 45
262 19 24
167 112 35
344 229 21
379 299 9
184 156 11
43 331 7
180 228 9
194 292 47
37 42 25
198 175 19
225 2 25
231 309 27
255 5 4
255 331 34
173 20 7
262 152 38
345 323 9
270 284 1
96 93 34
131 160 9
95 194 42
146 28 11
302 45 40
186 128 33
253 92 17
268 211 17
189 337 27
291 69 41
305 221 10
319 290 24
252 164 7
230 4 18
77 154 38
179 196 19
298 390 40
38 137 10
174 296 44
97 164 45
229 271 24
105 325 9
192 183 7
91 396 47
130 283 32
156 158 37
173 259 29
82 108 37
364 67 44
398 268 45
40 101 45
172 50 15
311 58 40
234 13 5
44 63 14
159 82 47
330 182 10
146 54 11
105 315 22
138 119 17
112 137 13
259 240 11
221 276 34
162 120 1
192 236 23
211 371 16
339 20 24
282 272 11
181 139 39
386 159 9
244 244 4
397 145 8
199 123 1
117 218 33
48 311 14
355 398 15
102 165 18
354 140 20
321 270 15
373 287 46
354 377 21
84 273 31
130 341 3
266 127 24
351 90 18
348 246 32
398 400 30
303 341 39
42 334 19
201 104 14
49 252 4
139 156 13
4 305 44
18 221 32
136 214 47
121 225 24
79 112 46
254 188 36
261 367 40
150 354 36
102 9 44
319 279 46
345 207 26
62 227 10
193 8 21
182 70 17
242 215 24
167 372 4
263 347 22
351 315 16
118 4 45
20 161 30
337 193 6
300 294 12
141 69 8
9 165 33
97 254 29
187 36 25
360 128 14
389 372 1
171 192 31
281 215 41
333 49 17
276 333 31
123 145 39
303 133 17
351 193 29
342 383 30
338 46 8
147 31 27
166 396 40
17 154 22
237 226 47
87 221 45
353 314 46
155 42 1
232 65 47
176 124 21
20 202 41
54 208 8
70 180 6
203 164 23
148 303 45
391 367 15
20 248 25
381 120 3
97 332 2
180 232 11
264 376 42
234 244 28
325 123 1
339 225 25
328 368 28
290 110 10
23 224 3
269 350 42
325 11 26
321 215 11
43 252 24
291 177 14
41 183 31
67 129 36
156 2 15
392 58 23
43 143 3
188 206 31
370 264 23
243 297 18
70 3 10
76 233 2
390 60 8
166 346 14
47 197 27
357 288 14
203 68 12
13 267 5
295 271 20
60 103 35
332 214 33
324 395 18
20 50 28
381 260 37
255 56 7
316 149 12
283 32 36
262 345 2
367 78 10
285 290 27
50 353 33
14 325 47
209 212 4
337 76 3
254 289 1
22 42 9
372 221 32
355 136 37
89 38 31
397 145 27
319 106 39
122 348 18
273 318 5
296 257 3
356 176 1
367 112 22
344 384 28
69 25 1
246 198 25
29 94 13
201 383 26
150 198 43
253 315 3
41 242 27
180 283 45
179 107 22
242 186 37
8 294 37
90 226 44
64 305 13
186 366 12
187 2 45
171 272 29
380 218 5
53 385 23
322 31 24
395 45 25
117 138 2
273 316 15
301 133 6
376 214 18
182 341 42
234 166 39
81 234 47
61 290 18
38 41 46
270 149 24
277 67 15
317 378 41
45 352 41
360 147 27
334 66 46
198 293 16
124 83 3
255 132 39
195 223 13
90 84 24
343 328 26
284 227 39
75 11 13
295 337 28
60 267 40
398 46 4
235 183 1
337 273 7
301 96 17
75 106 9
387 81 28
391 358 43
383 121 36
343 277 27
295 217 8
329 238 45
268 273 3
286 67 25
286 202 25
240 193 38
340 69 33
122 161 14
293 180 35
172 17 9
385 187 40
53 68 47
68 153 45
370 350 21
379 385 35
86 100 4
188 309 42
309 318 7
97 282 43
103 323 44
157 160 3
178 110 45
370 269 19
52 199 18
67 20 1
373 125 24
291 183 26
196 112 26
8 164 17
225 215 23
190 139 36
174 292 17
122 76 8
8 51 8
145 23 16
199 210 32
357 318 18
230 387 5
343 60 11
395 316 30
264 35 42
400 358 24
118 102 39
384 164 10
310 28 16
92 352 43
399 71 22
221 289 39
292 168 15
24 104 36
247 112 13
20 305 11
282 124 37
19 315 35
324 140 25
233 79 25
16 180 36
360 32 47
200 277 39
39 11 12
34 208 45
7 328 1
243 145 7
304 116 40
339 187 11
189 223 23
196 399 43
99 273 47
148 230 15
208 206 29
139 38 1
360 254 22
258 339 15
171 311 10
35 348 8
342 102 39
125 313 27
118 190 35
5 252 14
316 26 47
191 72 14
316 75 24
315 268 39
198 101 32
198 339 14
329 384 6
306 307 43
104 102 45
134 85 37
61 181 29
43 76 14
50 365 44
191 214 6
327 354 16
117 377 37
142 118 20
62 302 7
22 222 13
385 67 37
123 203 47
396 53 35
304 112 43
121 106 1
355 231 1
130 46 25
179 229 32
304 22 5
182 295 9
394 10 17
274 269 1
11 151 15
10 231 17
28 6 10
84 89 36
99 48 46
20 369 15
172 335 1
320 50 9
125 217 28
270 92 18
38 25 15
312 140 13
32 381 26
206 395 32
221 363 22
359 366 4
346 311 1
335 358 40
222 282 18
18 66 24
242 69 27
390 80 43
290 135 8
165 272 31
180 19 13
76 311 15
249 283 7
104 354 26
267 333 21
162 75 37
26 156 40
386 286 21
17 109 24
283 68 20
335 207 43
366 361 29
34 52 22
283 126 5
116 150 27
61 78 33
353 274 9
394 245 26
281 378 9
106 80 43
381 130 46
297 252 31
329 353 34
160 123 42
155 246 16
368 250 8
193 223 37
237 353 37
313 231 7
302 286 44
183 67 3
360 87 15
221 260 24
382 346 7
235 221 27
269 23 16
281 218 2
83 267 40
43 137 24
231 331 43
337 335 13
340 123 36
314 46 19
207 280 28
171 289 24
5 193 29
76 115 16
131 65 46
198 395 23
52 225 45
266 253 40
195 177 33
148 158 36
136 63 26
291 225 18
261 388 27
140 151 17
16 221 14
250 81 2
365 24 36
362 31 4
293 276 38
157 12 43
66 54 27
4 186 14
231 300 29
346 33 21
393 384 35
274 174 20
257 165 27
379 280 3
17 149 36
391 330 2
158 200 7
204 56 17
179 313 6
97 64 5
104 280 27
308 246 33
393 177 15
349 85 34
100 43 10
357 370 22
246 12 10
307 186 46
377 340 38
366 186 22
166 115 19
273 375 23
57 37 3
231 215 35
1 140 5
313 76 14
350 374 29
2 373 6
94 224 33
78 1 25
27 260 19
283 120 33
171 232 15
216 102 15
366 351 10
143 188 45
171 260 11
142 58 44
398 247 38
70 55 33
394 228 28
317 218 21
394 22 33
241 305 30
389 71 34
36 268 23
306 154 22
370 249 28
355 355 15
136 58 42
392 146 26
223 62 26
41 99 42
375 358 8
138 89 29
261 141 36
279 360 9
347 372 24
352 345 26
196 20 22
5 309 30
17 134 12
395 16 4
185 110 43
306 301 6
200 13 27
189 288 23
300 400 41
270 297 20
369 46 25
245 199 30
122 166 40
18 120 35
327 359 29
64 254 15
330 185 21
38 362 26
189 132 18
236 343 20
64 358 30
58 400 10
388 306 43
253 186 3
210 273 38
243 219 22
226 113 45
379 162 9
239 264 11
31 68 35
207 239 25
56 272 5
342 355 14
246 270 35
307 70 16
113 342 36
218 77 42
325 101 31
220 50 41
370 149 42
150 326 6
394 248 29
251 270 13
52 39 1
227 306 32
4 394 46
4 282 45
123 230 44
129 74 9
313 228 32
83 280 8
147 377 27
260 134 10
351 174 31
141 250 19
183 291 31
31 302 22
250 394 42
311 26 39
149 272 13
348 130 15
261 274 47
377 275 39
136 282 6
129 93 38
134 340 7
317 37 43
56 308 4
187 400 4
219 244 44
234 96 20
56 242 14
288 271 34
301 195 3
228 315 24
351 256 8
48 71 9
225 310 20
281 397 12
110 370 3
383 305 40
61 255 16
209 395 17
103 68 33
243 159 4
344 181 29
7 228 14
382 118 27
78 289 17
3 205 44
125 26 1
144 32 34
35 123 13
223 78 41
181 275 22
289 214 14
48 361 6
300 149 41
210 29 12
167 115 40
317 239 34
176 235 26
92 261 19
108 149 18
212 108 37
70 38 7
268 397 29
344 156 15
7 99 19
40 277 45
250 193 31
179 57 40
344 138 42
25 296 31
91 289 4
126 261 32
161 382 22
119 15 44
191 216 4
234 96 9
34 193 30
261 92 43
175 395 11
315 74 14
5 387 44
240 79 21
167 65 24
236 343 28
334 337 44
164 192 33
25 55 8
244 316 27
315 139 30
78 342 41
88 112 2
148 256 24
71 161 16
322 351 37
232 212 43
1 257 47
208 226 30
142 264 45
238 319 45
352 88 14
125 311 41
288 7 5
327 231 6
128 92 42
54 240 4
3 269 28
208 58 13
38 317 14
235 99 6
160 318 24
253 256 26
101 169 9
283 305 30
389 360 27
112 55 25
171 76 1
261 274 9
371 109 45
78 124 9
389 348 21
385 203 34
356 273 20
16 85 29
178 315 47
299 135 25
287 67 45
276 363 6
315 343 34
254 97 39
64 239 12
301 53 27
20 261 18
281 121 10
9 282 12
354 355 23
296 329 24
234 348 38
41 222 39
185 195 31
220 170 47
311 371 25
346 233 46
272 392 22
375 397 6
6 297 38
187 62 42
266 223 29
315 44 19
305 53 35
150 279 44
182 300 27
39 75 42
350 78 44
49 74 3
349 175 37
112 250 4
206 92 36
133 153 26
106 130 5
194 118 44
49 389 23
132 358 13
301 393 20
185 304 30
77 349 8
365 37 2
89 294 25
194 212 18
103 332 27
139 36 13
327 197 1
14 327 3
391 233 24
317 212 9
133 129 31
113 260 35
238 196 16
261 103 22
187 272 4
325 103 5
125 108 37
164 67 35
15 328 14
398 348 32
63 327 10
130 173 21
64 289 30
312 257 43
270 226 5
101 7 12
273 146 2
264 330 16
302 387 28
222 86 7
381 339 32
360 44 34
85 352 39
289 179 37
116 308 24
294 207 28
232 286 2
234 188 31
57 41 42
108 90 46
126 224 44
365 240 25
376 40 21
70 337 6
231 151 38
366 366 43
232 211 14
353 51 28
117 229 29
284 343 7
38 271 21
364 236 23
349 292 42
104 168 6
5 353 28
78 192 17
203 385 44
220 385 37
325 178 47
78 201 31
92 323 47
181 212 31
381 267 9
21 174 24
18 157 20
291 322 20
157 162 45
7 71 23
76 76 7
363 291 47
331 141 35
306 214 3
255 239 6
175 89 7
281 39 17
152 118 15
199 31 27
250 397 13
172 202 18
314 307 40
396 36 29
162 373 23
145 168 42
247 91 45
126 75 3
128 70 33
291 238 32
213 99 22
175 380 44
396 383 28
89 324 9
91 106 15
44 374 47
370 145 36
172 78 26
7 193 11
353 110 36
102 239 23
86 359 3
267 38 6
391 265 9
226 34 25
6 34 41
241 193 28
249 6 13
135 385 45
67 172 31
184 192 21
229 263 9
137 113 40
312 33 43
257 5 26
355 123 12
376 356 41
327 309 38
391 140 45
136 40 12
45 267 42
315 182 34
328 252 24
6 140 21
137 94 42
204 250 36
238 284 42
139 256 33
360 14 10
395 122 29
350 380 20
129 23 22
83 352 10
149 36 19
51 51 8
326 171 27
373 377 20
228 84 11
101 221 36
245 137 44
322 240 26
96 239 11
233 372 2
13 119 39
287 301 18
302 274 23
30 333 1
46 357 1
278 81 41
121 111 7
209 225 19
364 374 46
123 339 13
14 257 19
137 246 8
148 66 33
238 45 24
225 367 29
56 164 7
82 154 11
93 184 35
59 11 18
358 178 26
70 229 9
363 11 38
192 277 20
96 48 9
33 277 13
191 141 28
174 102 33
269 214 20
366 274 35
101 95 28
400 399 41
45 107 42
180 369 17
84 356 25
102 164 5
195 208 43
192 251 2
205 320 23
6 154 25
24 228 38
106 31 38
91 299 28
213 185 7
318 30 24
335 31 35
288 243 42
87 110 18
338 379 6
1 251 14
393 254 28
232 262 9
262 290 9
97 254 2
207 221 27
349 49 44
306 52 46
89 331 22
392 319 12
71 215 5
342 272 36
226 31 17
3 129 1
111 205 32
145 149 15
264 262 39
179 345 42
48 92 9
167 98 47
396 146 10
398 140 43
87 300 44
286 331 36
118 363 42
37 340 43
1 367 26
239 77 40
229 387 45
334 268 41
2 367 29
103 330 35
249 107 13
51 93 9
142 108 22
30 391 18
128 92 21
362 231 34
308 111 16
226 149 39
228 70 9
51 179 26
174 338 44
318 296 3
81 308 12
279 260 18
15 216 20
294 111 28
212 281 30
232 313 37
265 163 45
92 42 35
35 284 39
310 331 16
308 58 47
376 348 43
59 32 22
239 349 6
205 96 35
397 137 35
342 379 43
28 200 1
209 10 24
35 334 36
325 344 21
357 380 32
45 23 44
54 256 42
306 339 3
197 345 47
159 211 32
62 42 32
359 135 46
301 352 31
38 99 10
274 142 3
341 175 2
294 44 29
331 349 23
373 240 26
208 354 21
140 289 11
70 232 34
245 230 23
307 225 29
154 367 13
319 354 41
108 197 43
321 107 31
251 133 22
235 178 13
293 148 13
140 109 25
171 251 27
10 285 27
21 396 46
159 314 22
67 214 30
303 223 2
44 313 9
400 249 39
88 331 11
107 117 37
23 323 30
162 262 29
314 76 13
166 211 39
73 281 16
226 284 7
68 52 6
223 379 8
283 96 14
257 373 29
221 355 6
62 121 36
178 221 26
322 109 9
390 358 27
263 317 12
139 75 18
168 206 2
60 221 19
235 161 46
395 156 22
129 172 39
386 335 6
136 332 25
349 156 41
320 310 3
279 359 14
296 142 24
360 199 26
372 386 19
176 236 29
60 201 5
360 47 5
232 192 27
124 321 20
336 263 20
357 373 32
224 380 42
195 206 37
240 156 29
47 33 1
88 55 40
280 254 17
379 323 25
6 247 29
158 242 15
344 127 20
256 102 22
70 100 40
128 5 46
394 235 46
50 206 27
177 262 1
76 59 8
198 38 34
263 229 15
370 137 5
53 11 6
193 3 5
254 266 34
373 114 33
371 114 8
53 306 5
274 70 29
110 75 43
237 391 14
378 38 29
83 337 4
242 111 30
367 251 35
284 95 1
90 379 41
247 244 24
259 46 29
291 301 3
147 329 1
386 239 47
348 139 42
135 278 2
218 282 1
235 194 16
346 177 3
96 153 35
350 254 30
302 393 26
377 219 13
66 348 40
120 107 10
108 89 22
131 204 46
224 116 21
100 133 47
256 21 6
399 282 45
60 239 41
105 322 5
203 244 26
89 296 29
386 351 3
400 7 29
143 46 27
101 280 18
290 45 24
101 34 8
198 335 36
216 364 22
93 15 23
298 116 6
42 276 45
66 259 6
253 357 12
102 286 30
35 55 13
244 180 3
349 261 12
61 22 24
170 273 17
208 291 7
400 364 6
391 383 47
184 322 12
20 64 19
66 304 3
241 108 3
115 300 24
176 294 46
367 321 33
235 246 26
292 137 29
169 198 18
110 103 23
138 113 15
26 324 28
240 134 42
108 193 10
87 88 34
98 44 15
145 261 27
316 258 9
345 217 32
235 398 10
39 311 35
267 84 8
87 284 46
85 367 1
77 298 18
275 298 9
310 116 26
140 79 39
288 155 27
210 67 37
188 154 9
267 205 18
76 195 44
97 97 10
286 349 9
95 278 4
118 107 21
359 281 46
162 76 38
318 300 18
18 201 36
250 11 11
154 217 43
271 71 23
397 73 12
156 253 34
355 240 32
378 65 37
15 270 28
180 192 45
93 267 35
73 252 11
213 356 40
381 374 11
83 178 22
328 162 41
234 324 38
177 59 45
261 103 22
66 182 28
108 91 46
7 146 43
285 260 12
154 50 17
385 143 41
242 150 11
307 64 14
317 217 33
247 147 25
145 81 8
197 391 42
91 247 7
256 181 5
82 57 42
174 179 24
301 225 3
364 18 28
256 209 39
40 154 29
380 155 26
262 397 8
384 32 34
109 383 21
125 147 31
131 127 24
328 304 4
241 98 33
244 174 42
176 7 38
52 338 26
20 241 38
101 115 16
133 355 10
143 389 25
93 234 17
153 71 23
169 199 13
29 364 42
55 202 15
171 68 36
139 309 31
332 93 6
182 209 43
36 364 9
370 362 46
346 52 30
247 21 24
314 330 18
391 15 26
255 376 2
90 234 14
229 191 19
279 106 4
73 240 26
55 55 10
222 105 33
67 106 34
310 162 13
379 77 14
195 108 1
335 5 8
291 223 39
111 342 14
44 85 31
352 104 6
390 203 8
295 302 26
186 219 31
317 399 11
385 340 3
84 67 37
167 303 14
205 37 36
346 8 44
396 283 17
257 314 6
188 191 34
166 262 14
377 61 7
289 42 8
7 276 25
77 336 5
322 382 8
258 291 26
75 352 47
342 52 5
343 71 29
348 274 22
316 64 35
321 292 8
258 178 22
276 29 45
53 217 6
164 205 14
142 303 29
312 45 43
252 62 27
42 99 46
72 167 34
87 174 16
127 316 45
256 89 38
63 383 3
119 180 4
166 286 25
78 98 25
142 96 14
130 236 21
71 246 13
52 356 17
148 60 12
169 207 25
159 12 40
144 57 25
312 367 33
117 175 24
13 66 14
299 192 19
214 106 31
18 165 47
101 208 25
118 46 35
257 331 15
375 94 10
326 93 2
311 99 12
240 311 7
155 116 6
269 109 30
260 274 44
182 391 43
90 110 3
222 338 25
252 145 6
106 261 29
313 231 3
32 335 27
33 30 38
192 106 16
400 99 4
84 224 33
219 228 29
125 157 33
179 356 11
284 263 30
16 359 7
153 88 35
102 165 45
88 388 30
271 125 27
267 33 10
57 148 19
291 243 3
248 312 12
331 263 34
97 227 33
187 256 20
111 232 1
222 362 21
333 236 6
130 220 42
390 368 37
67 160 36
143 299 38
372 36 21
66 159 35
215 82 15
136 289 25
294 220 29
247 86 44
372 199 20
93 311 25
112 132 5
102 264 42
310 75 30
3 287 39
10 217 35
184 179 33
386 165 27
3 28 44
307 313 27
35 273 7
194 331 35
118 15 29
72 147 31
277 222 31
9 209 44
326 112 4
254 181 3
153 230 18
160 159 9
247 249 16
304 109 32
212 247 47
140 20 43
108 129 8
322 49 25
258 18 37
380 352 38
9 280 26
227 273 36
160 189 9
393 12 41
375 392 40
219 400 15
321 72 35
240 268 38
17 309 8
137 114 32
8 15 3
240 13 6
90 315 31
5 187 5
238 68 42
346 30 14
293 159 43
395 164 7
166 395 41
167 284 5
39 341 25
208 377 46
210 6 14
383 110 10
3 215 11
123 328 21
257 33 4
149 112 24
353 301 43
168 162 42
241 324 4
293 298 8
250 50 7
77 60 26
342 194 3
20 160 11
216 34 32
367 99 37
245 74 3
122 41 30
165 362 26
149 196 11
387 311 15
51 88 21
210 260 37
126 365 12
328 155 9
49 207 29
269 311 5
276 83 31
151 120 15
250 361 19
67 137 20
289 40 41
373 257 44
20 261 37
276 187 44
380 296 42
90 81 18
292 94 39
187 284 7
370 275 9
174 88 33
247 228 40
107 280 18
7 166 31
4 137 30
262 115 8
226 328 22
264 125 17
365 209 41
120 363 10
383 234 34
135 341 46
246 369 10
254 348 21
175 110 45
311 37 35
171 282 17
308 130 6
97 159 3
9 163 38
35 25 25
222 255 29
115 219 44
152 98 28
213 306 2
362 13 17
235 356 39
5 246 46
397 396 45
29 170 23
256 240 30
320 28 37
123 323 27
25 193 38
131 83 33
149 328 47
315 104 4
400 213 22
183 285 31
282 346 27
117 301 22
136 211 42
381 203 34
175 8 10
256 217 19
286 343 28
346 268 22
33 86 34
134 392 14
269 133 23
300 374 25
294 307 32
67 120 25
132 270 13
237 395 21
364 16 25
49 82 41
156 201 41
209 396 8
165 289 13
395 395 4
167 197 4
390 159 20
228 220 23
68 306 28
126 78 39
377 129 15
203 202 31
281 34 5
92 129 34
63 51 34
95 137 39
305 239 18
324 371 5
374 36 34
35 103 31
148 149 38
280 257 9
339 172 6
372 87 22
6 196 10
90 156 1
349 191 36
84 302 9
383 157 26
329 361 29
253 122 44
381 109 33
270 64 17
359 178 29
107 315 32
255 339 35
85 29 4
393 339 22
87 75 16
239 105 6
98 65 45
168 20 24
396 272 16
45 262 13
115 207 7
23 185 23
70 75 43
33 173 18
137 2 17
313 344 4
330 17 47
47 164 13
46 249 43
28 261 34
197 393 9
252 56 6
60 161 38
392 132 17
228 87 30
170 400 31
117 220 31
7 291 32
22 63 43
253 144 31
283 371 22
383 247 39
266 137 31
244 132 28
30 308 47
364 223 46
334 22 26
302 276 6
111 346 39
91 225 34
146 295 27
231 188 38
41 247 25
234 360 36
192 145 14
7 317 6
372 327 34
116 142 17
144 18 33
59 51 8
140 149 29
395 148 19
113 296 47
115 97 24
264 297 18
144 186 23
72 286 6
215 85 12
187 218 44
343 368 7
11 105 21
378 97 21
320 278 25
252 158 26
167 228 7
99 180 24
277 137 2
170 385 38
209 97 24
192 354 9
261 286 30
175 337 30
54 125 22
186 342 21
25 1 31
326 382 25
238 372 40
325 335 45
146 332 9
74 247 30
133 177 36
344 345 22
16 149 27
282 274 40
219 333 5
333 71 25
85 270 41
20 119 13
179 151 44
110 317 3
144 368 1
359 304 27
324 41 1
348 268 45
11 220 44
53 169 12
130 22 45
34 1 9
165 113 42
235 175 4
359 160 23
118 270 18
66 179 16
12 276 9
83 46 11
87 256 25
190 221 14
80 384 36
293 334 2
50 359 40
285 294 1
95 75 7
327 16 42
84 394 30
214 210 18
206 143 18
206 344 19
300 344 36
388 153 29
164 40 15
74 223 2
165 120 19
321 313 46
159 357 5
341 283 35
303 227 36
335 249 40
74 67 32
102 275 18
294 193 29
139 180 27
312 129 12
296 134 39
294 380 6
248 378 33
217 263 33
224 138 22
293 169 17
53 296 2
199 28 7
10 216 25
16 13 8
354 243 8
291 38 11
218 47 9
207 159 27
160 150 24
371 169 24
149 191 35
397 17 12
53 204 22
226 341 28
67 185 36
361 109 1
325 308 47
258 379 45
179 376 46
327 134 46
367 24 19
116 196 40
365 328 45
118 200 2
354 269 18
65 125 37
295 359 45
164 122 4
340 164 20
292 242 31
3 221 38
387 153 9
122 336 10
98 259 36
359 185 15
170 146 47
78 107 14
113 318 45
13 371 39
100 258 28
50 142 46
287 93 43
146 220 32
223 152 5
264 80 26
163 66 20
393 268 6
156 166 14
364 77 44
331 355 40
338 394 2
223 353 15
304 373 29
176 143 27
346 370 22
123 298 6
300 243 3
294 254 24
269 334 36
107 369 10
116 165 24
351 228 6
258 335 27
109 162 14
332 308 21
381 326 27
138 131 21
315 263 7
315 307 23
293 301 32
341 370 22
363 172 24
9 282 40
349 220 3
160 205 32
273 215 26
337 328 46
125 230 7
381 284 26
214 28 13
97 292 6
45 82 11
223 305 42
83 27 6
155 342 17
390 64 21
10 361 45
158 398 4
9 23 45
374 293 40
253 106 19
157 191 27
350 351 24
174 285 35
40 285 39
150 258 3
313 318 8
268 367 8
216 217 41
222 217 36
317 327 43
3 339 25
223 112 15
239 136 9
21 125 27
229 266 9
244 20 38
262 97 37
258 391 43
70 52 35
3 208 2
161 242 19
60 355 22
343 174 24
326 357 9
160 291 1
136 259 27
400 210 12
51 327 26
192 381 31
343 171 34
331 230 31
1 120 41
158 163 5
42 198 12
134 345 45
126 184 17
367 178 37
148 396 34
249 2 34
218 251 36
20 353 34
377 82 24
299 100 8
28 35 2
58 323 32
64 385 11
268 260 31
204 394 36
154 365 6
356 141 10
106 11 11
230 157 27
317 136 47
86 213 39
329 195 10
309 326 37
210 370 32
94 344 41
217 47 43
266 205 2
272 370 32
31 269 35
320 291 10
244 288 32
219 276 44
196 76 13
217 233 43
55 83 21
243 55 17
38 98 34
225 146 41
5 319 30
74 368 14
364 268 26
180 229 24
209 81 32
88 336 40
314 5 39
278 388 12
244 369 24
285 308 20
348 265 1
347 301 15
89 141 23
14 32 47
248 210 2
363 293 34
164 5 44
67 311 28
280 158 36
349 218 5
2 95 18
201 264 30
251 92 47
273 258 43
40 45 6
156 60 5
59 284 7
381 37 5
249 343 41
243 263 28
167 299 37
144 201 34
174 168 21
394 219 34
269 356 38
289 35 31
262 314 19
208 71 24
276 201 25
318 112 38
307 355 36
140 123 39
190 46 18
244 249 30
286 374 34
225 178 41
212 257 22
12 189 25
384 399 42
51 367 26
379 12 7
186 180 43
119 4 43
67 191 41
359 111 15
31 333 9
257 373 45
81 3 18
326 125 33
30 184 37
55 129 39
291 1 15
145 333 34
373 295 41
258 115 4
79 243 5
315 126 7
341 152 17
218 130 16
132 323 38
172 124 13
194 135 16
331 189 41
292 296 1
97 20 35
362 168 18
79 123 38
43 145 46
143 199 43
358 5 3
166 5 24
105 383 17
345 373 5
258 400 44
155 245 17
304 85 25
12 220 25
88 64 3
235 398 17
152 363 40
281 37 30
229 265 1
375 225 22
289 351 33
98 177 40
126 136 16
284 38 11
295 309 12
169 218 2
289 82 46
149 297 5
249 269 47
54 178 21
139 366 18
262 23 45
341 10 26
236 378 11
227 345 45
42 367 19
263 393 26
139 22 32
380 209 42
377 112 29
74 15 2
3 51 26
214 87 28
342 309 9
94 391 18
55 207 41
316 211 44
261 357 30
121 347 35
235 366 18
243 354 16
126 377 24
146 305 13
36 316 23
23 286 2
65 280 27
133 46 45
220 27 33
336 100 25
201 93 34
66 128 39
335 373 43
379 375 47
310 83 17
285 132 23
71 255 35
187 357 38
174 380 7
327 68 11
244 83 46
17 45 38
148 215 7
298 399 28
385 324 4
249 32 18
4 384 2
244 368 5
389 393 26
178 285 41
203 364 22
228 31 29
35 385 35
226 241 26
158 188 10
253 39 35
128 310 18
251 400 41
13 227 3
222 338 14
318 254 45
396 84 13
366 249 38
292 235 41
191 23 14
397 395 41
237 78 36
254 147 25
324 167 29
197 116 22
348 21 44
284 227 31
397 237 8
253 94 30
276 44 13
68 385 46
234 369 39
371 183 16
393 344 6
96 286 45
310 249 35
285 229 2
44 16 39
305 251 29
200 359 22
376 385 35
334 108 5
258 276 25
306 220 40
147 83 32
369 336 31
318 314 34
107 214 9
190 236 30
194 135 22
369 327 37
246 317 34
99 309 19
204 46 22
315 16 18
239 194 37
376 108 29
64 384 39
45 41 7
81 382 43
242 176 33
46 196 23
294 331 39
132 4 31
161 28 37
40 231 13
51 397 25
284 23 8
171 82 11
155 289 2
117 371 34
377 305 3
302 311 44
169 143 20
345 165 13
300 392 26
358 33 31
279 274 14
19 233 9
99 392 40
300 74 34
342 29 26
2 143 3
54 143 25
300 184 27
284 333 47
400 358 21
55 223 18
123 79 45
231 6 10
13 137 43
298 150 41
288 103 36
253 251 34
152 209 47
301 95 22
75 104 47
27 351 25
196 364 20
197 358 39
344 185 23
6 366 19
145 350 7
172 217 47
248 295 30
48 115 28
329 339 35
12 84 6
244 130 1
65 30 26
139 68 19
284 395 12
282 147 40
361 216 41
231 27 42
179 234 45
205 319 25
152 312 30
319 93 39
186 221 44
53 38 16
340 168 17
281 153 45
161 106 37
121 354 32
66 319 25
129 122 11
293 80 16
27 154 9
392 242 45
153 352 4
126 102 6
302 192 30
292 378 1
94 393 23
251 218 6
342 363 11
16 120 7
148 288 11
238 16 41
163 341 34
165 144 27
234 225 28
179 339 42
45 118 34
203 340 17
69 68 3
80 213 32
273 197 33
356 86 43
275 200 42
293 155 4
237 92 31
355 391 1
95 296 47
23 260 26
65 113 34
18 249 40
302 163 33
281 334 15
386 157 6
325 63 31
101 110 27
92 169 12
168 143 10
282 53 40
277 345 22
43 131 37
348 355 34
350 13 8
20 292 25
390 22 38
61 231 29
283 263 8
239 340 1
241 251 30
203 185 27
364 97 2
22 372 30
200 198 32
121 267 3
12 301 39
380 197 4
166 363 9
373 274 35
4 320 7
31 249 28
136 335 2
91 7 1
258 362 9
101 229 16
12 148 9
345 166 6
290 34 4
251 122 24
355 196 10
48 99 47
153 234 43
186 207 18
295 175 16
341 214 24
19 337 7
41 208 45
4 337 5
9 171 32
184 267 8
33 139 22
169 28 11
193 180 13
206 397 11
364 158 26
137 386 42
67 159 14
114 320 39
112 164 15
119 273 37
398 282 19
315 362 31
308 370 38
58 172 1
285 396 39
175 78 34
70 189 30
375 389 26
175 289 13
310 187 7
158 129 11
398 71 43
353 284 42
332 344 31
39 231 45
198 328 30
324 391 43
241 50 20
154 308 14
344 316 27
120 284 4
387 232 47
33 246 22
83 253 36
217 371 46
95 218 18
268 355 35
111 159 24
365 105 25
161 205 6
285 274 46
83 250 22
264 194 39
222 331 10
64 17 11
99 294 42
332 339 7
363 126 17
154 348 22
272 378 26
143 187 40
301 287 14
94 51 29
78 22 6
159 375 44
130 313 46
298 270 27
39 25 35
135 83 23
220 30 43
303 380 41
53 69 32
135 33 25
393 17 33
228 5 38
334 101 25
27 293 44
188 342 31
141 87 34
85 256 21
14 382 10
1 302 32
51 174 32
97 101 29
98 44 40
371 148 7
56 73 12
365 31 18
287 81 23
289 255 37
242 128 36
144 302 20
12 82 34
298 20 17
313 12 4
344 202 21
358 14 15
263 263 32
34 396 39
326 252 11
252 218 28
204 357 27
210 157 12
40 346 24
201 226 5
199 164 33
337 185 13
284 228 26
127 386 18
84 55 4
376 87 19
369 181 3
288 192 28
385 349 34
362 252 24
360 122 5
112 11 28
269 363 26
266 46 2
223 54 31
309 56 35
238 308 16
333 161 1
312 333 3
113 149 20
165 302 46
42 343 3
303 302 34
30 137 42
353 120 33
252 288 3
212 301 40
383 180 34
222 66 19
295 368 45
394 132 29
339 161 17
299 290 43
323 150 18
17 133 8
325 160 3
98 62 14
366 59 43
169 178 15
40 341 31
163 55 29
62 104 36
130 344 38
189 63 24
347 319 13
389 379 5
219 254 42
196 179 43
37 11 38
101 34 36
326 217 30
208 154 1
130 303 20
325 216 39
44 239 42
115 267 29
49 73 42
332 113 21
11 11 16
9 311 45
33 315 10
369 369 34
266 245 28
260 134 5
340 384 23
44 288 38
359 88 39
111 31 39
103 203 34
307 234 44
19 356 10
84 126 24
217 174 27
195 41 12
90 338 42
142 386 3
90 137 5
324 114 21
319 9 28
33 75 34
297 243 6
182 279 46
205 88 3
31 204 19
284 105 47
389 271 13
26 246 44
367 143 10
271 386 12
325 14 23
39 91 40
127 299 33
332 297 40
135 278 14
302 349 18
101 30 32
178 288 40
319 177 35
224 284 21
6 181 10
118 157 22
65 301 4
238 56 10
292 378 13
202 161 24
299 239 33
202 336 3
55 54 32
374 195 34
313 191 39
221 192 31
398 275 41
182 21 17
159 84 36
222 87 7
72 18 1
341 44 45
387 28 34
112 112 25
88 107 46
318 398 45
142 19 34
136 220 12
148 255 47
344 344 34
278 345 4
32 132 41
45 144 42
56 194 44
380 271 1
263 149 41
356 366 47
151 202 21
143 179 6
29 104 28
76 379 29
81 184 16
219 348 19
83 160 3
179 106 46
308 386 26
161 59 41
116 120 39
29 176 10
341 54 25
23 140 38
204 288 16
258 281 33
300 224 18
140 385 12
59 219 21
124 347 10
315 196 17
280 242 6
252 328 14
174 371 3
177 154 30
210 175 12
6 400 45
270 327 3
24 109 30
344 350 32
205 355 36
356 3 22
100 281 45
176 14 46
46 181 1
133 330 23
180 361 38
10 100 31
150 277 41
315 19 46
101 220 11
107 111 22
103 194 8
121 176 7
48 393 5
19 65 8
3 75 16
93 196 14
60 357 19
214 386 26
289 312 45
199 371 24
41 320 24
185 224 47
202 176 47
66 10 32
258 167 29
263 323 17
47 102 22
82 371 5
224 28 32
346 392 43
112 241 47
148 76 35
357 7 40
134 74 14
88 192 24
398 162 29
127 46 22
238 331 20
201 112 22
337 2 42
38 4 4
354 321 3
237 79 42
135 104 22
157 347 7
331 397 32
225 180 2
156 15 43
345 12 47
311 291 40
24 305 6
259 255 15
263 313 46
251 173 8
252 338 44
20 390 7
137 321 21
74 232 33
282 201 44
314 309 33
265 328 46
40 176 32
93 35 39
220 141 33
141 377 45
167 205 40
349 371 27
184 147 39
19 51 47
275 159 41
383 191 28
321 358 3
10 378 27
129 264 30
189 49 5
296 191 35
239 317 12
362 126 19
365 165 1
356 78 27
163 277 11
324 17 10
89 57 10
137 296 16
306 122 2
122 284 40
330 344 3
366 2 20
17 160 46
366 32 46
125 270 24
400 59 36
40 3 12
27 242 33
304 260 35
202 384 33
151 365 34
157 131 35
299 192 35
151 9 35
7 379 32
336 108 41
355 314 26
244 210 27
313 22 40
380 220 42
7 174 39
347 50 24
128 216 36
57 23 11
8 250 26
150 380 2
110 148 16
249 188 15
241 302 25
3 144 26
331 150 12
177 218 37
44 135 31
262 262 19
15 115 15
177 330 36
193 171 46
370 163 41
72 108 9
208 363 22
394 299 10
196 176 44
299 1 35
275 301 23
210 251 36
183 265 1
23 375 32
94 81 44
194 78 40
28 178 33
226 167 46
94 391 6
271 104 3
45 186 35
322 84 47
294 231 35
287 387 24
190 200 15
27 337 35
264 107 21
150 347 8
327 244 42
327 282 32
169 246 13
356 380 2
86 308 33
334 242 18
236 106 26
48 366 21
2 240 16
390 281 8
242 164 30
332 191 33
50 303 43
202 133 26
369 288 34
282 105 19
77 356 19
251 79 19
270 372 12
361 206 20
38 376 3
259 141 36
78 163 14
34 118 28
79 10 22
164 390 13
78 162 18
384 130 6
114 393 29
242 103 10
17 376 3
110 349 22
154 322 9
325 394 38
25 239 25
52 124 47
115 12 5
303 79 13
346 10 38
342 279 11
17 279 24
241 299 12
288 229 17
271 139 29
211 93 34
178 109 3
25 139 11
191 366 3
71 320 23
369 120 5
290 227 38
198 57 1
134 41 34
263 281 35
262 278 33
294 267 46
267 313 46
21 296 17
50 151 41
64 327 13
26 257 24
354 259 47
266 256 16
27 286 26
238 37 5
20 299 36
286 298 27
28 266 13
355 118 18
40 20 34
97 193 41
331 29 38
136 22 42
221 47 40
113 90 44
238 23 34
191 39 17
78 158 40
18 141 19
89 314 30
299 76 40
361 272 9
43 228 13
392 181 9
359 269 46
161 215 13
171 344 47
150 133 24
45 367 30
151 5 13
159 20 44
155 328 39
315 287 10
210 325 42
296 86 34
107 353 13
292 131 43
158 135 23
115 355 28
107 107 34
241 216 33
46 164 23
248 375 39
63 218 31
290 229 16
353 27 12
180 222 4
380 133 15
226 138 34
172 159 41
317 65 5
359 127 11
345 84 24
310 24 1
109 352 7
256 168 11
249 314 40
232 313 44
358 27 2
131 354 46
116 384 41
374 288 47
193 178 6
143 90 17
21 92 16
103 286 29
258 243 22
139 336 18
255 193 16
13 13 23
73 149 30
203 320 18
295 13 24
373 226 26
397 224 9
88 186 6
362 139 15
377 102 29
164 221 33
266 83 15
17 346 19
16 135 14
222 8 22
182 128 28
242 32 19
199 123 24
376 75 21
153 254 43
219 145 26
2 317 32
162 97 40
376 280 1
168 373 13
390 369 29
272 35 8
101 5 11
163 115 28
122 344 30
250 393 44
209 150 24
309 3 25
97 139 10
106 51 11
326 393 25
356 45 20
264 52 11
189 122 28
330 332 19
201 129 6
315 35 46
170 144 4
309 101 31
254 247 21
6 317 39
244 158 18
70 239 4
51 62 13
146 322 9
150 294 13
57 303 24
394 231 14
178 319 21
15 7 12
250 100 12
44 273 31
47 262 21
395 40 42
308 364 13
352 32 10
34 94 34
374 87 29
133 94 21
179 392 6
302 318 7
324 220 30
157 314 1
383 162 17
334 314 20
94 364 21
207 158 7
190 26 43
131 20 2
293 193 41
219 302 19
4 72 39
305 86 27
388 67 26
112 230 34
112 342 9
4 375 2
122 80 24
41 7 30
352 351 47
202 324 34
149 302 45
302 28 45
133 40 42
40 204 43
358 364 45
149 96 38
3 261 13
295 249 34
346 204 27
193 74 42
188 5 18
22 22 34
219 140 34
239 228 11
25 83 26
9 53 9
304 148 44
58 60 3
182 131 41
18 195 17
