700 7266 936 118
844980 315587 364278 683289 480624 825776 657995 411635 615853 842954 980986 256337 229094 660752 887871 68557 937796 452032 553980 881000 697936 53822 188341 524430 908976 538164 824730 841674 585931 955309 719809 670330 866097 525084 793425 150939 854827 682982 799500 810315 493386 734215 828468 413785 734900 57490 246433 874729 447025 600032 279885 99205 683506 276942 364025 34112 784937 858119 787950 445406 196784 945357 315220 244842 870120 591995 4361 85076 342483 133266 220382 667895 871061 730411 144354 831805 605979 823468 127390 616249 560877 646809 106132 175111 263480 419886 572971 960248 195273 583579 639807 360984 948119 830059 478683 410853 615894 15337 156276 534337 685414 255510 701534 948855 96048 420740 676928 408640 960753 548940 15075 162856 357561 678265 309102 479476 278677 773429 396250 101241 456276 886371 369495 552470 705842 786854 35209 601084 879190 702023 240978 587409 48797 339046 967585 922625 464673 40717 762943 668546 879230 175591 665827 618801 576284 101965 358857 374244 898315 484402 873947 524917 995223 554778 241370 803344 391394 378293 755778 575212 985912 328072 154482 590346 823964 967968 137884 481411 577907 327474 914724 256581 669268 425291 981837 247168 10876 546052 468643 539933 168991 336671 701613 229598 99478 336813 627870 295116 202215 15478 555726 326450 727365 661583 92522 389494 707485 251412 826454 230757 324314 302967 724857 711188 496507 863758 622146 293932 26013 222694 454707 933260 568469 411717 205761 408630 978750 751397 902131 268205 118160 399580 735033 249276 143182 146624 876169 934185 120418 708531 55563 264531 749705 616760 256599 385742 877183 182214 737138 938879 424882 524600 50615 185719 327006 985184 725790 235211 406539 308486 904474 811283 148525 454556 194972 535851 145033 514044 587222 522698 881405 679181 586267 854395 538990 476407 455681 555764 235248 66595 465663 194115 715917 886624 914180 147796 379617 695940 757447 820094 949351 549996 445643 717807 251262 108542 863738 776391 940854 654158 595996 557124 984794 7145 325884 27032 220339 936524 293922 257476 875490 321011 309122 341381 705513 351764 903961 580069 218490 918230 789057 113175 111331 631105 559386 803818 858923 254222 189036 5667 99062 393153 758244 489758 680939 100313 59288 231022 524232 762691 8819 232708 87809 842609 837496 3430 19528 687230 199629 761426 628883 164694 363562 188831 378948 41944 320336 633127 321567 494707 569291 967831 942714 796788 491195 181336 859988 818913 718143 115119 805178 873211 742655 73891 293553 261626 21417 175974 782636 984997 757768 457628 979882 283265 745050 156405 372201 114808 207213 756463 395092 822150 167358 250896 67471 934912 204663 558332 196246 871440 507059 110096 594111 145225 463649 502993 895785 348919 674958 619365 613287 879278 766290 880053 530696 808374 995279 890359 235464 767537 996160 204534 516587 675411 44619 377091 920341 555259 308676 43416 493947 769963 776020 216609 883525 578930 875770 336650 791996 810938 561721 346130 667198 370705 152439 789782 861228 164817 310315 367616 480667 849629 81524 326406 442945 928559 651415 288124 152872 417468 566651 93526 795820 652378 890118 585025 857099 572992 609875 315699 95053 536909 701719 255139 239303 600867 46767 120363 590223 615166 426477 790786 435953 195640 704382 241408 589615 131257 461747 705203 909655 66525 335372 573747 440622 224173 20234 713757 682363 382598 624988 968377 790917 487061 296813 55849 867268 431716 763482 36028 34074 729700 97159 213917 788257 589286 297312 806613 121222 296522 396137 8074 451630 740992 407564 272727 582160 207564 997636 744896 762816 858103 696515 498739 897497 971087 184800 196515 854356 224060 34653 638670 992980 672645 226981 332771 629448 791752 419538 995441 862048 625880 567313 961606 62219 29585 929358 977455 934512 250398 777062 182998 861578 83345 742358 340511 281911 554564 842517 559493 753061 49797 127024 15538 138534 31083 520944 891000 759276 275206 993949 832213 321861 90257 294364 523018 476562 292713 870247 762724 352018 73228 949177 699974 333071 873085 968751 593150 631342 632630 994945 57266 162187 494162 597632 960844 984836 534319 852634 306075 747954 640997 951125 158160 186258 627669 659750 143774 279094 214049 439122 230034 458230 605306 901044 527728 582880 913228 961964 52498 105335 57948 974333 829067 321668 24854 762288 270234 411862 25753 732375 229087 845262 831806 146329 232101 793515 40265 689183 954964 756586 834776 72876 794694 440090 707789 256141 807963 655866 373530 938849 779633 436093 112152 737558 41509 792688 416075 909914 924029 76908 379311 974876 877116 108923 449040 895018 867646 715954 873227 706977 592727 6885 556646 264861 405240 896571 505757 440531 398172 593187 614711 490484 757413 848739 429073 680881 326205 497999 53637 351994 664890 376289 852209 257998 199780 358777 541284 897632 163531
360 429 172
480 389 7
423 301 107
147 208 160
628 423 138
46 194 152
577 282 107
558 540 17
676 488 25
318 394 187
521 266 132
164 74 102
542 360 125
14 654 67
28 135 101
222 603 133
122 117 170
560 690 143
427 684 130
428 311 90
615 313 20
607 581 175
271 119 84
113 377 109
64 253 128
159 30 4
361 456 151
120 107 139
698 431 30
68 271 122
646 222 59
84 600 69
474 146 33
547 385 19
515 190 66
540 580 82
654 111 36
497 181 37
313 316 95
631 458 67
213 181 106
698 298 151
616 62 89
310 109 187
586 418 50
95 523 69
672 22 106
127 584 84
244 404 90
82 252 124
191 25 150
369 166 21
469 649 139
430 62 158
446 577 25
527 125 47
142 542 51
194 182 72
248 398 94
303 179 9
71 269 1
91 510 70
34 36 111
441 691 47
482 318 41
141 273 47
505 580 44
293 482 133
482 514 87
668 2 48
210 619 56
597 162 27
517 92 12
48 27 177
623 509 51
26 87 62
194 498 90
605 504 157
564 585 32
111 461 168
65 90 94
294 15 127
390 499 73
439 570 154
201 286 187
551 348 123
520 641 107
352 397 88
7 294 170
403 360 42
363 328 185
506 518 22
646 646 165
95 97 16
114 696 79
375 690 99
545 537 39
281 366 101
370 98 36
394 385 52
320 518 64
680 571 101
485 324 103
679 361 40
23 97 42
579 420 70
481 171 11
268 536 175
369 682 63
381 532 121
490 455 55
59 314 125
73 277 132
197 227 116
244 156 141
11 107 177
447 630 20
238 179 66
562 54 4
395 544 142
311 609 141
691 684 30
528 447 93
681 309 99
4 132 93
371 679 100
540 6 8
631 199 10
392 340 8
16 655 182
408 681 105
603 653 118
285 15 156
613 696 143
675 172 41
323 99 46
359 374 8
371 432 145
101 276 21
154 375 165
157 70 18
461 617 157
523 412 179
664 445 45
56 619 1
428 662 168
379 356 12
411 388 12
344 483 147
388 564 36
548 374 57
548 683 144
158 450 164
63 434 50
446 322 20
566 444 74
679 644 46
68 209 105
581 616 74
559 76 42
84 478 23
130 387 16
159 515 2
445 392 85
654 513 45
471 464 9
166 238 162
553 631 92
263 163 83
440 63 74
438 506 124
456 391 170
593 362 113
287 587 81
60 188 87
415 322 150
168 518 175
221 82 49
49 501 174
660 631 131
174 70 111
693 159 95
199 142 95
404 528 71
386 205 99
392 25 171
336 561 185
195 672 47
36 460 167
145 652 57
654 248 152
418 142 88
381 501 54
582 529 65
50 444 129
555 140 82
393 152 17
665 155 63
186 331 111
6 524 69
135 123 32
542 361 152
193 18 64
659 94 124
16 248 131
597 278 149
178 97 31
17 304 137
297 130 101
455 29 62
561 419 93
258 526 126
272 288 30
367 395 128
376 696 24
424 656 114
338 545 50
180 327 94
651 559 117
117 44 172
42 660 97
74 268 26
487 406 183
459 441 101
5 661 127
44 85 110
122 316 179
551 476 87
168 257 42
200 685 90
156 111 176
570 568 169
448 311 178
29 546 16
384 441 76
342 294 117
14 399 175
342 486 23
557 606 127
695 87 84
575 569 51
4 40 154
91 4 46
97 79 92
30 457 86
262 601 76
373 634 163
180 402 68
455 275 56
307 359 14
691 94 132
501 59 130
529 83 51
672 394 59
508 567 149
475 251 76
500 127 106
544 402 104
373 36 76
678 668 150
116 14 46
232 680 93
262 587 177
371 509 30
657 348 182
448 154 137
434 308 141
665 658 160
474 231 46
690 311 63
548 133 96
386 409 29
651 547 1
601 378 120
114 32 166
600 559 44
61 158 38
619 242 128
302 250 34
495 654 159
240 555 144
163 366 154
562 213 109
542 493 14
577 682 147
156 263 75
699 432 161
592 650 183
124 468 106
546 347 78
690 244 162
275 367 89
281 428 173
221 687 112
367 540 119
503 534 40
522 431 142
685 97 162
505 462 110
253 699 27
117 445 181
44 191 52
385 20 143
104 611 11
69 613 148
66 310 100
163 192 146
697 674 160
554 189 23
470 169 102
179 111 52
415 505 79
614 168 145
425 358 173
564 168 97
519 182 147
156 334 39
596 384 34
237 682 152
547 429 89
683 198 35
367 182 114
451 513 158
93 556 128
347 62 26
643 346 165
356 672 12
201 90 21
77 690 26
57 98 58
125 328 92
577 347 29
394 211 48
217 588 68
100 669 166
320 571 99
306 9 114
36 542 97
50 586 183
303 628 92
658 24 176
227 155 186
185 79 26
147 423 147
394 557 147
308 82 8
598 700 2
306 137 91
395 73 34
618 54 129
470 136 14
204 455 33
88 507 120
135 226 58
609 3 182
264 20 15
651 224 115
76 17 49
511 109 64
664 317 20
561 206 106
458 397 11
86 139 166
149 428 80
518 620 136
518 118 52
546 692 122
412 380 109
520 646 99
574 544 49
468 172 114
629 401 175
192 321 69
553 264 130
16 260 183
201 636 119
563 391 2
26 653 68
172 138 94
5 519 101
695 610 134
83 221 172
27 100 48
685 442 97
333 531 40
207 118 40
673 38 163
379 573 183
328 479 40
24 254 101
29 153 50
615 97 81
111 70 105
290 66 9
304 292 67
682 522 160
149 66 59
137 95 15
544 629 73
640 642 53
13 83 40
487 356 181
322 367 110
642 120 123
429 242 144
646 571 83
420 158 134
619 20 27
17 44 185
243 404 45
273 472 125
413 440 12
370 660 32
185 58 21
55 543 73
445 62 149
163 316 30
225 314 3
64 637 167
223 207 143
187 552 127
470 501 185
389 264 64
202 491 52
275 563 19
422 281 11
397 203 88
435 211 125
545 657 49
408 160 164
444 452 139
508 579 85
261 349 107
606 479 121
272 493 181
518 273 152
33 467 12
368 662 175
79 409 15
255 551 153
308 301 137
355 365 20
4 36 180
287 486 45
318 431 21
320 150 168
152 598 186
281 283 74
599 458 48
99 578 146
131 18 125
354 4 27
99 550 73
218 148 45
418 282 173
219 689 23
607 296 87
303 217 87
425 222 3
661 385 180
339 301 79
604 150 101
143 441 13
50 541 44
375 155 95
20 147 23
378 59 132
676 138 135
444 266 163
27 499 29
427 338 178
121 235 4
483 671 85
556 581 105
567 171 99
585 541 64
194 609 57
356 373 180
142 278 85
80 98 126
505 390 133
204 102 2
531 591 92
227 357 58
4 25 10
641 598 28
646 185 174
407 469 77
501 448 78
54 366 61
148 416 107
569 312 131
100 10 77
64 122 29
584 141 4
404 670 53
590 483 132
68 498 176
485 284 138
270 302 38
625 6 37
572 361 167
193 426 31
108 307 125
679 319 112
239 275 112
386 681 36
561 608 70
299 113 99
290 275 13
486 659 167
430 524 81
543 304 29
333 310 62
156 229 25
242 115 14
337 201 3
284 190 174
538 100 27
623 354 116
668 503 183
58 483 64
450 98 3
30 549 85
585 622 28
644 251 158
351 262 11
468 564 105
581 567 35
123 105 15
645 302 124
100 216 154
8 362 65
344 301 143
29 440 172
650 685 127
171 209 172
17 32 46
95 426 155
574 268 135
344 646 85
697 145 173
321 473 122
635 633 44
432 72 129
409 313 180
169 4 144
78 379 176
430 685 185
144 655 149
85 272 147
18 367 5
648 227 126
135 604 153
589 321 70
104 302 92
541 106 151
599 262 81
94 588 75
240 76 187
158 529 165
8 26 173
59 181 175
562 438 50
207 356 146
504 232 35
376 289 181
176 237 142
282 271 8
699 320 140
75 77 66
513 405 85
434 26 166
378 171 14
468 542 50
429 412 23
72 355 69
138 458 2
629 55 58
525 631 165
403 643 145
326 615 145
435 632 138
369 595 116
507 212 114
654 246 63
354 544 86
117 89 75
21 608 136
157 698 110
188 234 84
269 192 129
175 121 142
101 676 109
502 334 148
192 254 67
181 249 18
349 149 71
67 473 87
231 581 167
205 375 140
301 42 1
640 695 128
603 443 108
347 647 79
621 214 163
71 174 95
260 582 135
253 132 86
435 118 119
145 474 63
343 507 177
185 282 154
272 234 99
67 117 18
666 523 56
57 67 25
310 649 142
28 247 162
104 603 25
68 73 9
312 111 175
365 380 173
479 29 3
196 273 92
678 150 181
103 125 81
258 361 36
689 510 5
295 654 114
34 620 67
178 428 127
81 107 168
17 576 154
172 140 20
594 78 136
695 135 144
608 270 27
291 12 162
6 542 8
516 455 160
197 263 171
536 277 62
68 629 156
88 563 111
571 376 154
456 681 87
541 150 32
129 679 41
165 648 174
405 575 93
115 457 9
95 193 174
45 452 95
412 628 169
561 358 73
486 50 56
243 343 85
37 380 137
149 11 65
219 686 173
700 567 121
632 410 154
121 468 181
80 128 139
260 354 23
318 523 155
189 380 114
91 79 17
560 16 163
364 589 69
2 85 122
295 239 121
362 480 31
58 476 46
382 651 127
197 3 72
70 335 113
183 363 176
588 516 80
149 338 146
197 679 117
624 235 88
268 221 68
275 310 162
640 685 41
56 201 72
2 462 35
467 329 95
583 139 95
11 612 61
647 442 121
664 10 8
384 121 157
570 666 120
594 164 87
293 108 181
146 403 46
79 402 69
539 661 9
165 124 39
196 323 117
646 11 140
426 537 82
602 130 119
467 248 24
421 618 163
671 519 157
675 200 17
313 111 174
153 482 113
125 152 92
626 595 94
522 501 77
306 58 163
140 252 74
350 481 151
556 509 69
613 306 47
185 622 13
290 132 146
395 57 142
469 59 113
649 187 186
441 49 155
689 69 135
256 318 74
310 581 64
135 597 139
357 618 141
465 630 69
84 638 105
20 128 12
47 301 153
694 475 64
630 576 105
114 509 51
528 493 67
538 486 150
376 612 117
506 25 157
530 296 151
487 260 171
470 638 119
11 381 101
614 487 121
81 668 28
274 9 61
193 441 83
535 77 11
194 381 114
530 133 4
656 548 84
428 62 35
639 25 22
146 603 123
340 654 182
55 387 94
348 323 4
154 589 80
602 13 121
655 377 8
225 345 106
677 571 185
232 33 88
666 592 149
496 305 14
445 184 15
84 399 87
259 600 5
281 486 111
205 552 166
307 51 134
122 536 71
5 7 11
66 208 108
84 414 14
289 378 139
116 40 10
682 366 157
682 90 38
129 229 110
20 496 18
375 642 35
530 645 158
330 333 110
462 221 75
132 509 177
442 430 172
85 465 185
31 415 125
481 190 60
352 317 86
288 367 19
587 84 128
672 263 121
115 536 150
132 482 115
459 396 143
430 238 47
671 18 140
633 78 111
678 334 169
91 12 89
70 402 107
277 659 13
533 503 32
416 90 82
278 478 16
348 222 151
159 493 111
584 351 49
112 13 147
317 629 48
358 559 84
91 429 109
345 308 118
689 383 167
266 467 111
342 479 23
6 220 141
305 295 37
648 463 152
441 250 129
426 32 102
263 699 34
181 179 117
134 410 7
328 23 21
119 511 161
436 615 22
304 106 109
700 151 1
532 25 94
1 610 95
88 408 90
154 328 60
580 587 27
640 505 74
19 48 29
395 415 85
244 423 167
16 539 3
12 227 31
422 449 39
148 10 60
36 12 182
628 280 79
371 323 75
568 118 161
557 110 64
389 221 55
549 254 181
514 434 127
249 242 92
222 132 45
426 194 80
215 603 33
2 617 10
272 138 79
100 696 125
385 637 119
345 509 139
23 235 182
440 194 150
432 621 174
155 390 161
45 180 118
90 542 11
182 619 92
592 681 127
133 690 65
434 481 45
63 431 114
43 675 94
177 438 84
272 206 36
288 468 68
522 281 92
518 344 147
105 63 25
438 442 66
212 265 61
572 450 1
100 41 81
620 81 88
331 277 69
318 47 165
426 660 182
411 282 126
685 434 9
11 148 32
209 639 137
603 420 91
466 325 122
507 236 31
577 89 28
331 55 184
461 612 140
236 141 73
139 600 68
193 450 73
295 178 87
75 361 29
33 615 167
60 497 164
431 2 176
77 222 163
76 367 146
566 328 42
406 192 135
294 666 38
263 92 13
601 170 163
262 126 174
78 2 106
621 530 4
378 320 58
330 329 7
228 369 107
368 289 81
169 529 47
184 499 160
304 129 56
358 509 53
306 328 11
645 195 82
34 42 132
116 653 77
681 683 47
247 393 129
383 108 118
44 47 65
659 242 18
515 508 40
113 215 115
549 614 174
45 278 184
211 151 56
137 22 86
605 36 67
493 508 136
266 12 127
563 287 58
499 251 80
91 360 10
86 382 160
364 137 10
430 160 88
200 346 117
419 528 71
693 623 178
653 177 162
95 161 146
504 2 51
298 177 62
341 94 171
220 365 88
670 42 106
614 149 136
278 208 180
367 173 1
63 454 93
86 85 15
116 399 41
395 677 17
108 617 57
358 271 12
386 298 173
95 148 106
128 281 28
477 286 29
205 245 128
398 221 61
539 543 178
671 326 141
657 44 157
121 36 161
596 638 80
511 360 15
61 52 107
456 256 129
110 515 148
641 236 165
116 483 32
87 638 24
271 598 85
24 223 115
374 152 155
244 280 58
220 124 42
438 457 131
598 26 140
320 300 103
338 294 103
198 177 60
487 254 37
14 452 21
623 303 150
447 654 61
530 482 42
631 120 85
494 229 179
220 474 26
101 427 54
179 460 66
247 390 131
128 595 163
14 232 178
307 405 44
220 458 132
65 674 153
383 110 173
324 633 69
661 329 180
648 613 98
616 229 100
72 358 113
356 670 4
11 338 66
688 352 3
112 244 100
509 455 96
347 27 129
153 412 51
652 547 146
635 158 72
662 307 144
567 126 65
134 200 13
16 518 98
385 135 74
515 655 37
448 240 25
588 24 175
572 215 42
633 565 8
199 663 152
238 149 129
547 506 19
361 331 123
528 108 8
199 403 122
503 364 126
457 228 140
173 299 109
265 102 72
136 466 123
50 427 152
213 683 147
80 700 157
588 443 39
165 325 92
657 104 69
324 237 96
122 569 94
184 77 125
370 162 68
548 275 29
568 369 126
26 376 14
298 205 131
7 296 167
417 492 116
40 153 67
284 128 77
145 221 183
178 438 47
262 171 13
695 493 44
554 293 169
135 646 39
455 6 101
495 661 49
306 55 16
699 377 126
204 541 36
203 3 127
275 607 52
318 120 177
291 457 74
111 130 71
242 558 97
622 514 6
422 672 35
504 574 1
4 269 168
420 303 170
235 565 11
57 430 159
58 125 71
630 578 158
305 530 120
455 325 23
34 694 156
271 670 138
308 625 1
614 519 32
57 680 180
219 401 94
630 567 67
369 369 66
422 342 9
197 179 34
669 557 77
59 570 135
204 548 57
665 19 88
196 25 43
576 681 156
187 571 124
58 590 68
340 406 120
628 101 67
293 559 125
212 252 144
564 456 147
17 204 106
337 60 155
196 331 49
295 572 144
516 543 100
531 548 111
300 170 7
504 131 37
444 222 62
139 158 158
92 297 61
652 585 41
382 481 33
55 544 142
647 454 130
464 376 167
557 348 157
389 614 11
219 308 44
681 589 105
539 529 45
14 363 145
425 43 45
507 264 76
21 341 172
199 327 49
178 597 35
433 290 151
688 617 80
17 186 98
690 330 154
267 184 16
160 282 171
333 516 56
191 553 116
270 448 12
531 645 90
270 310 134
523 197 12
162 84 127
39 555 89
494 522 155
198 438 28
30 88 67
165 90 53
234 351 128
211 206 145
63 571 87
108 482 145
493 488 151
443 372 102
312 120 95
133 181 61
368 294 121
70 27 185
34 111 81
201 528 91
697 198 81
531 129 114
154 697 136
359 15 138
634 512 187
71 94 63
152 215 88
632 385 72
340 546 161
66 418 133
315 615 93
322 491 142
299 198 99
322 649 122
166 406 44
642 240 57
621 224 38
354 143 149
629 32 49
464 593 144
303 488 74
635 83 49
569 342 123
173 197 75
316 50 159
37 493 147
537 76 149
103 130 87
185 287 100
18 409 27
489 407 111
234 308 135
49 238 4
347 33 177
210 658 134
360 637 97
90 31 94
549 562 106
33 532 42
488 63 98
448 698 177
611 697 26
574 372 131
251 418 133
383 100 85
444 698 116
395 477 131
123 377 4
291 497 60
647 443 121
531 128 47
148 591 158
686 419 1
207 368 131
565 93 180
127 114 62
468 572 133
528 615 34
45 430 169
289 242 39
158 150 118
70 235 105
355 650 31
227 618 55
80 136 123
80 109 168
637 169 183
636 337 74
226 366 182
164 686 168
16 198 31
278 131 139
664 115 14
44 625 23
116 108 164
383 93 14
630 513 103
262 607 45
343 279 56
166 454 19
465 577 172
394 311 43
265 239 112
483 96 12
280 51 158
250 4 90
207 370 94
205 52 128
145 486 187
199 302 149
676 355 22
306 301 70
331 520 6
602 410 115
479 50 12
506 571 17
165 499 146
92 464 75
647 46 37
367 148 25
236 325 43
380 661 144
176 81 55
325 504 97
324 365 28
504 447 175
231 256 55
313 174 146
635 325 35
37 279 39
366 211 112
318 392 47
480 366 61
629 50 16
465 416 127
322 190 161
12 684 10
630 606 185
548 376 105
527 674 64
70 73 183
127 442 164
538 549 186
108 76 103
5 379 89
204 7 36
152 275 18
319 467 45
254 99 91
551 643 134
61 656 36
63 614 29
316 481 165
489 599 102
187 386 187
392 110 40
167 405 76
543 295 75
461 435 119
516 240 163
241 2 19
191 164 116
586 324 49
535 157 171
407 566 27
77 35 156
399 691 117
413 283 169
132 567 90
247 479 43
132 325 125
549 209 84
630 427 20
71 159 118
380 538 125
438 521 106
598 117 115
62 108 58
116 683 106
496 223 27
199 7 41
118 472 13
114 259 72
136 475 17
214 660 174
544 615 115
426 226 4
540 527 183
425 172 134
338 138 158
597 28 164
378 169 85
487 157 168
624 270 100
175 297 107
571 528 81
187 228 148
543 347 171
264 487 174
213 502 40
230 13 70
591 196 41
126 130 53
179 696 156
434 390 56
510 545 123
573 603 71
33 78 54
367 178 24
114 649 110
243 351 135
244 240 83
238 93 183
140 317 146
94 258 19
58 292 187
280 440 163
336 212 99
446 678 16
380 285 62
661 201 1
312 130 43
354 65 62
475 688 28
629 77 96
610 560 145
182 179 56
396 593 8
439 43 177
181 256 46
296 439 149
573 453 46
118 4 130
231 125 177
188 458 53
19 622 132
115 360 47
486 270 170
304 144 28
227 690 56
248 391 8
512 512 184
357 559 43
555 256 117
465 362 162
124 100 163
74 276 140
89 362 175
458 627 70
211 293 146
569 33 122
66 61 102
250 636 66
253 11 59
588 50 83
340 471 14
588 464 135
551 425 135
427 122 157
416 115 178
209 400 17
126 47 122
148 677 119
379 640 12
412 519 36
209 462 148
117 407 91
642 33 57
276 475 152
91 526 48
582 191 81
179 611 115
668 469 187
242 457 133
288 155 15
656 445 21
430 140 175
686 549 187
252 386 169
274 383 80
51 411 55
562 547 65
19 377 127
77 52 37
65 329 122
56 345 65
208 589 59
263 421 14
429 214 160
656 340 154
494 130 15
323 576 180
531 189 91
559 234 65
369 682 42
527 628 1
547 405 173
349 8 62
158 346 170
696 322 15
589 362 137
164 617 3
613 303 147
318 528 104
580 266 116
66 297 72
180 456 154
184 176 56
682 398 149
240 546 1
510 264 110
615 63 129
235 554 68
197 101 146
213 646 42
208 539 166
452 508 170
492 159 136
146 29 159
409 384 5
208 267 12
242 154 73
16 94 25
384 422 53
5 434 67
271 130 12
523 254 180
504 347 169
579 187 85
686 534 81
624 405 120
90 571 33
307 682 54
305 132 129
348 477 178
525 547 65
131 185 21
518 350 30
224 55 54
560 455 122
394 392 16
591 398 43
609 573 28
566 387 56
481 578 27
87 475 11
89 269 20
307 361 140
506 428 160
412 455 81
634 63 173
208 185 50
402 207 101
592 312 49
141 91 19
505 437 16
156 474 175
178 389 91
318 665 134
91 677 149
198 415 108
60 560 40
553 610 81
181 167 24
377 136 155
267 177 83
217 187 144
556 629 16
219 64 107
693 649 177
340 181 63
624 296 144
691 116 80
657 77 67
431 109 162
86 682 61
381 473 123
291 249 61
144 155 35
136 258 3
226 100 2
287 4 172
255 30 49
498 631 142
483 295 53
381 531 50
487 72 93
505 506 139
17 173 16
108 566 46
184 555 25
40 90 172
645 358 159
60 611 93
175 401 46
144 53 73
128 385 114
100 313 53
692 147 162
696 330 173
18 16 66
344 487 165
498 501 8
5 144 17
618 458 168
357 156 96
316 189 178
99 265 3
507 401 71
568 411 187
322 524 98
562 119 93
655 354 169
578 82 150
534 605 92
660 472 136
135 250 28
155 13 59
425 363 12
431 197 28
569 692 80
327 338 147
13 358 179
149 176 118
2 184 54
533 310 22
654 572 43
203 491 175
467 554 118
547 20 116
426 690 104
15 90 171
143 12 122
489 521 17
192 382 92
439 242 89
63 4 97
569 198 119
643 51 187
203 430 182
110 373 182
21 684 119
38 502 86
477 337 135
107 157 29
200 82 28
145 135 135
523 51 49
273 615 82
162 245 15
169 464 80
76 445 28
32 11 57
106 339 147
635 237 156
441 150 181
308 366 159
695 136 2
396 5 5
404 601 82
16 96 41
73 511 87
526 682 180
426 442 117
505 160 77
119 176 173
534 99 89
300 485 180
253 117 38
550 272 24
694 67 116
170 371 49
480 37 126
21 636 163
255 112 165
498 388 161
86 62 112
441 623 61
159 103 104
327 85 32
154 156 22
554 395 151
620 77 94
7 449 78
675 112 14
493 625 66
287 249 6
650 534 42
479 526 81
50 355 135
536 197 157
51 358 96
179 511 133
392 73 25
180 71 109
295 376 94
374 156 22
591 449 71
279 248 14
59 70 118
269 104 43
21 221 116
335 532 11
667 393 130
5 665 121
28 637 150
190 293 57
188 424 30
127 656 29
122 553 143
540 489 37
239 48 181
514 471 175
629 552 127
301 541 171
128 254 96
224 339 70
375 677 75
532 194 51
625 346 94
292 488 125
320 106 12
662 3 80
199 619 163
394 264 5
511 308 114
138 99 3
28 521 138
656 699 48
525 295 84
162 107 101
327 180 9
314 142 28
209 315 170
269 418 105
638 287 118
95 25 94
517 262 5
515 518 166
222 151 169
223 298 88
348 343 96
456 159 26
193 497 177
562 691 76
509 500 187
290 242 150
513 567 54
660 105 144
254 42 12
589 517 90
435 61 164
387 232 115
547 551 122
504 239 96
75 338 144
500 192 186
76 286 58
243 304 66
263 522 36
413 77 13
420 496 119
327 97 66
68 304 83
153 558 136
98 274 86
43 583 66
492 88 178
301 144 117
59 231 78
98 379 132
611 205 142
261 246 19
693 597 153
482 82 62
446 23 9
651 200 48
300 523 185
389 515 187
470 540 182
576 664 151
564 91 179
587 68 62
324 416 123
192 163 69
46 675 91
531 303 101
544 431 25
442 464 67
412 18 124
19 385 113
270 298 91
575 108 172
339 380 74
92 116 41
131 364 75
360 124 70
177 578 80
395 121 122
3 148 43
676 623 107
450 630 46
15 27 122
567 23 174
91 551 139
171 331 86
407 234 27
149 240 181
16 266 144
475 514 24
658 315 4
425 302 18
684 575 31
29 35 30
249 344 59
676 37 156
147 137 140
289 548 40
119 618 148
91 316 23
169 510 129
361 515 186
302 61 117
362 424 14
287 502 63
548 555 178
267 191 81
421 18 122
426 406 27
144 492 13
59 373 168
537 88 52
93 288 116
246 414 69
223 341 170
337 398 88
494 44 168
78 163 13
70 368 52
159 167 152
636 2 72
53 52 125
122 108 139
592 369 98
322 638 130
139 285 48
668 269 178
307 581 72
509 167 92
615 422 119
430 450 148
682 14 162
291 576 80
364 283 173
504 104 178
688 226 165
40 16 69
180 232 118
379 139 17
333 419 49
68 310 46
16 393 128
218 210 64
373 699 173
550 9 87
294 129 25
4 440 65
640 612 109
492 427 27
139 442 26
109 555 80
623 77 34
211 233 26
204 171 63
100 693 19
436 245 99
505 126 38
359 223 167
502 412 30
339 529 17
568 397 111
303 76 178
384 696 117
257 403 146
517 606 150
558 290 165
137 542 152
21 575 3
62 66 76
332 351 126
587 155 115
46 80 178
688 385 157
565 171 48
294 346 124
10 548 165
627 78 64
78 670 122
439 578 48
695 618 20
242 30 49
406 192 119
249 603 83
586 79 93
184 216 43
293 602 64
619 348 157
370 507 85
225 521 186
280 192 167
461 270 9
135 506 105
246 43 36
138 606 17
683 438 80
559 202 125
495 58 87
31 572 85
620 432 45
279 248 107
121 258 179
542 692 148
214 200 87
499 422 56
498 662 169
68 640 181
346 282 117
562 390 64
665 350 115
143 332 95
72 556 49
357 646 144
312 299 45
224 528 26
433 24 27
569 169 159
255 614 144
672 238 34
504 209 94
57 276 129
357 228 134
503 321 124
607 183 174
43 383 89
619 462 11
528 657 104
223 597 26
192 659 169
375 158 85
319 428 75
305 391 78
572 643 28
648 671 172
299 213 172
70 453 147
214 129 103
527 459 12
233 25 147
446 362 52
319 289 56
265 439 152
94 682 170
533 377 46
230 122 97
403 507 112
581 553 181
320 45 59
651 672 127
213 393 182
92 653 77
420 632 142
533 194 161
249 192 96
272 69 2
142 680 91
664 688 10
517 104 20
364 386 105
254 205 122
255 495 33
324 417 106
129 665 53
663 109 34
138 154 77
597 332 76
631 549 128
290 208 176
678 7 13
434 150 78
445 653 44
238 278 18
297 51 47
140 259 55
277 164 151
67 197 152
574 409 108
556 287 82
44 339 80
426 13 167
88 509 105
105 647 58
27 423 44
14 126 152
218 164 128
365 588 73
315 563 161
25 457 66
111 545 43
155 22 32
332 142 47
34 686 107
427 210 129
501 513 106
412 525 69
37 468 32
261 88 101
361 694 158
116 69 172
111 491 111
297 294 122
661 104 57
537 126 97
371 102 36
572 434 76
524 691 118
656 215 6
244 369 86
527 287 39
353 306 4
478 108 144
469 47 178
524 312 113
295 263 114
597 189 100
205 435 120
667 432 46
474 377 80
316 446 47
316 417 164
700 411 110
257 567 172
414 436 18
10 173 123
300 437 172
15 104 16
491 153 41
244 484 46
73 662 6
148 98 185
679 419 171
658 504 46
131 202 50
388 92 176
162 86 78
469 442 165
630 602 52
491 122 101
193 121 86
7 690 81
115 259 167
28 360 114
31 2 107
601 465 4
511 186 32
583 451 64
588 320 91
235 511 151
65 95 68
670 335 66
227 288 119
535 489 36
381 361 6
371 153 86
637 254 13
237 47 13
658 274 57
13 176 88
107 296 79
138 11 82
27 3 165
392 581 183
521 148 122
307 12 22
410 356 86
533 455 170
672 582 105
390 316 141
669 42 82
666 234 129
556 415 170
387 294 154
276 153 138
59 592 76
534 552 161
532 408 163
389 237 138
95 144 27
529 168 75
80 676 104
608 289 85
411 381 95
693 637 77
379 524 157
155 14 185
553 539 19
187 527 153
340 497 104
441 700 105
395 220 146
390 375 167
488 63 14
344 329 88
119 144 110
463 219 23
389 465 118
194 513 171
523 282 70
497 78 110
667 564 175
537 473 40
297 514 146
354 67 12
132 5 80
560 484 127
239 599 161
14 86 108
525 527 7
15 669 125
260 677 180
161 449 19
559 123 185
201 3 74
115 13 185
586 332 61
505 166 117
673 468 84
277 664 17
540 690 96
14 341 160
351 647 140
517 237 53
295 460 91
463 497 91
470 176 49
274 266 24
387 11 97
697 39 85
498 636 139
585 343 97
538 402 142
489 486 177
57 495 80
490 296 43
185 611 46
603 144 151
363 236 151
393 230 124
77 511 56
661 505 176
5 291 61
1 171 185
427 380 33
319 422 48
381 600 52
36 72 72
465 468 121
396 7 28
198 270 127
674 583 20
427 559 157
470 624 14
509 579 180
649 209 39
363 617 148
23 399 21
539 632 100
4 584 47
573 454 114
399 407 91
192 251 104
168 296 118
370 142 28
358 555 148
288 154 80
381 371 100
46 374 129
594 30 26
471 655 96
251 548 143
554 62 110
500 528 105
32 230 43
65 667 100
292 471 19
17 234 148
466 616 6
209 417 119
483 544 87
27 551 98
619 35 178
352 443 56
255 680 153
700 260 182
163 173 169
430 440 151
451 459 143
280 24 156
589 124 7
343 486 48
696 604 45
541 692 143
86 346 108
212 281 40
507 45 93
9 503 155
70 52 150
292 660 60
240 273 47
443 273 168
47 698 113
560 235 150
605 40 24
553 660 73
678 632 103
619 512 59
649 363 100
102 4 110
387 173 176
30 284 94
555 656 172
197 644 102
249 679 162
43 465 83
557 465 56
160 23 90
77 500 30
580 676 110
39 422 155
472 83 34
184 260 76
48 572 15
387 539 183
491 335 80
505 542 48
395 427 125
210 462 123
332 7 84
416 389 47
695 312 102
157 74 140
10 86 108
605 188 67
653 525 86
590 156 71
510 234 116
594 422 159
580 497 116
285 585 42
73 416 48
321 144 177
497 227 68
647 245 25
390 347 87
368 654 82
50 518 13
566 621 183
124 592 186
324 491 42
529 7 17
245 183 155
383 568 110
349 229 13
675 397 31
522 68 63
582 384 42
125 666 40
137 642 42
603 12 117
527 632 141
22 421 132
616 31 173
82 449 108
619 229 116
431 665 170
193 666 181
597 215 92
555 350 43
89 77 99
501 168 63
360 31 44
377 632 65
60 40 13
118 491 85
157 76 101
242 475 6
32 337 121
382 623 13
344 520 42
71 133 109
229 50 111
215 514 35
446 3 54
265 250 115
582 685 123
680 608 95
288 377 95
297 59 68
560 1 32
165 38 129
651 642 6
514 490 184
89 300 2
497 697 109
658 150 124
386 195 6
396 472 75
522 99 146
231 517 168
433 18 124
521 685 101
523 421 105
646 274 22
403 246 26
108 667 101
503 163 102
463 122 147
113 507 122
449 87 93
375 449 119
519 103 8
542 597 173
15 338 101
145 380 74
483 630 18
65 343 86
49 256 12
416 522 136
158 35 51
121 655 63
21 36 82
64 373 7
195 60 50
209 503 19
627 308 130
665 617 54
527 254 155
567 83 123
370 94 140
308 193 178
297 401 159
263 490 71
51 27 132
598 155 40
588 569 137
637 499 40
699 46 58
162 266 182
108 312 156
331 253 147
685 300 62
696 197 112
169 63 159
37 174 70
422 136 182
75 296 21
15 349 179
283 378 90
270 146 102
641 340 5
672 508 21
328 54 75
205 86 6
638 478 95
82 112 174
670 146 109
39 305 48
481 511 140
1 114 115
429 248 44
429 252 183
337 264 63
608 589 49
683 670 126
624 372 69
85 671 115
633 349 131
356 27 156
590 330 135
169 103 61
18 287 97
628 480 113
212 191 185
334 255 46
105 669 45
401 334 170
100 126 164
317 141 174
623 354 31
304 389 93
117 518 43
667 151 95
648 196 22
207 103 18
22 679 154
374 174 55
450 553 104
629 637 186
498 484 125
17 352 160
572 546 183
58 640 144
564 436 78
686 75 163
500 500 172
223 646 5
576 491 84
184 159 143
281 624 117
541 494 60
583 487 95
586 626 152
280 106 99
296 279 100
504 109 133
326 573 1
395 480 134
286 201 180
162 243 118
620 276 72
503 171 33
494 360 14
683 570 60
27 685 144
321 169 101
186 251 36
308 417 177
678 186 2
243 210 61
696 211 69
74 268 56
316 506 118
240 631 118
293 447 91
183 521 126
529 182 115
478 220 85
175 288 127
117 9 107
623 158 108
370 205 120
84 342 145
664 604 72
672 351 172
19 109 140
126 461 35
422 48 182
317 434 40
256 187 159
512 81 76
358 271 130
379 39 46
223 47 88
352 612 41
183 614 59
74 136 160
187 64 52
543 539 73
263 38 1
37 396 6
413 419 2
474 106 29
211 119 71
261 251 45
683 589 83
421 460 158
241 308 70
317 28 120
370 631 10
471 356 95
360 367 104
83 115 81
657 111 5
290 15 6
439 639 13
441 319 62
70 437 50
235 575 101
383 671 7
27 569 34
502 686 82
192 447 160
536 87 25
452 497 82
293 367 134
512 85 138
379 688 50
206 220 150
268 26 119
192 107 185
561 120 167
681 614 100
75 409 33
373 242 32
654 303 133
57 556 36
628 387 185
323 519 169
469 456 170
176 309 146
484 438 44
219 582 64
53 105 134
683 474 139
259 286 128
478 130 11
32 431 137
639 628 131
374 361 62
551 314 79
382 295 16
452 346 143
571 282 149
280 433 117
511 678 92
573 560 173
580 70 30
147 679 151
264 283 33
330 46 59
215 536 156
102 535 95
241 512 179
444 517 45
340 433 56
440 273 157
635 61 8
472 619 89
677 101 164
581 325 16
254 292 79
235 263 178
580 540 27
637 56 68
550 667 78
611 295 51
371 252 156
491 127 170
533 596 86
528 10 3
125 9 120
578 286 184
323 581 33
381 386 91
654 299 13
276 681 81
263 659 78
403 563 29
216 56 103
396 353 170
508 103 7
641 19 95
608 96 46
65 376 49
657 448 50
169 349 133
364 368 122
243 414 76
568 562 99
164 437 46
319 609 129
312 637 65
140 164 99
328 279 81
338 212 179
9 192 186
74 563 45
188 311 145
13 321 13
308 501 94
568 683 170
273 331 71
440 243 34
290 625 10
626 71 91
430 481 96
76 39 62
188 455 59
39 282 186
571 669 60
413 540 152
480 168 159
322 149 83
492 426 32
4 251 4
381 503 45
144 157 57
367 316 147
181 652 151
542 672 170
668 247 113
136 209 146
407 427 68
34 219 42
648 409 172
265 5 21
574 612 82
646 644 1
615 71 68
554 148 144
37 150 110
16 246 140
345 113 155
57 137 137
423 76 172
348 469 74
54 482 136
528 62 102
357 87 60
393 70 131
574 259 64
115 165 82
201 345 42
426 470 82
585 215 128
263 311 117
519 287 34
170 581 110
110 445 11
285 351 111
471 668 178
579 675 31
627 549 45
108 432 86
493 127 174
488 516 31
302 346 178
164 363 146
173 681 165
552 483 129
372 442 66
548 609 108
551 225 102
184 487 36
370 98 155
355 489 180
439 562 126
145 145 97
13 180 60
134 582 126
403 688 33
459 248 168
612 271 100
563 276 5
656 430 105
455 259 152
217 345 40
376 253 179
531 241 83
251 139 143
691 502 149
551 503 64
152 142 127
489 656 40
586 190 85
562 301 106
312 87 40
307 398 76
232 221 13
573 321 102
331 678 126
287 554 4
131 491 80
632 603 178
343 47 43
400 57 82
280 543 119
255 389 169
357 321 107
90 116 84
89 175 163
144 410 27
333 219 98
356 477 137
341 196 158
556 130 26
672 503 178
197 400 18
232 142 117
432 372 89
384 659 21
527 586 78
596 378 111
587 557 11
56 212 55
281 454 19
543 433 138
85 544 74
227 319 144
382 242 102
400 506 183
139 74 168
497 45 154
62 215 10
554 39 45
522 142 100
181 538 185
279 413 180
387 458 51
90 60 155
662 349 39
34 52 77
48 579 119
291 444 155
518 428 49
252 44 105
111 213 7
15 369 47
243 194 119
543 261 86
193 71 164
638 473 130
483 641 40
190 116 4
209 434 138
70 263 179
675 647 105
222 85 129
491 623 40
104 404 154
223 134 63
342 159 107
473 638 152
599 12 60
135 496 24
246 141 47
84 579 185
320 411 152
14 95 24
390 42 167
415 148 176
186 205 111
468 191 4
60 406 185
161 267 33
606 656 32
666 614 154
109 53 157
171 427 174
92 79 39
306 201 122
233 41 104
540 69 34
403 175 187
328 543 140
480 174 56
24 263 185
68 521 140
212 130 155
284 359 64
352 456 135
496 548 77
352 481 176
369 300 10
541 347 178
685 320 70
317 275 79
357 232 109
400 440 180
537 369 146
411 221 136
410 573 150
258 525 13
174 403 41
69 238 179
155 47 68
682 662 183
476 108 123
512 117 49
387 195 180
452 134 4
415 389 66
371 264 141
585 696 111
105 325 119
492 536 45
420 165 134
245 466 158
96 602 169
47 282 108
132 494 100
466 154 175
125 360 134
229 115 126
479 384 33
503 694 74
368 296 72
287 443 77
391 167 146
503 470 90
119 154 126
249 424 154
455 134 164
171 138 69
160 399 47
378 176 109
428 18 141
191 281 154
580 488 126
629 644 174
504 341 51
603 251 1
541 252 44
351 572 111
219 657 125
430 30 95
336 383 1
367 297 63
2 493 34
690 391 156
348 159 143
245 572 164
512 72 71
18 638 148
493 608 121
406 250 35
541 329 179
301 582 14
76 130 153
627 550 162
364 530 71
3 656 149
129 587 3
371 18 131
670 319 177
275 204 24
31 625 119
378 22 28
527 199 175
306 356 109
465 215 81
502 227 137
244 482 114
686 643 79
301 672 9
656 602 35
62 151 58
19 149 34
450 190 143
195 225 126
139 678 116
286 324 78
170 211 170
233 224 56
686 248 63
618 243 63
502 216 32
5 367 47
560 387 15
204 39 143
254 317 154
364 87 50
33 687 125
120 633 181
249 45 150
24 319 17
69 352 7
21 590 163
561 263 161
647 318 114
700 557 120
419 461 12
278 469 40
589 476 66
252 29 106
109 460 11
157 654 23
212 246 22
642 542 125
639 606 101
650 92 119
12 444 61
462 207 115
457 287 85
430 633 167
60 435 50
424 157 94
9 609 117
151 150 115
83 500 124
263 131 13
387 578 136
305 647 13
438 115 172
2 245 187
210 378 36
325 266 123
525 460 160
223 388 111
475 39 147
645 543 88
454 319 67
551 8 50
204 111 85
690 142 67
542 652 67
447 147 134
59 139 63
253 410 65
412 176 137
326 313 115
185 448 6
514 670 2
645 238 182
434 574 70
101 361 148
165 677 10
261 413 49
167 407 165
308 219 55
4 132 153
489 12 103
304 492 5
226 468 76
367 248 142
159 236 104
653 489 80
266 630 29
613 293 150
509 162 4
388 127 186
150 503 106
275 168 186
161 40 77
654 307 183
651 304 21
580 353 46
118 497 104
168 456 157
554 526 48
252 573 90
318 180 92
654 317 80
86 248 60
510 486 8
511 341 74
62 189 73
623 182 137
5 166 151
10 486 1
69 398 34
675 47 22
287 281 34
288 35 16
15 1 98
490 320 20
43 441 9
159 358 151
487 442 47
608 430 73
248 653 54
700 655 149
546 113 174
578 379 6
465 180 119
179 309 68
547 202 170
666 13 97
493 327 40
59 141 156
698 112 118
354 236 68
61 413 133
525 679 110
694 341 70
108 549 35
74 104 151
226 155 138
654 480 128
678 489 171
225 112 67
366 29 142
261 341 163
369 130 59
476 398 185
505 133 116
325 430 29
166 688 93
639 415 183
61 21 172
398 253 8
314 341 61
175 382 169
406 184 103
353 239 27
138 389 152
403 196 86
461 355 62
136 219 33
459 123 178
38 27 115
322 28 173
186 176 126
471 465 65
256 312 88
426 626 184
194 46 96
352 300 12
410 251 117
270 558 182
189 566 140
63 31 181
265 158 143
217 77 131
131 56 38
499 512 56
646 576 145
60 520 139
87 424 47
279 652 184
651 489 135
561 430 15
401 269 26
35 298 157
382 426 102
206 34 140
261 345 126
2 388 118
582 206 110
627 291 85
122 190 133
213 421 56
165 176 21
70 128 58
33 231 57
195 86 140
657 338 29
409 355 3
355 451 128
197 65 89
576 182 172
690 451 144
120 387 122
106 42 154
151 524 149
114 510 181
158 497 125
118 356 26
43 534 100
413 287 72
258 334 39
514 476 99
669 34 49
428 121 114
197 191 60
9 442 53
575 580 11
470 159 133
535 519 120
377 524 52
106 35 153
23 384 139
169 191 86
92 629 37
183 653 5
501 680 81
298 561 144
320 10 119
314 328 103
66 663 138
322 316 51
637 545 131
218 153 6
450 129 21
587 595 80
369 546 26
643 417 96
94 439 153
136 532 109
227 659 98
313 320 157
122 217 65
291 554 143
669 458 26
331 185 149
278 82 107
602 14 173
12 207 10
499 49 13
440 572 3
370 628 137
22 267 168
84 170 74
372 649 35
336 677 147
37 23 103
8 473 96
559 180 60
406 593 18
696 228 16
105 501 143
348 640 79
384 313 12
635 63 89
409 260 27
542 216 9
533 634 5
564 673 14
486 156 27
208 249 97
275 207 133
9 365 53
606 485 8
574 595 99
74 592 113
374 223 3
82 353 96
112 389 99
481 404 95
523 431 12
40 376 163
591 640 29
18 502 181
78 599 17
620 446 163
339 77 55
132 473 8
78 477 153
74 262 184
257 17 127
669 251 186
661 159 87
364 690 113
358 196 7
495 288 133
198 19 26
245 592 8
84 289 94
644 192 86
308 25 132
634 421 94
343 118 178
674 265 175
601 578 63
101 242 149
692 210 99
468 69 187
395 81 63
210 675 30
699 687 136
93 666 179
158 335 111
277 228 45
568 162 127
356 677 139
555 317 108
390 375 126
265 685 85
218 353 95
320 569 74
81 161 41
318 695 1
143 187 158
118 166 49
182 676 127
480 639 6
2 494 29
567 22 15
696 547 116
389 456 82
371 535 26
10 618 163
32 341 158
608 142 50
29 485 113
598 505 183
75 173 14
197 104 19
297 622 182
520 323 138
24 178 86
470 141 124
367 609 48
467 260 24
216 608 116
453 342 49
444 273 68
480 274 19
312 625 90
94 654 171
646 444 113
631 471 170
100 65 170
452 17 140
435 662 63
557 364 25
249 107 147
286 193 146
519 690 47
38 257 168
614 261 172
230 612 121
616 234 113
310 60 135
214 193 131
137 491 159
462 253 65
439 476 186
197 281 184
379 414 141
401 348 124
65 330 2
131 25 30
147 623 141
177 195 71
700 566 154
28 554 103
18 258 151
621 317 1
407 74 79
105 41 169
55 399 90
432 308 111
181 416 134
17 639 33
156 530 137
104 336 59
464 500 157
112 316 14
305 393 16
485 21 78
216 376 42
65 44 65
380 371 31
557 88 10
55 78 3
174 57 147
342 649 168
301 362 96
383 254 106
74 581 157
368 93 15
583 52 108
271 367 89
500 687 47
12 466 147
300 241 129
457 96 46
128 575 163
365 433 146
646 25 174
321 195 129
314 476 74
508 233 104
227 215 117
642 309 10
13 632 9
476 413 181
120 26 175
273 537 178
523 552 96
391 15 17
419 316 152
120 260 159
233 383 40
696 119 75
629 544 25
455 501 134
231 490 104
132 439 171
63 144 108
608 296 29
337 490 48
65 471 161
288 634 168
66 326 5
523 272 28
648 156 176
516 640 18
300 294 106
336 162 62
376 262 60
614 331 102
12 105 38
421 613 103
339 158 47
694 23 8
473 122 44
244 515 180
332 175 82
641 518 7
421 130 13
251 433 118
689 334 84
686 393 31
397 690 27
323 318 43
290 409 121
233 295 52
423 120 132
348 352 96
274 4 91
577 493 53
36 138 175
506 223 100
379 174 128
444 601 5
697 285 57
371 488 144
52 142 160
608 220 168
392 617 43
57 61 21
622 457 141
526 685 81
274 507 54
302 686 6
637 269 70
128 104 69
391 307 42
185 92 66
617 574 87
279 39 85
342 95 88
302 15 1
118 343 157
94 278 103
364 577 68
470 181 44
325 563 154
272 506 141
207 520 183
574 226 124
600 377 185
398 465 1
197 176 129
460 421 126
8 389 31
114 128 164
442 418 145
37 245 144
314 464 131
455 82 68
580 352 181
113 342 92
340 253 160
27 482 33
25 258 156
128 499 186
553 490 170
645 688 39
2 505 142
186 414 120
338 685 45
22 100 135
550 495 60
281 495 51
20 211 11
700 143 134
200 222 120
247 662 177
501 395 134
549 579 40
137 14 183
509 377 8
2 541 153
667 16 108
570 539 51
474 557 49
67 540 163
186 398 50
314 544 125
127 18 83
2 71 135
137 596 166
238 516 10
356 592 68
125 361 78
345 106 64
152 369 69
539 633 153
361 194 155
24 164 10
168 400 142
196 634 80
137 648 128
508 582 55
157 531 1
505 245 28
266 526 34
18 333 129
427 356 63
618 616 146
170 65 146
480 443 61
286 510 10
484 450 83
690 479 18
466 683 105
543 129 154
681 688 99
298 239 169
440 552 83
543 330 160
240 698 160
207 532 155
602 377 149
333 88 108
272 651 66
199 100 6
192 184 184
112 192 102
250 235 183
674 236 146
672 226 33
434 510 72
211 694 126
158 328 24
48 658 113
14 504 117
557 92 6
113 693 30
563 418 17
111 416 118
118 474 178
391 385 108
92 629 122
492 261 128
354 70 132
25 287 20
446 556 12
219 408 139
205 672 15
384 696 176
416 49 58
234 529 11
76 246 176
623 378 140
456 149 181
58 207 154
597 269 56
371 205 154
468 536 118
587 277 144
530 632 28
665 557 97
142 672 86
92 412 90
423 471 94
369 157 37
71 277 71
425 654 66
450 288 9
503 628 96
46 42 20
476 16 49
188 13 12
439 330 127
305 439 38
215 697 142
646 575 34
206 184 14
392 491 164
472 331 21
438 172 38
577 414 55
6 365 27
532 597 50
586 104 123
683 485 14
497 34 107
81 123 30
318 318 81
238 332 87
231 96 159
601 557 64
679 540 7
230 283 112
617 216 133
344 670 77
450 414 103
15 117 155
134 266 74
274 296 142
223 242 97
455 186 169
623 550 101
620 505 172
619 414 15
303 179 39
152 641 72
529 370 24
371 659 93
346 549 30
402 265 57
18 343 66
441 24 32
353 187 104
584 583 99
64 257 117
569 483 63
2 676 11
333 343 102
405 520 43
298 27 80
416 41 169
197 266 120
270 686 38
141 386 9
437 46 61
227 406 116
320 322 132
508 34 143
675 592 77
60 548 94
629 211 16
213 158 49
190 246 75
616 610 172
111 689 43
69 601 26
299 5 109
449 565 132
356 1 138
368 311 105
610 369 186
182 182 161
188 87 96
217 253 13
616 148 136
92 290 52
138 407 59
391 481 36
687 396 43
139 265 108
692 470 94
580 408 184
356 589 129
556 264 7
272 451 168
598 153 17
107 153 114
119 258 21
280 344 135
634 146 173
230 650 95
471 489 53
487 246 93
155 170 49
322 269 60
66 640 133
294 312 52
686 292 70
690 356 105
628 153 167
549 606 14
698 270 114
455 601 3
439 334 92
539 43 148
23 489 97
376 557 182
201 387 2
205 138 169
662 371 186
215 594 68
280 566 66
447 57 160
394 618 95
554 666 145
233 672 16
332 314 135
32 372 165
295 31 159
383 505 30
271 197 59
536 59 57
384 362 151
249 424 127
198 299 89
497 201 26
488 672 108
106 51 19
42 29 156
31 481 98
279 573 2
184 649 116
640 101 166
552 393 34
405 649 68
419 297 161
37 613 171
272 414 6
529 170 15
602 24 127
588 531 134
248 219 140
81 166 45
308 239 88
48 554 147
436 628 123
161 344 178
325 28 145
231 486 96
441 459 171
227 219 76
219 412 75
116 337 87
32 571 123
449 59 170
527 635 21
99 469 68
456 567 14
142 538 185
395 655 141
86 125 27
280 296 110
24 288 91
315 444 102
700 114 131
522 300 164
85 567 128
393 29 142
20 34 23
339 237 22
435 143 19
653 615 66
599 333 6
178 357 64
656 197 93
330 483 174
536 350 126
289 191 159
37 182 100
499 208 114
12 533 158
497 515 166
546 488 152
236 501 7
514 698 137
464 72 48
681 626 99
68 266 54
78 139 9
670 472 11
498 587 127
660 682 117
159 488 174
132 442 93
405 65 62
236 50 12
86 482 11
457 608 47
599 580 30
280 311 101
101 485 38
395 383 128
477 99 74
658 377 74
323 623 62
536 183 97
157 79 149
686 179 185
192 150 83
103 475 53
578 571 165
123 302 36
354 540 55
214 248 151
347 513 103
428 280 1
245 593 98
633 107 20
371 470 34
519 555 77
496 35 59
353 696 52
700 273 90
566 410 26
697 675 59
272 583 11
667 474 92
11 380 108
297 273 60
648 244 52
498 399 44
645 491 87
628 256 172
421 623 148
206 539 100
138 693 89
45 252 152
126 217 27
101 570 137
654 101 18
335 511 23
139 295 118
393 44 114
222 158 139
564 7 55
310 602 38
24 403 43
519 169 153
545 463 136
462 494 95
262 303 5
303 604 126
496 395 70
517 410 178
166 218 86
564 589 102
34 457 155
231 237 52
314 45 68
116 188 101
552 596 127
295 559 50
176 272 27
652 466 20
654 331 25
207 329 38
566 247 79
317 607 180
45 8 132
645 317 177
676 674 144
303 190 86
370 274 73
391 579 81
569 275 91
206 630 99
681 229 18
664 383 180
444 20 29
451 322 116
223 679 63
16 546 49
676 439 14
633 200 63
621 182 185
219 577 168
434 364 148
563 630 78
423 698 8
383 674 59
266 251 31
125 416 37
392 346 115
664 493 36
551 376 96
72 302 73
651 257 144
224 434 113
522 139 162
449 279 48
573 119 173
387 426 181
29 470 30
29 565 150
7 11 3
256 576 162
202 312 147
282 147 87
509 37 83
122 570 119
649 357 99
603 396 123
82 211 42
76 358 29
621 323 90
465 211 8
639 635 160
71 85 16
659 137 128
455 608 185
343 273 164
88 58 130
358 253 60
600 407 103
549 584 85
627 279 134
149 547 114
584 421 44
670 174 115
215 542 10
512 395 95
443 596 83
134 226 150
74 318 161
80 57 58
238 413 89
283 280 39
512 560 176
120 554 184
519 32 157
358 121 136
293 112 79
367 504 161
589 514 147
48 337 57
673 128 170
96 425 74
696 305 187
216 158 131
343 668 101
276 113 125
124 413 56
382 110 120
291 317 71
491 409 69
386 622 184
226 656 76
678 309 6
627 397 29
252 477 73
91 118 116
518 197 22
275 524 168
683 301 16
220 51 57
537 337 63
257 136 123
501 212 55
383 272 28
700 44 97
587 153 173
338 580 180
697 417 48
519 116 2
174 164 68
563 277 61
150 317 101
380 35 37
520 198 14
129 524 134
695 416 75
330 276 165
226 46 122
153 631 55
425 188 121
661 332 88
357 356 98
268 649 148
591 465 161
242 101 5
687 25 124
662 623 145
305 380 140
82 277 185
254 224 169
415 253 90
107 332 72
25 194 115
441 665 67
553 560 111
15 486 71
451 241 131
634 112 164
643 357 27
303 270 2
109 627 108
283 588 160
532 698 141
475 130 41
248 658 84
122 134 123
280 677 178
196 524 13
66 122 141
169 666 69
178 456 183
361 59 149
290 418 81
613 208 186
206 218 182
444 408 86
293 124 71
505 96 171
157 166 171
35 208 62
310 105 16
211 89 64
530 486 38
498 22 25
67 653 15
518 577 157
565 622 107
68 24 33
60 635 1
230 480 79
444 402 136
507 5 36
220 323 54
180 156 36
70 673 89
73 375 178
212 259 47
298 6 100
371 200 98
680 498 127
3 356 186
686 212 35
343 442 174
678 589 148
535 37 168
577 570 17
617 353 155
590 199 79
101 11 181
27 65 108
549 634 123
354 148 173
127 693 25
602 443 84
372 620 110
361 76 47
629 227 14
409 503 8
403 199 121
206 456 24
678 627 175
501 185 141
119 353 6
71 665 107
491 31 86
153 96 113
121 448 178
210 436 15
498 71 152
342 449 75
573 98 113
506 363 14
303 326 170
350 446 152
487 268 27
53 413 31
692 169 107
414 142 171
567 235 167
671 293 132
176 23 80
594 488 103
133 490 39
397 494 2
659 145 6
37 63 135
17 575 20
462 197 19
256 81 118
459 219 148
192 223 6
381 496 114
216 668 150
249 668 11
674 251 184
78 649 179
218 475 177
631 474 154
656 417 137
583 694 121
449 573 150
615 268 137
168 329 90
454 476 23
413 82 73
496 177 4
398 75 72
212 519 81
181 140 109
103 134 186
73 282 187
559 405 83
276 149 163
102 293 170
550 468 154
536 197 54
410 344 42
231 624 22
591 213 76
614 371 12
77 397 144
369 230 77
111 86 163
329 11 150
363 151 70
506 440 109
382 138 150
114 530 160
486 240 7
444 571 172
160 361 3
553 631 170
145 168 78
438 519 44
122 443 177
690 251 77
69 163 38
291 658 159
296 127 90
468 370 156
97 122 67
149 633 159
665 193 149
351 596 125
232 299 123
658 78 73
610 635 62
488 244 17
58 649 54
382 673 159
443 128 177
71 181 163
34 417 107
41 344 5
127 237 25
296 345 50
405 653 71
224 462 65
485 440 32
588 351 4
27 675 109
594 225 26
646 173 149
600 581 63
26 436 70
665 622 146
406 155 63
460 479 100
499 365 8
317 425 54
497 396 71
445 482 144
374 634 85
191 653 138
683 331 176
358 24 161
271 161 5
594 542 139
448 43 136
106 128 83
182 572 139
42 195 105
545 167 178
472 60 84
34 301 95
353 522 103
595 177 22
541 556 141
642 42 168
410 547 68
121 228 90
685 229 87
412 318 153
183 542 184
277 11 73
357 205 155
301 588 44
164 159 100
606 513 2
418 203 136
71 82 183
598 178 155
87 223 7
207 522 49
276 495 41
230 376 67
340 79 26
651 576 89
439 396 161
527 363 113
230 430 87
254 107 117
136 404 171
580 481 139
488 26 184
98 71 97
373 630 87
446 198 147
685 410 81
196 601 15
113 652 122
57 244 98
291 644 11
126 278 69
581 114 121
317 132 74
238 143 28
640 179 134
53 7 121
70 197 171
326 489 72
151 190 182
625 397 163
606 689 129
672 581 130
47 485 128
376 86 20
567 195 85
652 218 53
612 317 161
273 98 159
7 350 39
162 230 171
331 334 58
15 138 145
287 639 117
143 525 106
110 51 47
197 594 85
244 526 134
292 628 72
659 562 143
34 162 131
171 100 19
97 228 26
445 519 28
526 543 167
234 573 92
92 256 59
348 330 119
603 38 41
122 588 47
231 661 30
413 319 124
388 627 166
482 455 23
45 302 1
309 314 33
192 606 25
349 695 148
234 244 31
210 43 80
161 260 83
616 142 11
656 675 142
321 258 159
266 630 83
294 587 148
462 360 33
410 222 72
490 323 57
469 186 121
12 666 138
580 55 177
397 355 73
259 163 63
30 215 158
174 541 174
613 213 179
273 453 74
623 403 71
406 405 68
161 270 147
478 188 156
545 686 14
227 382 90
467 401 47
571 428 157
350 605 116
25 372 65
477 474 13
697 151 26
90 406 22
544 669 10
581 540 173
610 74 62
358 645 169
694 667 108
194 306 101
76 645 112
125 651 46
265 612 154
671 345 186
126 81 6
416 523 71
342 646 39
360 237 158
539 140 186
24 335 150
224 468 3
27 245 55
4 330 135
458 52 35
630 299 131
643 87 176
239 125 76
280 407 77
318 570 131
600 195 129
287 425 172
518 317 102
166 352 54
622 682 9
496 46 184
147 623 28
467 675 112
408 679 131
136 261 171
181 161 65
324 355 99
314 677 7
152 638 89
54 585 136
418 569 46
686 563 130
249 200 98
686 146 21
659 667 173
467 635 40
346 397 39
379 440 5
465 51 121
291 63 126
521 244 115
433 28 50
550 531 5
17 349 126
470 553 41
442 689 173
388 538 122
28 680 118
279 625 159
270 525 127
681 484 141
480 78 145
315 309 89
300 654 5
34 101 43
436 84 178
477 398 84
150 202 145
192 381 103
512 347 5
374 469 183
456 210 142
289 382 73
471 682 65
368 138 162
126 203 40
484 416 182
177 561 72
655 150 106
487 580 117
689 252 161
695 248 81
39 602 72
347 140 175
223 554 95
98 694 114
102 8 183
441 208 90
122 64 92
310 273 164
309 47 114
289 449 170
423 411 13
95 463 175
236 255 82
335 453 102
305 374 90
103 103 117
548 700 64
269 425 170
274 390 82
390 613 117
365 220 142
526 602 102
472 129 159
501 257 148
10 302 187
444 165 70
11 305 186
664 62 23
234 1 114
274 464 173
190 407 31
238 656 145
264 185 158
256 344 180
20 337 123
326 547 108
477 517 25
294 319 134
363 68 100
302 153 56
646 250 157
414 165 16
427 439 170
637 312 67
134 446 27
370 396 63
507 110 159
90 515 94
45 161 147
571 262 181
530 290 93
18 653 13
151 274 82
369 337 69
221 539 8
101 286 37
312 263 180
291 616 8
573 11 137
552 608 100
310 72 72
64 94 56
650 547 50
365 487 174
286 31 54
478 619 125
152 14 25
153 516 78
15 298 39
597 56 178
588 328 140
396 213 48
252 423 73
464 26 47
573 306 103
524 472 85
416 241 140
328 528 106
463 397 158
130 504 68
679 686 5
484 457 70
442 92 5
556 361 176
167 391 97
494 601 105
210 113 186
251 83 46
212 497 50
516 210 98
689 176 37
497 553 18
309 100 2
654 659 21
470 587 169
559 218 57
270 9 76
168 214 5
45 594 102
597 351 1
8 531 162
195 84 181
589 460 73
623 391 9
35 638 117
83 250 147
267 227 22
259 16 71
239 109 48
646 410 59
447 399 113
484 118 53
525 476 4
636 372 110
305 319 77
476 522 174
116 350 165
420 415 169
309 593 2
185 695 94
589 487 83
640 352 8
536 511 26
279 567 187
105 276 38
338 230 139
671 683 13
378 97 100
592 485 60
468 557 84
320 216 117
20 67 88
302 443 64
601 81 82
254 221 39
396 337 100
52 499 116
174 383 11
390 382 28
10 154 24
442 674 99
566 671 41
582 242 22
167 14 100
651 591 139
573 21 84
146 282 186
109 155 136
410 596 92
663 496 186
610 689 133
566 23 37
236 615 184
351 356 6
85 206 85
315 310 185
581 223 26
275 633 103
140 32 31
100 143 71
320 605 5
464 455 125
455 503 12
424 158 133
112 463 103
266 519 74
338 591 107
259 135 24
19 628 128
545 88 75
499 594 130
282 177 143
418 628 185
261 479 102
527 422 163
21 567 58
585 289 185
174 156 104
104 555 159
40 548 163
478 234 59
145 666 21
120 594 174
556 96 27
205 1 182
273 72 27
449 75 71
188 275 124
467 429 85
417 424 155
144 584 123
562 371 140
448 688 56
659 557 29
227 280 44
638 654 60
381 286 120
17 676 21
351 486 10
591 520 9
283 144 53
688 37 174
539 67 6
85 371 28
27 330 136
283 418 57
100 261 103
259 363 34
550 203 142
530 261 171
461 213 116
323 267 157
186 232 55
381 487 184
676 598 106
254 278 64
462 689 83
481 373 116
364 349 6
14 270 52
182 397 166
560 352 168
500 557 155
96 257 96
326 590 135
600 612 176
261 130 118
636 291 169
593 486 7
493 295 95
597 156 119
68 536 135
60 168 175
628 203 10
667 50 122
144 438 177
258 311 92
259 328 6
151 691 18
375 11 173
98 6 9
485 494 27
63 698 44
462 316 23
108 186 165
291 467 169
19 667 90
511 40 129
7 642 178
448 305 40
162 130 122
212 538 107
520 64 126
150 321 49
267 105 175
431 668 177
261 63 139
147 201 159
345 485 51
157 139 98
638 576 80
456 45 167
490 92 168
452 372 86
24 253 76
561 47 49
578 441 139
513 347 170
85 627 39
361 139 58
244 339 59
578 547 80
564 365 172
272 544 171
139 631 95
385 197 184
633 461 146
602 358 109
503 242 162
537 448 125
608 663 177
433 224 107
650 561 154
21 306 164
230 258 42
37 197 61
393 598 111
105 75 24
353 588 177
34 228 156
503 442 65
153 51 40
630 11 130
450 346 5
30 125 143
450 142 100
47 65 170
195 693 92
435 340 139
604 92 112
47 594 118
241 193 44
78 305 11
648 20 108
144 684 144
650 239 112
201 473 160
202 403 59
319 517 10
508 38 170
31 591 124
265 631 152
604 488 18
515 678 35
179 416 30
409 354 163
105 560 141
598 54 139
68 409 99
467 438 54
150 109 133
323 686 161
612 565 62
44 55 99
535 580 174
491 77 56
236 196 169
627 586 56
319 273 12
462 587 95
305 295 147
33 162 44
201 247 158
543 545 37
527 331 84
666 694 98
135 289 57
648 684 81
519 278 10
560 691 130
42 339 94
420 59 94
409 659 76
29 61 33
298 33 141
274 441 117
287 403 52
79 240 44
214 75 182
642 76 87
103 576 15
260 574 186
535 430 16
263 502 103
74 348 160
129 620 167
443 171 43
485 675 137
276 406 127
687 172 120
109 495 63
127 37 73
301 443 159
312 479 65
637 455 174
14 508 40
620 692 150
231 525 18
408 408 65
18 510 118
113 487 101
527 350 112
570 585 6
636 649 21
537 508 46
445 141 138
611 470 176
477 608 171
371 383 4
152 585 47
541 180 110
6 460 174
611 15 39
369 244 60
104 40 151
514 343 185
200 624 144
554 660 135
183 359 20
75 173 99
103 444 126
27 76 112
154 497 49
130 37 59
582 450 48
653 6 51
41 645 111
301 623 178
175 206 120
635 148 19
211 130 48
78 346 126
580 516 75
176 205 173
405 154 7
297 667 52
565 684 59
238 602 130
182 667 77
416 329 90
200 346 156
20 194 60
614 475 116
542 609 181
498 47 180
607 106 59
9 316 81
646 583 66
291 440 170
237 253 122
464 90 89
679 100 138
557 204 5
398 182 99
24 138 81
550 1 34
344 462 184
661 519 46
353 598 102
118 137 56
477 99 174
150 190 172
10 166 5
218 573 129
619 496 78
567 77 99
379 434 50
41 646 181
588 425 83
454 452 156
318 596 54
601 107 8
22 160 17
471 446 166
223 67 39
653 269 91
346 699 45
443 504 13
110 415 66
284 455 144
84 367 109
21 77 96
104 524 20
185 144 132
635 244 124
381 506 134
564 39 12
353 459 140
18 375 61
277 279 139
134 183 175
436 445 28
584 175 126
121 573 23
505 364 124
679 608 96
16 119 131
242 457 101
607 686 13
73 582 151
80 349 84
237 524 36
305 519 162
626 396 91
371 598 170
16 494 58
470 174 84
176 533 58
435 589 27
683 328 168
136 24 136
388 98 154
663 348 34
345 108 165
499 408 183
229 650 35
23 254 7
146 366 132
239 51 139
654 123 107
603 521 163
508 309 73
595 409 177
114 673 45
634 139 55
667 484 81
129 334 122
232 154 130
157 117 186
666 681 72
113 107 8
693 590 108
613 545 142
45 696 141
260 290 11
459 680 83
386 165 180
417 234 2
101 472 22
78 388 68
337 466 147
129 142 177
603 417 94
364 379 24
280 639 136
305 295 117
503 672 115
626 232 1
54 543 49
26 116 8
651 452 46
284 432 130
616 206 107
676 564 32
116 422 114
604 68 118
459 614 168
313 37 93
436 285 187
251 515 157
204 127 161
187 565 38
587 77 27
287 444 43
169 355 84
159 673 109
37 259 9
83 217 111
354 151 135
239 623 125
169 290 85
655 315 118
38 380 89
273 65 44
139 683 26
418 52 181
557 574 2
496 630 3
416 656 125
492 348 138
51 494 88
142 458 156
20 640 176
204 129 4
58 16 39
183 546 75
227 679 83
385 101 145
410 610 139
62 191 57
676 265 76
344 561 105
663 369 170
232 699 142
518 404 80
562 656 183
324 158 170
235 167 1
551 628 3
461 476 54
50 52 133
544 427 128
296 604 28
275 60 104
327 12 172
407 670 61
448 68 26
132 602 12
440 31 127
329 131 150
625 550 95
189 384 126
151 30 178
68 206 1
565 443 77
285 369 137
247 210 131
592 494 58
451 57 41
114 587 132
30 683 22
672 504 58
190 584 177
30 558 116
410 223 38
369 254 43
160 429 86
448 486 163
294 698 176
236 590 49
591 302 156
181 533 17
220 30 26
549 365 120
422 271 121
404 673 93
273 189 78
505 451 151
498 180 105
358 551 140
126 567 148
168 7 124
270 416 61
631 381 112
415 369 92
524 687 139
251 22 182
252 544 89
458 241 5
656 326 21
698 76 66
533 190 174
393 336 158
269 325 71
189 206 156
345 191 163
680 593 85
471 558 103
319 30 148
631 437 30
605 17 152
683 63 170
492 601 116
269 12 54
255 423 148
297 129 91
319 465 126
550 46 106
511 579 154
221 337 184
634 58 136
359 629 170
349 547 55
225 134 14
539 412 175
21 46 35
266 357 39
366 534 71
540 594 20
692 552 175
516 547 30
284 373 19
125 337 95
179 489 182
122 324 76
626 315 175
53 267 139
241 166 3
276 625 16
108 115 58
625 454 172
657 616 170
494 140 85
595 71 147
250 527 153
568 627 135
218 469 122
288 673 41
653 47 42
119 673 124
24 385 43
467 258 40
229 73 37
104 677 74
462 383 135
381 110 110
194 492 155
592 654 165
324 100 157
545 484 142
577 277 84
694 259 131
270 545 162
52 377 171
134 685 71
119 21 31
689 480 19
203 458 168
187 159 67
314 406 34
303 549 147
343 321 164
4 342 155
618 34 87
341 680 78
531 481 90
670 697 60
11 121 58
289 532 16
694 268 94
586 89 157
155 646 35
505 191 125
339 567 61
260 268 101
47 669 118
602 158 99
178 491 146
81 383 98
152 608 141
267 217 176
346 387 40
228 515 155
561 540 29
434 398 117
536 66 89
187 536 142
336 497 107
66 394 98
644 232 51
400 541 172
570 436 158
377 375 60
15 426 161
282 498 59
149 200 50
14 79 122
545 674 53
294 646 49
138 148 173
502 48 130
680 23 124
240 260 153
365 429 40
133 162 94
271 149 133
419 39 54
317 373 53
527 396 155
471 631 150
214 440 82
558 221 96
270 186 26
149 226 140
546 313 45
149 168 38
289 51 14
554 111 102
638 585 78
79 156 43
112 103 139
432 349 45
428 225 39
298 86 174
560 107 178
234 681 184
25 323 101
642 16 104
621 336 29
615 566 148
464 109 23
625 73 47
242 428 26
184 282 119
392 172 179
350 586 97
672 523 19
533 293 61
145 570 140
284 454 169
350 629 109
13 67 66
163 402 29
668 241 176
129 539 97
626 642 103
214 692 170
173 92 90
370 546 179
657 416 95
17 639 23
110 260 152
615 502 176
700 89 78
135 281 26
240 77 103
438 466 118
304 29 164
669 586 111
206 24 171
101 523 90
255 529 11
263 528 159
141 480 186
315 271 27
333 512 187
99 580 142
478 335 140
402 279 72
527 39 150
469 610 161
157 43 58
299 481 4
367 112 125
287 492 14
7 568 19
685 49 170
35 560 147
340 636 182
578 354 30
583 305 153
431 263 180
440 219 78
650 72 134
291 126 27
675 141 79
359 35 147
466 610 116
437 441 74
447 443 75
659 132 121
674 114 93
121 323 131
571 356 17
598 161 64
560 161 71
322 669 144
75 574 119
432 569 59
219 222 11
87 637 18
509 475 132
241 197 102
236 207 144
531 534 182
615 519 155
526 112 128
595 41 43
636 529 59
408 650 37
581 315 118
551 354 142
219 653 184
282 444 86
182 48 15
75 387 65
566 697 19
612 414 106
511 258 18
569 177 54
607 180 4
430 178 73
361 320 41
206 130 85
622 54 145
572 256 24
642 652 1
417 263 20
640 645 121
231 233 75
590 83 90
261 299 45
340 648 90
587 174 124
350 478 170
289 289 71
29 533 137
457 449 159
545 42 85
217 240 145
263 492 9
65 91 101
477 161 121
65 11 30
513 312 125
663 292 84
670 549 24
522 238 140
553 457 150
470 34 167
618 375 148
621 382 81
601 5 111
395 231 182
453 188 74
338 373 172
46 166 75
602 661 128
194 111 184
357 476 102
560 36 6
671 549 81
177 296 1
236 554 178
92 453 134
162 401 73
121 498 185
326 505 145
502 311 76
109 133 106
553 86 127
67 328 173
39 314 164
256 275 181
629 128 57
221 276 142
229 144 88
131 340 168
379 16 118
482 498 153
158 300 122
565 6 49
288 203 53
316 558 33
682 660 41
649 185 2
649 301 70
195 455 90
219 22 93
556 371 143
307 292 9
644 58 86
562 641 75
166 232 29
306 645 119
417 456 76
345 584 52
162 157 16
87 496 56
350 65 160
55 469 59
84 106 54
212 271 128
209 65 29
6 657 106
232 650 165
616 228 158
672 232 162
531 6 59
581 68 104
252 177 139
352 658 15
17 308 60
676 122 41
626 534 112
45 479 68
476 67 104
332 685 15
385 653 169
682 437 58
227 512 124
551 157 172
650 576 70
405 189 99
685 299 177
470 517 125
608 182 148
129 429 58
511 690 14
681 148 15
347 40 43
699 189 150
87 251 167
169 270 137
63 201 184
578 27 48
58 298 114
312 200 22
60 96 46
500 418 66
661 559 8
202 686 136
133 238 59
247 135 84
81 199 83
419 81 38
308 256 101
202 216 95
682 651 186
503 8 81
684 419 29
26 683 76
346 157 49
306 307 158
228 339 92
483 358 170
430 575 6
564 449 136
80 662 180
81 238 114
369 218 175
143 455 12
533 318 163
363 317 41
38 642 74
424 299 86
342 420 103
317 198 20
451 578 40
337 92 151
110 577 10
411 375 145
264 16 105
670 311 31
558 164 110
264 637 116
350 5 102
559 280 74
75 372 17
323 382 118
90 62 110
700 496 174
111 557 19
660 311 174
289 280 68
546 20 110
644 555 186
495 18 21
91 77 170
291 552 149
587 363 89
222 584 64
429 186 56
230 159 108
41 521 48
361 673 47
125 76 186
382 671 114
115 150 81
482 110 51
199 313 92
673 196 54
42 685 129
666 179 45
155 385 167
460 511 57
250 41 133
490 263 65
174 287 19
11 136 158
624 638 43
358 265 45
445 432 15
48 36 115
559 125 157
326 487 143
13 577 67
458 106 120
131 221 116
78 520 33
337 13 129
26 393 104
689 553 65
466 150 99
201 239 24
578 694 30
156 196 115
452 5 83
448 345 137
272 6 149
469 437 167
16 603 173
249 247 73
152 447 165
147 283 135
498 26 74
488 301 173
45 50 73
375 60 146
526 509 132
446 145 65
415 35 162
78 385 149
388 284 78
525 352 136
201 53 21
138 227 11
682 124 88
295 379 43
215 251 65
22 111 145
104 75 167
361 580 31
585 577 64
131 84 82
137 368 52
589 657 39
158 461 117
37 523 112
540 75 3
683 350 52
333 695 69
315 198 41
176 221 115
114 37 24
2 403 24
281 423 128
167 309 19
200 559 121
89 324 170
252 36 50
559 237 182
95 381 69
390 277 165
102 358 187
624 204 93
87 134 28
330 366 91
33 105 91
175 647 78
95 530 25
88 582 152
9 438 112
567 326 70
687 361 57
522 697 181
655 340 116
31 186 9
302 35 93
532 54 186
669 82 149
228 532 107
382 638 126
412 183 67
402 163 46
567 75 65
330 588 125
73 95 119
669 10 40
617 522 153
290 302 165
361 440 43
697 298 156
98 662 103
374 656 118
10 48 143
86 624 172
20 363 171
140 391 120
413 480 78
604 511 50
140 320 139
635 692 41
20 344 141
36 306 152
48 435 27
351 21 111
328 381 99
4 569 31
694 78 32
165 197 81
652 258 66
264 193 186
147 643 171
359 241 68
149 178 46
209 166 2
172 532 72
537 604 134
245 305 96
213 635 81
184 118 59
54 284 131
503 660 160
436 444 146
79 88 173
390 237 59
453 470 154
462 645 130
161 651 126
358 188 187
209 476 28
277 693 2
44 269 151
367 360 3
132 586 73
122 299 98
683 271 146
155 313 161
60 394 5
127 515 111
644 172 130
283 266 112
442 39 117
673 279 31
2 567 83
191 424 28
215 263 79
149 356 180
267 100 161
514 459 125
54 124 35
601 159 103
574 441 162
280 181 62
94 352 127
686 12 178
640 428 40
234 544 95
127 295 5
322 351 18
119 231 166
59 270 2
197 446 109
198 582 146
53 530 47
126 622 121
371 606 25
548 239 117
531 412 23
621 679 32
696 24 146
554 221 164
471 87 101
578 659 141
691 503 80
63 423 119
365 152 103
126 389 41
432 80 16
439 160 173
115 693 66
24 261 16
697 456 71
564 341 28
374 589 25
91 686 38
188 330 146
67 663 26
645 314 54
451 395 33
177 44 112
71 45 22
543 626 79
661 265 143
13 165 117
134 373 80
126 162 182
86 647 56
84 66 158
221 502 18
472 156 148
461 81 138
213 210 74
536 159 151
303 442 10
294 13 17
66 600 86
69 105 62
326 673 11
188 298 139
613 484 25
640 556 170
530 519 91
55 10 54
364 143 172
279 138 129
14 662 144
264 269 156
132 550 102
463 17 119
668 463 145
626 427 141
60 35 183
406 307 120
541 531 141
685 695 175
380 310 187
698 348 102
251 259 19
226 409 100
612 677 131
683 56 154
698 354 73
113 106 131
329 144 153
78 349 175
207 77 110
604 613 178
72 81 72
448 610 136
305 48 145
194 655 47
382 169 136
233 345 149
126 534 107
514 494 73
596 634 29
165 634 3
252 655 169
88 145 139
118 97 64
517 518 49
619 188 50
570 501 52
270 639 52
250 682 158
553 36 82
217 233 184
553 197 4
319 447 117
528 295 161
547 357 122
632 369 41
501 615 142
343 700 154
34 350 164
54 233 46
400 88 4
14 295 182
408 262 129
563 334 137
656 56 33
417 487 70
166 291 6
638 678 182
579 342 159
630 619 148
143 548 17
177 535 118
595 401 165
134 440 117
268 54 128
44 194 141
329 274 123
132 344 22
655 459 36
599 237 170
338 24 82
72 458 148
112 665 132
470 525 115
79 475 28
313 456 130
222 97 81
249 6 97
217 439 153
561 575 115
129 235 29
13 585 147
587 691 112
574 394 143
104 505 175
93 274 47
671 400 68
38 538 88
240 280 65
12 648 23
338 440 21
478 623 17
482 72 119
440 605 63
395 689 1
661 361 156
286 257 180
297 531 140
550 566 152
231 559 94
570 598 19
183 366 165
186 598 99
100 48 178
355 674 3
298 598 74
643 305 117
382 229 96
487 345 178
224 676 138
439 141 22
83 94 140
163 380 131
578 266 73
599 448 144
17 210 123
466 319 36
661 502 146
196 16 78
295 169 101
370 434 110
281 72 63
688 69 62
566 48 137
619 661 15
111 527 162
680 296 19
218 252 55
97 624 170
276 379 33
426 469 150
643 263 155
189 639 25
490 563 175
592 97 99
165 494 143
112 513 134
601 392 108
45 12 93
444 538 68
277 319 121
574 195 39
600 430 107
540 398 146
172 668 165
135 328 20
614 664 169
419 559 159
256 220 74
537 678 41
103 16 32
116 299 8
355 667 8
387 484 62
626 218 103
277 164 181
525 105 48
96 130 114
499 163 54
268 680 32
91 168 91
298 211 61
336 63 75
376 330 143
247 491 163
125 413 77
282 295 147
340 313 178
263 408 71
49 690 31
531 541 123
487 91 126
72 11 132
343 125 23
136 374 49
569 380 27
333 46 63
106 189 76
646 362 122
445 339 61
83 646 46
367 665 138
353 569 157
553 545 137
101 301 186
397 127 113
486 579 32
632 122 77
16 43 170
268 559 105
673 211 150
352 656 81
34 579 71
53 240 167
152 627 45
396 84 49
121 492 10
16 327 127
38 310 167
685 672 165
150 53 66
51 170 30
180 272 141
112 444 31
598 272 52
11 378 76
606 378 46
541 173 117
673 277 72
531 171 108
330 373 161
253 161 60
614 131 60
391 301 63
673 448 110
474 691 149
695 54 147
272 342 94
642 621 167
213 655 102
561 571 176
457 435 21
136 447 71
529 410 104
320 8 38
649 515 79
466 187 105
652 690 142
393 215 32
336 2 75
331 380 161
577 619 175
230 508 48
125 607 124
529 595 2
37 642 103
694 409 167
428 341 150
209 237 53
250 46 123
170 283 117
39 545 98
454 305 124
208 53 52
166 349 119
150 262 55
665 592 19
226 228 131
333 391 148
220 656 113
370 608 88
61 476 180
356 248 102
231 639 18
580 109 134
84 107 143
254 463 150
654 316 68
128 305 77
592 292 17
676 557 49
353 583 69
692 600 159
652 380 174
528 4 2
181 154 97
261 347 67
398 80 155
158 33 113
468 451 5
342 414 157
238 484 60
695 120 160
295 222 84
64 179 75
472 265 100
525 678 173
588 671 94
64 480 110
331 299 18
169 88 18
314 432 135
518 427 80
234 24 130
256 45 37
50 73 117
583 232 115
284 17 2
28 307 67
111 534 113
19 516 148
299 315 87
332 226 142
458 236 156
178 266 29
397 190 78
290 560 178
688 618 141
482 380 45
440 674 36
666 70 168
270 125 160
559 463 49
232 230 91
641 394 105
548 200 180
221 515 85
476 189 139
328 385 130
125 58 110
243 256 169
148 601 84
486 174 129
362 654 103
286 59 49
9 498 50
274 23 110
143 63 69
432 458 149
642 430 71
56 513 63
90 91 86
113 364 10
226 384 140
655 698 165
621 188 14
581 251 46
30 366 131
627 562 80
451 424 58
37 158 157
439 218 156
664 537 39
457 245 50
297 594 99
630 208 187
685 412 117
352 228 66
175 571 119
21 160 125
417 285 64
428 690 147
542 73 22
308 282 93
524 367 73
426 295 184
304 294 9
532 217 111
426 277 163
1 634 178
369 689 187
21 190 156
176 619 168
97 693 95
38 618 177
31 19 5
246 93 111
317 606 156
442 224 52
269 533 143
611 562 61
414 444 27
258 491 57
521 382 86
135 136 114
279 5 29
68 341 27
347 159 80
410 608 145
485 477 81
400 134 147
254 243 28
668 302 55
134 32 21
148 217 85
656 39 63
543 665 59
660 369 85
53 324 17
679 20 182
494 152 36
125 34 19
137 122 69
607 29 64
697 603 25
544 14 149
479 281 110
319 158 119
637 692 20
647 585 45
147 33 89
167 162 167
151 637 161
392 643 182
222 465 161
383 455 123
306 297 57
190 191 64
113 408 120
643 559 79
692 234 87
485 275 40
333 32 34
107 347 81
119 8 74
185 59 37
532 118 68
685 600 59
578 199 13
173 591 45
640 175 15
27 334 74
585 155 5
258 634 180
254 194 73
117 314 161
166 150 144
43 370 6
600 604 159
441 581 143
129 458 166
582 539 187
436 564 71
326 86 43
156 601 150
648 405 154
47 512 71
109 213 125
639 419 100
368 530 34
172 170 35
447 369 81
156 166 157
391 388 146
160 40 171
73 421 130
513 697 106
521 206 69
313 175 64
163 680 11
415 261 143
602 244 42
440 520 86
570 14 155
573 539 141
504 593 118
109 477 49
243 239 92
148 6 9
279 666 124
387 252 35
91 406 64
422 147 141
352 85 83
680 481 46
9 62 173
582 152 66
278 250 148
617 57 72
413 352 26
322 467 81
427 492 22
201 371 102
342 605 73
417 214 102
443 8 13
72 263 92
623 621 146
163 617 77
233 497 31
673 396 181
288 262 124
120 431 118
231 563 92
42 40 120
398 99 97
279 571 27
190 477 134
131 104 89
28 301 114
603 407 119
205 529 155
652 138 135
143 615 26
61 47 24
127 52 110
557 422 80
565 163 34
519 148 63
490 632 10
515 571 90
648 227 182
591 100 46
121 132 42
569 355 80
493 538 35
37 395 170
347 381 177
447 387 25
257 172 147
618 406 10
325 324 148
536 641 141
94 20 180
678 245 41
95 297 109
645 622 106
611 24 4
341 285 120
530 594 77
571 508 151
570 315 158
485 68 19
309 20 159
652 520 51
524 172 115
135 674 116
594 368 15
155 420 44
452 142 136
692 376 31
211 524 69
440 318 137
217 261 38
415 456 133
104 427 73
542 340 21
125 380 27
185 383 143
361 2 25
553 269 118
333 350 165
32 567 99
445 618 100
346 268 42
613 532 187
670 75 141
99 85 97
137 690 4
414 96 101
677 455 129
28 42 139
324 298 168
416 317 162
162 436 118
204 366 110
379 401 138
137 600 122
260 203 96
197 367 11
34 560 102
230 156 22
370 459 82
77 130 162
125 448 78
332 533 67
84 638 151
363 438 101
171 661 79
627 386 98
634 393 121
583 555 125
230 115 184
479 195 146
530 406 103
215 527 109
211 434 43
249 155 69
582 111 1
129 209 128
37 68 101
182 322 90
280 490 51
527 337 133
637 64 107
689 71 155
667 672 53
695 679 178
337 22 47
288 296 126
676 255 36
19 630 123
158 48 26
492 496 146
13 390 47
472 296 107
650 689 45
659 452 182
519 227 25
690 204 111
627 470 171
417 349 15
588 700 171
302 255 5
378 539 44
180 142 150
407 605 5
473 654 184
531 700 122
255 46 140
254 313 175
572 435 139
555 440 26
370 398 111
392 696 75
662 33 86
442 437 107
552 274 37
477 612 42
356 458 109
154 205 65
383 382 30
482 116 104
441 222 48
80 642 53
452 38 187
355 454 26
290 578 116
655 543 10
222 105 182
679 507 106
468 298 121
546 19 9
10 35 30
327 694 21
305 164 51
285 546 38
47 392 119
667 402 76
30 628 74
207 395 111
352 148 4
82 107 33
601 549 173
34 47 108
618 23 49
297 73 140
366 116 149
34 611 105
616 376 83
1 208 36
259 673 124
517 122 25
473 382 76
154 263 165
443 262 176
208 339 147
373 41 134
573 49 144
78 330 139
582 489 131
26 557 18
134 360 69
23 357 110
75 413 73
533 518 132
178 381 170
390 129 16
605 490 35
64 365 114
92 44 153
387 694 35
576 148 102
497 509 137
574 692 106
540 278 119
517 539 35
144 436 126
142 141 59
591 15 58
27 242 14
640 65 6
370 149 4
443 93 48
533 561 106
484 41 124
277 315 42
687 396 41
319 164 159
556 657 19
667 159 82
415 645 25
434 436 174
557 547 22
584 322 67
255 110 98
243 38 29
441 611 77
322 614 62
269 310 58
466 433 152
128 682 13
211 499 2
457 523 17
64 330 161
243 329 166
521 188 33
389 661 164
673 297 133
595 433 34
271 462 137
364 135 139
149 522 6
371 44 62
303 42 126
676 462 48
610 52 164
263 138 113
558 253 9
571 225 34
475 486 97
387 55 72
548 475 23
515 587 95
426 352 156
124 276 150
418 664 114
418 120 11
226 575 26
43 146 69
57 394 131
432 133 18
148 583 62
377 403 54
652 199 116
490 659 105
375 252 97
467 226 30
640 200 7
204 652 110
474 70 76
252 348 178
14 459 57
37 512 102
91 646 80
56 224 100
278 382 185
106 498 139
142 515 106
589 591 49
455 552 92
642 547 49
85 82 155
503 334 13
261 638 127
200 378 4
119 562 184
452 558 182
94 211 174
691 612 56
401 565 179
70 253 94
430 441 60
413 97 145
691 603 34
384 59 146
98 620 39
414 463 72
568 80 187
584 217 161
656 137 63
531 700 154
110 284 148
617 239 84
586 419 72
631 342 127
191 298 94
204 586 97
147 567 137
109 496 4
348 204 109
457 267 155
670 129 142
137 199 145
394 421 128
100 609 168
368 259 128
261 94 186
526 256 157
407 206 136
399 62 157
670 170 174
559 342 32
471 325 122
336 332 125
253 179 22
120 679 109
321 94 169
391 427 115
575 620 54
137 678 69
589 273 147
359 203 178
9 348 116
32 42 139
316 21 157
421 237 162
94 489 179
500 192 178
236 370 160
587 434 77
187 422 143
638 620 31
61 683 82
220 227 6
337 361 57
662 251 162
134 139 71
563 332 164
674 582 122
275 336 14
698 74 171
349 117 44
115 250 52
160 477 93
75 593 127
426 355 73
80 135 134
424 660 80
476 458 89
240 370 136
515 610 20
130 228 76
366 463 104
558 509 86
289 564 16
216 546 164
695 242 133
545 497 22
3 283 167
28 266 114
175 185 187
263 128 16
635 367 173
215 20 46
344 53 5
423 128 178
109 34 96
361 399 128
696 259 9
297 513 184
632 250 45
582 396 29
542 436 150
217 316 20
58 34 109
530 628 40
537 609 99
639 672 56
127 483 83
38 239 156
366 305 143
536 640 56
572 511 62
442 546 49
125 135 152
641 30 78
119 436 145
655 557 173
92 264 48
605 192 50
583 521 39
492 330 66
642 260 108
463 554 178
127 562 156
294 162 21
362 393 119
528 520 182
636 349 48
401 536 55
564 564 181
16 615 147
300 608 151
577 403 144
532 42 17
206 259 41
283 470 141
16 414 166
338 165 61
340 499 104
180 584 169
628 319 49
188 231 44
481 585 143
15 260 99
345 569 41
662 215 76
254 1 182
474 445 147
640 253 137
101 690 68
309 696 76
453 372 109
290 140 173
121 33 1
48 122 90
471 636 13
258 409 45
425 226 159
639 139 107
629 93 86
467 421 180
166 20 112
80 367 1
692 59 26
220 444 4
534 374 103
260 530 133
689 89 51
354 15 10
88 441 178
584 102 52
84 218 49
239 24 165
422 388 28
455 466 167
128 297 52
523 248 7
432 302 170
444 265 65
635 68 31
584 182 177
34 417 64
314 21 129
612 296 82
18 275 15
158 650 27
574 258 55
48 371 103
220 349 121
205 398 136
410 694 178
530 381 83
457 146 181
401 173 104
557 163 5
269 383 82
103 486 144
685 13 155
658 182 148
66 211 154
150 621 177
632 236 61
497 120 54
425 116 147
483 100 57
313 79 22
167 270 126
465 419 110
156 38 25
390 263 133
41 237 127
672 240 184
190 346 151
246 324 65
318 65 178
141 334 86
389 350 94
207 10 165
501 301 109
417 463 87
553 328 108
345 33 102
210 578 160
124 271 8
391 247 89
346 72 33
633 144 127
384 223 133
664 453 148
506 577 89
58 241 26
695 657 179
429 483 37
271 205 100
17 324 93
448 646 7
46 675 127
190 484 42
21 637 146
553 127 187
670 100 17
448 92 173
599 391 157
660 118 11
52 566 18
166 657 70
16 401 36
340 103 139
74 500 67
389 556 61
429 68 157
600 367 130
623 572 66
219 102 34
104 486 169
68 153 48
681 395 77
440 458 28
301 327 95
257 565 5
614 91 39
598 656 101
17 632 186
499 578 159
100 471 106
278 517 79
628 532 24
552 592 70
12 152 44
378 262 15
231 479 116
234 592 185
278 386 17
130 506 163
641 169 21
392 5 93
315 249 122
686 376 148
76 368 58
87 387 88
274 508 15
505 271 51
252 33 3
58 550 4
223 397 186
619 371 71
331 57 44
696 108 112
385 269 129
603 192 167
45 386 67
324 569 4
531 673 42
172 419 39
456 194 44
658 386 12
454 98 23
62 203 102
4 623 89
442 372 85
391 301 151
615 114 135
75 167 5
662 363 111
611 567 107
591 555 143
80 108 58
319 507 132
590 310 5
376 126 62
696 368 128
142 439 127
439 264 27
244 187 17
72 433 12
148 496 102
542 310 139
222 227 20
129 415 85
194 87 149
154 159 31
153 467 148
375 33 32
374 681 46
680 336 8
545 329 113
212 276 34
256 364 97
39 94 40
588 480 41
487 73 173
670 167 72
665 335 64
79 229 67
138 514 175
235 615 16
358 679 15
35 21 120
5 38 177
240 493 45
239 696 91
125 320 158
262 321 107
411 37 123
358 491 138
271 206 54
308 535 4
253 490 163
514 358 181
50 515 123
660 565 93
198 347 27
604 532 134
395 334 102
59 370 175
306 143 116
211 568 61
506 123 25
461 671 128
519 127 178
173 508 185
399 646 38
121 622 146
138 516 125
24 173 5
495 459 71
323 61 12
254 442 41
487 430 1
686 185 31
484 347 31
385 362 43
503 173 187
303 507 178
70 343 130
235 268 47
232 669 150
289 502 119
133 81 136
170 9 161
352 78 53
150 292 164
38 45 93
486 244 138
310 653 101
657 555 103
230 247 61
2 687 52
663 161 113
72 225 144
57 311 107
42 20 141
288 298 20
376 666 140
529 93 162
18 237 160
643 38 130
677 90 148
552 26 43
36 412 65
54 71 70
268 184 72
529 241 160
71 662 62
660 115 76
131 226 177
493 700 114
10 77 162
303 104 17
439 131 73
353 158 13
600 30 151
688 178 184
213 650 8
456 27 16
538 171 106
398 67 8
20 436 11
390 377 86
85 37 78
469 583 51
277 515 103
653 383 35
297 279 73
385 262 2
378 567 137
269 441 62
45 96 69
229 216 152
130 594 117
175 627 88
362 672 31
104 509 99
345 340 110
519 67 93
218 696 99
684 205 72
337 369 17
318 486 126
127 143 118
259 353 64
361 681 66
525 325 140
457 93 132
24 301 75
557 616 69
530 667 21
267 131 154
469 566 136
438 107 120
680 167 133
274 365 33
175 602 60
675 471 164
586 640 170
662 556 27
137 565 112
196 596 73
151 50 11
48 14 158
100 288 94
241 261 69
346 98 68
344 235 156
330 92 95
3 477 40
583 393 39
438 293 136
118 11 46
279 372 136
288 211 38
365 159 60
464 644 89
629 357 177
36 344 89
596 437 90
532 156 91
264 27 72
154 303 63
491 221 119
542 607 59
176 106 158
332 376 51
12 17 42
209 371 137
84 96 115
490 490 100
660 311 175
70 375 56
633 456 46
370 120 176
693 270 32
625 590 72
59 195 93
133 503 32
141 277 46
353 128 106
641 679 85
484 592 71
141 250 13
653 1 178
246 174 152
135 90 108
404 359 130
553 544 100
10 693 136
406 84 30
680 389 68
460 512 55
583 87 10
77 270 27
568 121 11
314 695 68
570 578 55
247 416 113
271 551 147
435 590 31
471 321 27
130 60 143
530 688 173
189 393 70
215 206 98
158 382 117
328 604 11
67 214 108
568 569 9
284 573 109
537 393 31
304 415 131
70 336 79
90 387 109
53 575 158
624 436 100
615 439 47
45 686 144
324 138 126
423 555 57
408 236 1
499 683 103
11 296 51
271 523 9
570 354 91
535 112 107
298 344 25
585 589 149
331 407 133
614 606 47
156 649 140
12 83 62
485 498 112
359 116 165
282 303 81
600 247 107
375 468 34
646 554 162
240 306 18
361 445 27
40 227 172
85 549 69
329 16 10
666 616 47
407 213 136
145 536 72
213 332 142
464 620 90
30 70 108
249 221 37
591 695 54
576 673 74
590 482 80
28 549 115
510 465 125
469 205 173
595 312 53
202 645 15
66 92 54
696 605 39
430 534 29
533 193 177
367 577 102
446 164 49
494 504 187
641 379 26
30 254 30
660 301 117
313 306 89
272 700 154
4 426 27
502 365 37
456 645 35
258 158 114
2 123 117
480 258 108
280 546 34
456 168 166
212 196 114
61 230 39
328 434 96
238 197 162
616 235 167
209 133 164
61 47 161
308 321 183
199 622 93
483 453 113
95 512 161
543 679 166
182 299 112
12 257 186
341 359 71
57 393 151
588 653 95
98 533 78
241 566 126
25 14 27
542 248 137
643 389 140
331 227 168
583 408 124
467 125 123
593 489 67
475 410 84
314 489 145
252 623 110
641 50 66
686 487 29
87 56 43
248 654 55
561 50 171
630 421 129
246 551 72
315 354 175
382 505 32
485 667 80
515 46 38
647 599 19
314 255 36
20 416 56
648 495 171
432 624 23
574 203 122
310 641 128
142 533 92
165 644 3
143 123 129
576 136 112
694 591 97
617 577 137
670 517 51
435 89 93
188 353 109
59 604 90
98 114 17
193 157 154
302 665 124
29 331 108
109 198 32
118 461 57
235 381 46
251 477 120
85 179 187
236 57 30
653 160 87
279 400 158
457 526 92
662 505 139
77 208 33
44 694 32
535 301 128
244 558 150
84 435 69
574 441 80
21 363 31
648 491 153
544 247 45
307 277 87
81 70 53
655 158 81
163 347 162
678 569 59
424 570 168
51 222 25
3 427 132
259 534 42
587 292 112
591 254 43
62 73 151
426 373 84
193 558 150
311 509 158
74 250 72
605 643 168
181 150 92
166 242 91
371 666 44
538 22 50
219 493 172
214 408 93
420 664 84
143 300 156
157 155 93
7 229 11
581 131 91
387 441 79
297 496 113
362 388 152
14 575 144
634 337 41
230 403 46
450 334 63
618 78 7
666 275 146
330 177 167
674 244 184
235 95 107
105 330 93
536 259 146
282 402 129
26 557 130
303 52 30
133 384 4
50 73 55
553 231 3
408 357 157
423 238 173
488 420 117
594 328 169
336 345 92
349 514 90
580 79 112
53 457 158
657 481 98
90 450 13
364 617 96
321 423 129
523 535 5
42 45 142
418 512 89
379 531 126
334 473 102
525 669 41
326 94 138
76 63 88
650 336 160
170 355 174
173 174 144
15 528 44
376 267 166
448 241 129
670 266 81
52 632 111
445 116 187
476 593 183
457 594 55
565 678 106
201 696 86
653 649 54
62 683 16
540 316 90
398 505 164
9 233 158
477 343 128
695 227 91
252 57 171
274 50 56
591 655 29
407 430 31
383 395 135
127 596 105
458 570 59
181 428 62
356 241 160
190 282 153
224 502 167
93 660 67
681 200 85
438 402 107
533 170 25
487 187 57
621 364 118
640 181 158
462 124 104
462 169 99
539 64 128
675 290 144
319 368 169
547 350 132
120 449 121
47 432 77
341 83 104
337 597 26
222 45 84
549 685 27
252 233 45
530 441 79
639 700 58
537 432 68
100 492 116
8 57 114
649 531 177
229 99 177
404 48 129
236 699 153
691 529 64
380 306 49
384 367 71
129 681 130
152 294 42
256 458 10
51 222 37
418 549 23
656 450 108
503 321 16
341 174 89
340 171 146
351 450 12
184 296 84
366 300 173
525 529 116
358 251 138
674 305 141
271 49 36
237 162 115
237 355 10
302 667 70
30 30 10
108 330 121
393 670 96
685 422 146
685 340 119
556 636 164
134 547 64
453 230 29
679 376 32
163 35 56
473 237 107
535 94 157
316 78 68
613 388 61
602 151 161
168 190 152
64 341 31
466 478 57
512 637 96
329 560 37
660 464 170
88 43 68
10 451 153
148 130 66
630 452 141
399 140 50
277 540 15
662 28 30
390 136 153
316 35 171
507 587 160
405 692 166
597 186 6
601 120 19
116 645 58
318 609 133
425 194 138
632 650 129
516 8 111
430 625 124
107 479 110
108 90 25
674 394 12
653 95 30
563 206 163
375 107 160
300 81 68
466 297 180
605 506 172
237 42 103
255 295 162
386 134 129
267 322 26
354 384 73
169 313 142
145 564 21
689 159 59
517 528 56
537 76 93
506 443 169
120 615 171
363 238 38
671 99 2
167 174 71
624 590 26
678 210 145
613 661 121
422 457 94
291 307 13
43 563 172
301 395 88
382 358 28
15 278 83
118 127 48
670 584 19
666 259 49
377 404 16
533 121 51
284 516 50
408 623 46
102 651 21
198 350 30
125 651 30
78 609 159
533 666 129
120 233 155
667 63 64
520 164 66
319 596 118
57 38 114
577 429 2
87 549 26
96 609 141
382 688 15
136 264 63
365 444 112
631 242 96
608 112 81
549 459 66
268 529 127
587 384 16
425 653 151
18 1 108
179 16 67
4 300 65
207 208 28
638 110 67
623 604 168
103 384 129
465 467 28
646 595 153
137 43 95
273 453 68
147 149 18
114 269 37
410 178 182
580 258 103
698 138 109
231 404 48
457 258 32
509 264 107
564 326 9
52 235 157
490 515 151
79 60 112
122 541 16
93 36 172
13 24 149
1 113 47
37 97 116
35 63 86
610 657 118
521 609 145
611 373 52
398 602 21
231 462 184
667 515 90
520 118 155
101 583 70
368 556 92
346 367 133
661 183 183
237 610 179
101 289 25
583 142 96
394 585 4
355 135 35
84 489 63
498 642 42
400 588 140
554 521 85
489 259 185
324 369 88
238 515 17
141 300 6
639 153 77
505 506 41
136 329 35
124 95 123
342 331 49
345 392 5
28 500 124
61 295 116
572 576 93
511 551 4
651 44 137
109 71 125
171 111 42
524 276 47
29 33 82
434 172 126
127 47 15
316 630 185
682 352 33
691 335 91
78 536 33
337 7 67
473 46 23
668 151 137
577 192 137
11 218 51
671 494 66
638 416 62
326 506 94
627 339 115
217 76 150
128 63 80
362 119 127
437 473 178
365 131 185
427 227 86
457 348 109
43 611 111
576 122 33
436 597 80
104 309 183
451 153 107
41 374 25
305 572 71
428 311 91
291 220 128
81 190 45
637 563 80
392 218 177
383 523 123
321 28 170
508 368 10
278 478 84
279 629 20
445 241 172
11 150 79
691 164 1
118 662 9
118 479 32
334 567 100
162 573 185
587 265 43
315 641 109
575 343 136
526 21 149
485 393 28
699 502 113
201 298 20
635 149 138
177 651 180
367 41 182
572 11 33
33 42 128
666 320 180
607 659 3
187 467 73
448 422 150
200 261 13
294 139 117
562 343 146
521 260 54
33 141 111
39 7 157
501 412 171
429 245 73
62 135 43
102 523 158
687 570 141
