980 2643 975 347
45929 541774 889778 353147 470720 828155 591809 501625 190188 463868 418168 4901 75577 498971 877083 829556 62779 674232 410945 623482 167576 830123 254501 669670 778042 747219 138651 23465 858189 752483 873240 603176 780268 512757 878923 301087 158056 803195 180687 878606 204784 115850 24969 114820 420606 429005 700624 837767 90714 898426 570834 492059 886085 639700 612574 847562 12478 701282 692524 654452 482302 658116 505376 970195 840611 950911 973562 971190 280920 271275 20913 421613 156922 437716 308780 646167 521900 695556 984266 445837 94398 526652 128079 12733 544707 712930 249953 887263 531084 259853 925939 515016 547358 912922 456633 978810 960936 818591 335203 758881 698155 287492 894150 726934 259026 768311 809120 886611 652866 533966 38183 148141 42467 160811 637016 136635 399085 233044 557048 174282 286355 913644 181520 159995 801540 221839 753437 187314 343610 532937 640965 102047 75097 628672 983402 41968 509640 248936 519828 711571 967368 739385 164317 395149 709769 469040 596133 651393 591099 93975 967560 429163 881977 541220 162265 670239 724223 410544 614490 382828 46393 74529 600252 469935 413659 240823 560092 720185 611140 510243 735612 812677 194861 74975 308423 625195 520056 57379 255956 557025 802594 792918 463227 722618 898851 458885 258019 385117 877856 70691 758751 67440 538510 815293 86221 926667 517145 661253 784993 372225 465329 100291 140645 310416 871990 550394 265805 877611 859785 919345 80813 726288 595922 767375 24669 130217 492502 89867 953750 380150 725325 464859 731031 300897 441867 260437 202290 200653 127062 19343 16232 699464 995221 398870 219986 612531 207185 173555 87634 158598 239109 151702 106603 410577 522797 518950 122354 766687 924732 650269 269736 576661 522454 929156 817717 536952 69526 419613 519161 218150 207060 148435 953468 248946 108220 924568 637962 767096 109941 932574 380350 187106 501315 909228 251675 663481 340062 916963 116497 59585 741509 167378 453470 348224 22995 368156 510496 120038 594377 15354 644742 87256 57584 702700 17281 386977 365393 317584 571261 347611 839223 177064 973478 657735 457219 801224 305855 680105 184264 743085 806953 786498 677631 647218 405832 118139 542722 995202 992559 432022 209939 528763 782059 224123 626540 506961 388819 179692 76953 893490 389266 656988 612101 463755 921990 984522 214590 250223 676724 400358 50208 992500 906417 211703 817540 871464 956818 341859 416605 876379 974846 387681 89006 215738 461795 856387 726086 688104 68766 674389 656288 140188 411768 13082 600949 665630 228939 810427 854811 727787 449857 263115 846019 518114 935345 599628 654695 848335 981502 826650 764744 865312 419360 94369 642494 771843 248160 503380 705503 353640 220964 165737 545266 225062 37098 6052 762350 966589 895744 337390 279220 961581 362640 336976 510648 661261 860381 288404 114081 131384 99019 4058 284304 884313 477865 739687 94868 748521 576073 937497 502292 946261 920499 719630 733239 921866 592982 577860 339874 969569 549805 461204 188079 559697 184629 902268 469307 208638 941000 694796 944577 107218 854917 363633 249879 508803 219134 437858 928633 286952 394708 462949 861847 14182 773575 433937 173098 901070 465732 536730 710925 648555 229940 862949 457467 583012 47715 743662 344165 819059 8182 500884 998993 283559 122326 697277 120692 508308 891105 544080 158092 27817 948620 447493 479580 211840 661106 356346 28237 158737 636099 738647 993811 201040 338055 419435 937776 120701 365060 728630 858653 956092 33336 159967 236960 530154 80313 214203 196276 482473 512049 585346 880493 385724 369648 826454 911717 965265 332907 483873 606786 398206 103888 510352 259644 469063 94166 502806 975634 790163 331134 958099 105996 904636 921518 189577 581113 863741 983758 460346 910364 462853 274633 610021 392123 812005 396227 303003 228469 328724 541765 196131 673305 379732 868904 828652 994284 757631 560242 296750 794050 601202 177581 2813 431498 67426 686967 211797 986573 185859 612308 714373 1145 52105 168321 163087 644157 349549 547161 812996 69212 46983 492321 283746 168044 958868 112620 840663 877978 834704 48072 631840 996820 824034 942636 681487 955804 704336 605896 480762 350759 319666 184926 220370 560021 646491 197707 75438 665087 187321 575572 693650 412649 291666 645881 900144 943765 423823 721820 891229 616607 267136 167622 516711 836958 373924 155271 437268 360852 868893 225346 656848 589104 90831 907228 813945 847903 820266 171533 569209 932426 816704 291492 319861 766272 777552 492996 555933 493355 761398 336717 792338 647047 523347 773199 392063 674921 561472 511173 454548 498060 15436 332695 927125 167686 548244 104105 178275 498742 313339 689189 629038 938528 204967 695478 615913 166441 178114 632330 621324 806554 128649 907217 581284 917650 688076 473508 673751 9596 503661 713568 640527 716556 777778 521596 99581 358386 213794 991511 2321 29544 52615 560144 540615 181168 528501 376658 444738 320546 32679 982549 847906 79163 236845 422528 30712 903537 765330 748812 428916 416904 372679 775085 504073 312370 474790 141004 126178 885213 610951 965960 10364 233773 556708 105214 606694 532224 526118 548560 814321 636262 114387 448410 84076 273267 21848 852286 90248 541157 765452 465294 525058 547530 585366 876287 764561 257764 464214 89684 823709 524503 859588 380146 931221 174721 55897 106828 692369 406497 635477 966849 942583 163272 195375 201201 846747 290780 342670 82352 959036 19609 211589 63680 176002 412627 43547 449808 185825 259502 260059 219500 854417 745408 71050 340686 229906 680200 11417 611330 801437 161819 525041 671092 863254 756098 199908 285582 488035 75354 620219 446141 652691 953631 560300 377224 126928 957939 900976 555947 471152 136618 4580 986926 552475 212212 839826 15169 442483 54701 460510 91401 57903 512023 506556 544506 583785 591570 903683 800899 358875 132817 594761 188074 842340 332113 591823 198619 705777 522305 111234 523888 335655 609553 605719 886960 201626 700952 558731 99672 436842 510905 618306 817068 663070 676926 931651 311006 471762 579504 603178 110051 82124 20886 946803 529026 322265 564599 65210 55227 526066 262743 541887 897559 675033 352735 398372 905787 591877 374220 726839 622364 136581 805412 748703 725393 689097 554249 407548 3772 624890 462545 471910 932464 94842 137738 135237 966494 173841 895996 392077 178919 674616 27677 956072 556803 721465 781555 438991 255310 667432 214416 559684 515530 108311 896122 148823 120675 301612 58413 983586 483710 573346 602129 728902 990554 752268 641013 378416 355634 403730 958343 233284 282337 382475 175282 940952 601344 612917 219957 475694 265236 515693 621058 810701 722072 494944 90811 345477 561135 37520 488077 120852 602324 730068 219440 305359 425614 367212 959174 30568 858384 547804 943670 708892 745366 995789 347030 752881 933368 172356
807 30 132
259 707 51
606 685 125
336 704 49
100 870 34
83 694 69
422 608 156
932 498 11
873 98 178
850 582 192
964 855 76
811 479 98
360 314 75
97 434 126
313 163 194
102 175 31
431 388 109
119 599 13
400 864 30
59 602 27
808 917 190
638 414 179
190 555 109
501 741 37
429 567 19
686 323 7
3 638 158
618 381 82
546 163 85
471 33 31
663 616 90
924 640 102
26 193 11
352 422 16
229 6 9
502 949 150
927 40 40
55 161 10
219 590 167
552 706 83
901 847 74
385 749 81
446 71 60
270 533 106
789 415 58
958 480 77
315 542 103
235 284 78
189 229 151
315 413 11
253 744 64
575 300 67
62 416 113
356 803 19
786 419 30
644 402 193
703 229 95
740 799 193
576 653 79
524 348 50
369 741 126
70 972 184
872 29 119
243 79 169
704 759 10
740 647 189
656 294 51
87 229 140
491 482 86
280 511 43
740 706 119
580 856 139
525 802 162
175 816 83
154 545 1
713 417 68
413 389 18
462 135 16
559 13 32
961 191 109
79 732 32
438 889 60
8 54 166
977 584 63
122 278 96
278 78 12
818 727 39
58 399 48
539 842 137
705 159 76
64 696 44
818 278 159
308 541 46
572 159 89
644 133 106
977 499 126
657 23 39
400 456 37
63 519 155
337 786 102
980 215 4
6 936 18
123 279 169
271 213 26
573 783 18
807 211 67
553 395 66
427 73 134
577 128 45
383 927 144
855 476 67
207 434 74
503 602 131
947 657 5
597 361 172
631 515 128
949 556 4
612 717 141
473 118 77
245 802 89
874 599 1
261 670 36
533 263 192
401 724 85
606 372 33
402 868 111
864 517 1
354 580 139
826 883 33
69 609 177
17 219 173
383 847 118
522 469 160
849 471 98
113 358 10
39 736 189
214 586 157
160 8 16
855 369 64
635 701 95
514 690 94
477 428 128
421 943 60
825 370 38
610 775 135
969 838 68
140 395 84
421 461 11
930 260 176
738 438 159
944 129 36
136 137 76
820 279 66
763 709 121
327 552 121
53 59 120
759 110 10
442 855 100
61 263 86
930 843 140
958 960 119
745 495 49
956 410 163
338 43 27
890 593 174
153 429 154
152 6 115
68 538 111
64 682 149
630 235 141
96 389 152
288 896 154
406 329 166
529 917 172
733 38 100
172 814 84
263 680 151
745 745 116
331 407 122
654 76 110
375 951 50
128 679 175
932 585 137
450 274 73
272 76 7
711 462 142
111 439 121
797 626 139
78 155 62
980 950 52
350 85 104
968 163 158
663 395 9
948 731 173
758 96 105
763 524 126
404 481 52
850 547 49
521 806 65
379 960 93
392 264 165
17 369 2
827 596 153
154 640 76
602 674 18
336 344 19
67 86 33
911 462 116
921 681 176
1 819 46
60 494 69
947 356 37
382 188 54
525 9 51
433 66 124
533 338 41
910 7 139
351 724 23
406 549 93
775 734 161
98 897 117
294 890 80
589 65 61
972 510 148
949 403 132
736 586 171
172 78 166
281 455 52
5 595 94
78 42 7
580 974 106
412 73 156
306 169 109
337 403 127
241 946 61
100 64 41
885 174 189
863 234 87
510 458 126
976 143 107
420 101 182
595 446 178
453 847 171
53 859 74
949 72 70
247 659 21
149 751 102
912 218 4
705 196 193
253 99 15
494 672 175
344 730 34
369 292 17
392 419 129
516 578 173
741 346 48
170 599 2
58 589 144
238 200 132
321 802 110
784 13 29
349 270 105
812 307 169
122 723 135
604 941 153
99 468 88
736 620 171
280 676 78
118 952 185
563 227 183
741 404 185
49 872 25
979 725 77
146 639 125
823 96 137
882 795 139
292 88 178
834 978 104
162 949 148
750 411 9
210 946 33
602 8 22
343 755 123
614 921 119
799 347 153
709 68 194
906 733 42
943 964 36
504 427 144
696 117 8
518 417 173
174 745 137
870 7 174
531 515 183
258 787 62
811 618 123
114 188 147
140 699 85
428 458 146
516 817 132
268 345 63
383 617 77
662 330 150
433 705 46
910 224 66
110 398 139
171 627 149
382 893 187
50 367 93
609 809 5
400 95 158
272 575 166
365 634 78
259 109 113
807 630 87
204 335 170
360 969 177
414 846 35
931 56 114
946 502 175
900 336 190
619 591 13
898 249 31
79 312 29
177 219 102
98 16 8
579 316 20
481 351 165
628 512 42
186 321 59
107 26 175
951 34 194
526 644 63
686 221 150
588 714 152
677 880 149
843 946 33
901 979 14
716 45 58
508 236 83
131 535 55
832 456 56
654 150 102
596 391 93
406 723 63
274 503 16
629 161 150
452 951 91
5 887 78
97 145 112
482 904 43
7 937 3
529 568 40
835 870 68
365 341 183
132 101 152
345 18 159
193 223 96
83 240 170
726 571 153
821 261 57
556 583 40
821 866 41
924 684 99
652 633 183
93 556 157
423 291 142
326 864 64
601 111 174
16 446 83
515 252 24
878 428 153
613 374 1
216 66 68
147 590 146
582 825 185
732 980 3
259 415 87
715 178 30
587 523 50
419 201 36
789 122 57
414 169 142
41 373 43
534 26 124
814 398 86
258 270 21
116 490 75
84 364 170
49 665 137
258 585 163
702 415 88
957 792 135
150 831 96
566 297 62
415 737 3
519 931 76
583 684 85
32 675 95
173 544 181
123 411 156
490 286 166
237 976 186
611 412 80
197 532 106
936 259 117
59 533 159
289 298 175
435 952 56
199 800 24
730 337 72
552 320 42
333 17 79
789 111 132
921 416 32
680 590 102
706 462 87
104 660 166
809 376 71
685 853 81
937 560 125
57 63 6
350 688 44
701 575 58
48 780 118
381 769 19
658 715 188
777 817 193
888 757 54
717 978 5
18 202 134
428 288 143
291 716 110
324 702 88
541 785 91
391 459 39
652 842 191
793 952 56
376 10 5
120 72 174
425 118 57
1 637 109
481 797 180
463 820 179
744 85 2
803 978 173
67 613 39
577 553 137
407 327 83
550 474 175
47 613 50
317 531 58
840 107 55
375 649 76
547 605 94
795 688 78
18 137 167
157 439 109
127 782 5
372 310 130
92 315 157
226 921 78
359 568 27
490 939 125
413 887 72
797 381 76
211 764 124
586 337 115
150 206 78
846 4 112
412 731 26
508 178 7
402 913 163
109 317 13
872 834 157
187 710 61
362 623 133
69 776 10
821 77 170
246 868 134
257 726 172
229 676 73
822 737 84
131 573 139
35 976 69
947 239 61
47 502 154
19 296 51
555 177 187
98 3 191
950 308 21
88 162 87
104 4 107
531 225 126
353 732 65
7 291 22
98 506 48
10 209 128
147 10 166
410 242 106
777 121 36
585 105 139
132 343 181
728 258 189
475 122 192
298 70 123
368 273 89
892 277 98
398 50 20
560 273 76
260 298 20
561 269 66
923 153 167
168 889 84
772 561 7
28 346 24
635 329 70
874 206 130
243 961 78
716 345 67
275 639 29
168 804 89
587 721 75
914 776 60
447 804 13
748 116 142
495 171 29
584 349 166
297 834 181
695 4 100
915 531 78
404 346 122
920 414 118
213 437 138
591 340 95
390 96 78
38 134 96
624 517 130
809 681 130
742 876 165
427 141 35
743 192 194
178 928 108
513 238 49
418 16 2
727 203 159
252 699 70
607 227 155
363 22 166
504 434 171
544 53 3
770 771 38
371 306 135
169 201 191
17 474 138
205 191 16
551 578 68
167 886 95
117 746 82
827 556 179
445 674 46
751 213 140
608 407 110
28 329 96
283 903 195
516 761 101
334 735 81
749 286 140
542 711 163
512 91 192
316 60 164
293 156 124
514 656 146
375 708 57
124 335 179
367 174 165
369 372 193
741 530 179
243 231 191
547 153 62
229 590 87
379 543 189
145 277 3
864 571 175
479 60 108
82 431 79
383 626 5
431 176 21
452 937 43
108 135 183
42 399 137
628 506 177
772 703 96
733 610 187
887 332 134
409 626 88
113 800 52
749 893 153
741 791 189
314 336 12
815 842 149
840 304 136
632 219 57
541 626 114
288 853 161
113 377 96
181 529 135
322 342 62
581 440 103
689 975 111
590 430 89
123 905 155
448 354 77
958 813 28
414 691 112
957 888 110
413 340 78
429 744 77
109 814 47
655 668 8
388 72 175
767 958 167
397 506 141
539 396 151
442 716 148
844 838 115
96 13 8
894 970 154
542 41 134
150 110 37
739 815 55
819 123 79
503 721 125
186 462 59
328 15 133
216 575 88
21 230 1
56 203 150
522 934 5
361 411 172
850 488 96
276 932 44
171 873 104
475 835 108
460 39 56
59 120 138
358 733 52
360 836 128
105 106 37
519 35 39
908 99 128
461 47 81
529 652 9
352 505 168
954 760 86
49 910 58
945 172 7
569 646 150
91 47 169
564 83 176
320 780 193
193 778 23
46 73 122
839 210 11
882 618 22
305 303 16
828 25 46
617 259 33
376 238 189
388 82 14
281 557 28
553 340 189
574 204 39
261 352 103
660 240 43
980 628 180
934 200 128
233 419 148
314 580 73
961 128 2
373 65 39
975 186 189
160 437 64
592 577 101
554 604 68
615 821 180
539 871 139
638 26 157
577 677 9
152 461 113
449 810 132
474 955 115
342 777 126
79 858 193
381 920 79
772 774 139
916 297 171
330 422 190
973 879 84
883 103 28
738 117 33
224 126 139
636 420 188
217 81 114
527 642 182
58 699 94
62 357 69
344 779 65
385 922 160
98 814 192
367 834 62
272 631 177
842 893 128
324 772 175
192 794 116
846 139 150
181 637 16
310 635 160
457 812 85
526 38 25
391 494 169
632 564 145
46 459 167
614 27 26
686 878 129
356 187 86
2 60 49
808 402 182
413 923 129
634 883 173
666 163 118
813 649 115
581 596 31
612 172 43
697 421 153
328 366 111
475 652 164
345 931 175
443 137 77
524 313 145
809 144 13
103 391 8
110 867 117
35 255 194
976 536 45
172 91 20
500 628 25
54 169 160
960 687 32
377 978 143
10 279 33
344 495 27
830 599 113
491 872 167
549 256 116
22 928 38
254 130 82
940 757 182
918 954 153
565 386 100
831 128 131
362 698 69
745 82 90
801 969 187
408 231 142
230 228 145
512 454 106
514 624 6
702 329 122
448 855 140
461 148 126
95 548 3
838 971 17
64 4 134
644 577 195
330 14 24
47 204 107
279 733 37
514 664 16
517 251 51
75 812 141
813 219 185
703 809 149
848 773 188
721 240 135
12 603 67
820 525 121
717 153 109
264 671 114
577 523 132
704 282 126
231 269 114
907 429 146
92 966 165
978 432 122
829 503 140
18 296 38
398 966 86
202 898 158
822 636 194
804 504 190
823 359 125
446 297 106
596 409 23
948 40 60
820 127 123
447 207 124
411 652 49
506 296 173
925 579 12
743 737 84
369 175 45
302 389 150
402 227 34
794 59 9
400 306 95
179 280 65
99 884 120
706 282 2
969 881 165
238 39 74
393 198 136
30 331 136
673 602 17
894 926 138
808 769 114
725 279 90
616 667 105
191 158 138
76 540 150
839 419 96
684 545 53
300 295 39
910 472 35
140 615 59
30 241 120
159 429 49
803 83 86
685 3 30
268 235 63
448 309 127
139 858 7
106 282 180
658 900 66
835 653 123
512 914 26
691 477 69
749 564 79
936 708 159
440 951 77
675 533 106
537 500 122
204 835 92
476 291 129
296 326 165
194 963 21
325 603 85
959 178 64
877 564 99
759 393 117
751 22 61
852 133 13
812 468 125
825 342 64
97 455 168
188 868 129
68 30 64
877 930 157
138 691 184
819 525 102
558 706 162
567 190 12
260 333 120
802 257 25
485 650 61
182 374 189
649 52 45
697 98 183
968 94 99
12 156 175
436 339 48
899 304 4
605 918 29
187 70 144
386 494 5
205 668 191
870 766 95
419 814 122
452 533 3
836 674 81
297 283 139
447 770 75
630 321 152
695 168 111
39 881 171
507 760 19
207 874 181
177 932 122
453 42 188
936 655 82
320 609 48
492 292 156
189 588 126
120 317 11
513 101 11
417 485 172
327 277 108
96 761 105
387 864 90
705 607 86
232 702 84
818 449 40
255 382 185
463 314 18
921 358 148
611 440 106
740 974 173
368 742 131
377 844 114
190 622 51
338 153 109
207 33 50
513 916 55
433 852 114
881 640 106
362 568 81
387 880 9
515 209 81
564 14 179
406 614 71
533 294 169
809 521 101
431 284 51
19 145 50
694 978 90
585 885 186
918 554 42
256 713 165
473 123 17
610 651 1
766 797 178
271 969 146
936 742 8
271 193 78
894 21 112
705 933 181
924 560 45
949 972 171
375 166 99
446 248 106
282 17 139
312 133 149
595 90 33
463 823 165
738 890 30
485 743 175
722 489 171
671 84 127
418 960 71
545 817 163
638 102 104
493 977 90
120 175 191
720 168 148
328 178 122
910 292 125
378 218 77
28 515 27
847 657 1
889 188 76
371 937 115
106 857 159
760 3 61
413 105 110
559 173 127
875 611 151
589 39 59
668 750 148
533 919 99
788 138 7
653 488 87
760 489 54
433 741 104
136 476 132
59 412 192
955 52 75
659 902 102
860 38 70
738 274 152
928 605 154
301 280 74
694 200 25
687 42 125
517 91 22
764 429 74
357 365 48
519 75 28
371 625 45
496 564 19
457 191 31
697 785 90
618 565 19
271 215 55
709 788 179
358 356 139
360 768 30
344 54 62
266 922 139
557 707 119
446 445 145
791 17 94
426 493 15
454 864 99
339 543 11
218 178 176
936 272 44
482 483 183
228 619 98
387 906 38
842 324 126
775 99 88
85 481 2
298 831 89
674 437 186
291 153 189
425 843 132
410 903 128
761 843 77
292 229 13
769 304 69
172 943 26
170 145 34
561 205 145
958 290 24
945 947 157
406 311 8
623 103 113
440 592 10
511 377 93
728 88 182
578 216 156
168 297 144
378 796 188
430 773 20
289 278 53
125 53 161
441 158 192
734 565 158
972 855 137
516 256 25
935 436 121
475 266 180
544 376 34
895 610 67
471 379 59
229 158 119
676 386 8
122 162 151
927 469 117
692 846 49
911 180 167
331 842 164
289 577 24
137 133 27
408 750 140
97 5 126
449 12 43
802 467 128
285 379 111
139 415 165
698 541 139
332 566 136
15 526 92
690 272 24
29 882 59
405 244 32
769 253 34
931 661 51
968 151 44
953 975 85
928 882 32
845 213 119
504 592 9
896 378 191
374 49 127
413 749 146
498 42 139
234 269 59
156 415 6
397 620 119
177 120 36
47 727 159
592 356 41
43 922 190
535 642 73
442 869 139
219 434 84
575 318 94
231 871 10
775 92 21
966 657 5
140 41 180
270 641 34
538 827 159
847 125 119
822 435 63
87 494 175
344 951 76
572 508 120
956 90 70
798 776 23
181 695 108
202 277 100
673 33 78
287 411 16
447 93 28
311 366 154
3 253 18
552 711 81
653 190 165
489 356 92
379 168 123
500 224 40
178 306 67
140 298 142
485 438 114
850 349 35
198 513 168
300 249 75
573 823 139
592 138 78
20 343 59
43 798 184
401 351 94
744 767 162
593 112 125
935 133 112
775 691 188
1 721 57
838 346 144
776 946 181
164 720 181
948 954 21
528 259 131
793 358 174
962 542 123
471 26 107
954 150 16
907 390 80
358 888 35
164 213 118
1 584 79
768 788 172
23 849 65
231 965 3
285 249 8
522 862 174
256 949 54
584 855 123
560 609 180
97 876 160
503 257 156
135 202 44
370 325 98
263 873 133
64 794 127
106 174 182
543 447 172
310 26 187
403 778 154
444 507 68
82 371 5
522 912 170
718 816 115
861 41 110
475 544 17
643 549 83
758 50 123
841 368 18
504 73 142
314 274 71
872 496 133
261 890 51
912 822 182
200 515 120
884 606 28
877 785 179
828 213 177
878 469 100
474 704 174
496 33 158
356 20 91
133 974 72
205 202 111
279 709 148
825 143 19
888 371 4
494 172 136
615 972 186
870 435 7
952 330 146
343 343 24
513 154 92
916 242 95
864 263 154
699 956 167
399 390 161
940 762 114
274 924 151
767 95 18
639 28 192
744 264 16
925 505 17
193 376 122
594 29 34
926 369 111
424 923 126
692 115 140
733 11 70
247 218 86
343 539 14
750 331 75
815 418 22
668 460 85
335 765 179
476 378 108
132 172 16
184 628 47
322 417 44
888 174 185
34 33 66
67 596 109
914 633 141
368 164 43
583 929 67
634 455 22
858 370 169
328 891 68
185 596 16
230 149 151
725 968 29
443 368 148
777 634 84
326 64 133
816 166 133
703 549 10
776 435 76
637 435 184
121 470 148
780 829 157
318 63 187
571 319 67
583 150 26
383 374 90
709 669 60
171 384 16
215 913 88
799 173 159
906 267 5
529 783 91
953 546 133
285 625 7
464 750 185
771 632 194
660 243 27
974 102 113
831 605 10
767 959 182
571 521 6
814 287 92
378 663 163
442 762 79
432 14 188
4 85 35
863 416 131
867 304 139
923 127 46
377 324 37
695 218 145
358 925 95
680 273 92
804 464 191
42 258 168
860 260 190
441 705 30
318 126 147
248 882 172
419 979 72
667 370 180
609 716 170
406 866 59
159 92 20
916 755 120
111 785 153
631 86 64
343 705 106
590 215 44
552 314 183
659 591 81
468 626 138
566 415 34
25 243 147
811 863 35
930 707 121
51 202 138
969 19 127
399 382 17
140 32 84
193 635 101
464 362 44
434 580 52
294 383 53
124 862 154
268 151 88
478 808 133
965 868 71
851 666 2
466 453 120
245 956 25
733 829 56
93 586 172
506 796 150
419 319 189
572 626 176
86 80 113
267 17 194
411 94 96
331 222 130
144 710 61
46 164 58
60 237 155
456 118 31
591 318 88
802 51 177
669 793 13
645 887 161
200 38 160
11 531 150
564 31 30
622 509 29
611 408 102
345 464 175
242 660 120
771 52 113
144 549 14
867 767 38
427 641 123
485 481 8
932 472 140
891 475 115
427 484 156
51 299 173
846 862 79
832 297 60
276 294 108
440 966 124
83 935 14
344 682 114
901 876 76
199 546 29
292 479 187
583 96 70
946 379 123
590 167 48
147 902 71
967 3 176
953 278 66
43 562 130
640 505 58
492 19 18
466 800 149
781 786 163
318 961 57
640 551 65
427 684 106
428 700 141
911 781 65
197 950 149
943 916 38
836 620 123
215 26 41
59 49 88
769 455 25
446 442 164
119 657 67
838 639 66
109 397 57
765 977 30
688 538 93
921 113 112
972 228 16
499 353 188
10 427 16
254 537 122
841 696 111
578 332 177
600 512 33
663 933 59
574 592 182
816 593 24
14 124 76
379 117 113
233 604 156
714 926 58
91 938 74
744 754 180
234 868 178
862 18 74
735 393 182
883 602 102
113 917 176
678 542 123
946 436 75
773 885 53
848 80 137
904 769 58
805 632 174
723 493 114
782 716 71
832 891 163
400 419 184
11 62 14
727 273 86
307 811 167
393 931 60
820 656 159
246 704 67
714 321 3
152 143 43
886 571 70
232 654 100
209 723 34
94 24 107
828 329 118
344 492 165
969 23 161
129 358 117
449 281 148
470 203 72
796 39 180
410 175 187
584 891 15
697 842 91
769 850 29
295 608 113
18 737 8
605 807 88
569 455 8
44 856 154
285 1 101
839 790 49
847 279 124
793 854 3
599 814 145
9 371 53
487 258 190
689 201 75
603 82 183
398 152 112
686 665 151
232 144 18
809 268 18
222 601 156
966 481 36
932 714 169
360 861 188
420 647 86
977 596 12
684 970 195
892 83 94
598 417 133
354 359 105
138 442 88
664 486 52
906 590 184
295 156 158
658 169 17
244 896 2
335 844 18
399 715 30
570 530 156
871 445 166
137 162 103
401 55 146
668 586 171
285 914 86
615 21 54
508 736 185
146 953 44
759 667 58
843 427 164
35 106 28
33 847 42
312 414 143
609 406 34
256 533 98
493 775 27
778 374 155
469 302 109
697 141 12
421 443 159
321 119 76
624 161 174
178 612 156
758 928 67
785 456 16
326 615 102
154 760 190
645 802 162
563 404 22
189 818 4
735 968 7
158 974 60
595 807 38
58 549 167
5 730 161
978 247 28
437 649 27
887 137 1
553 730 161
804 740 64
147 390 39
419 207 44
288 309 99
837 249 101
568 86 161
174 381 168
583 410 167
640 858 174
700 707 17
190 511 153
689 444 20
722 716 85
155 737 24
351 846 46
923 370 133
861 801 49
480 303 100
161 293 48
361 345 55
825 139 10
938 548 122
229 485 22
331 562 81
130 12 36
23 421 64
615 794 169
17 294 101
934 429 94
177 135 165
367 227 167
413 565 155
443 737 48
847 130 101
383 381 13
281 643 116
124 62 156
974 277 173
30 863 131
310 417 95
869 610 26
532 238 140
894 313 146
503 544 173
916 397 122
820 868 35
700 880 56
437 742 100
239 484 46
951 803 124
592 575 127
624 96 13
872 264 104
462 80 132
339 319 65
932 360 118
899 682 54
794 540 170
483 54 118
400 545 7
443 93 22
307 452 179
861 98 142
242 45 63
563 318 177
668 74 118
545 970 43
226 346 62
847 194 113
415 216 25
441 669 20
593 907 26
822 344 2
892 348 174
359 397 45
678 545 54
201 267 143
901 535 73
65 753 10
844 929 104
242 485 5
596 799 122
396 410 100
304 495 120
768 355 12
319 454 154
444 127 179
818 311 185
382 689 2
140 161 17
385 487 7
311 931 178
726 761 54
626 784 25
111 237 78
70 771 148
850 285 13
42 312 64
631 511 110
98 810 51
408 563 36
6 545 172
134 329 4
53 959 158
820 457 190
643 316 51
621 169 106
310 580 79
939 36 35
839 535 68
563 745 86
699 424 166
724 570 127
426 252 6
667 546 160
786 463 16
550 720 139
896 753 27
20 502 177
747 400 166
168 193 95
85 790 129
285 819 106
479 292 94
822 770 75
437 515 158
193 897 92
324 670 60
884 474 180
866 616 119
260 429 178
90 795 77
166 951 9
807 625 182
400 450 148
217 238 103
352 648 165
241 727 119
975 899 19
764 325 58
557 421 128
162 662 69
579 921 187
281 127 85
834 890 1
161 873 147
415 672 188
757 273 23
662 460 175
210 794 86
578 571 13
460 912 129
565 815 87
589 11 85
936 227 5
313 373 108
833 527 68
124 483 26
837 596 42
347 672 194
861 383 29
556 131 22
766 699 18
162 308 9
940 10 194
798 242 75
942 763 59
879 470 59
557 866 45
473 940 33
612 140 165
258 748 119
526 313 106
439 358 191
874 353 95
683 791 167
872 127 195
776 97 181
173 706 35
81 74 46
647 468 16
611 659 34
473 331 192
506 197 138
84 280 54
491 478 46
486 824 150
963 691 91
689 882 148
465 170 39
900 42 140
809 578 191
842 243 98
810 586 145
525 590 43
500 215 151
478 723 30
9 237 35
314 293 35
567 517 162
528 518 175
504 244 32
853 395 142
123 332 171
720 259 93
636 861 107
115 468 7
561 768 109
351 73 186
894 426 95
945 560 102
232 979 65
958 851 1
662 303 10
456 828 3
74 826 95
768 313 6
269 27 76
27 309 82
881 512 180
273 699 112
551 369 183
422 572 136
510 285 126
347 56 41
973 957 125
556 510 55
661 430 178
639 886 51
150 301 27
464 23 63
662 350 107
924 195 44
642 272 78
837 241 120
927 89 90
424 941 113
495 134 41
907 531 179
156 39 76
193 784 68
738 443 154
737 171 63
67 188 168
489 222 78
793 934 20
299 503 141
836 8 98
111 375 101
40 612 170
131 132 11
41 497 181
342 42 101
681 575 176
616 483 184
691 577 32
310 435 110
806 935 173
256 76 48
16 874 105
246 343 19
213 18 137
202 170 2
287 321 38
822 384 7
699 31 166
598 343 134
689 219 97
780 800 145
346 751 18
678 949 72
160 386 185
915 107 128
415 146 91
839 603 12
677 852 127
386 719 119
633 872 68
69 713 59
342 774 13
867 823 102
374 11 193
275 366 176
533 775 96
803 368 99
146 966 189
929 663 184
510 207 63
623 178 127
384 130 72
43 608 63
683 932 177
567 88 79
692 163 14
972 763 5
305 186 22
850 252 8
809 164 136
332 457 24
933 25 76
490 585 60
170 27 178
626 863 3
940 636 68
105 758 144
376 727 100
931 311 40
447 925 30
740 33 74
435 472 139
533 886 90
506 325 75
185 65 132
206 171 26
181 802 30
927 65 27
223 187 70
96 920 29
781 889 69
89 338 172
340 571 23
618 754 175
241 366 186
948 298 49
878 181 127
876 211 52
274 864 84
529 555 22
886 486 100
922 826 96
209 498 190
479 857 116
222 172 165
739 852 127
165 493 103
283 74 29
764 349 95
316 527 50
479 394 84
731 817 156
791 975 112
767 472 95
867 699 121
641 327 119
689 681 80
31 510 156
467 364 188
680 513 83
837 283 22
11 937 109
971 448 109
895 706 42
591 380 112
288 104 128
54 312 169
539 734 22
102 51 132
249 322 170
611 464 112
939 600 93
200 77 111
568 843 43
468 529 113
302 4 86
187 23 156
82 140 161
712 968 62
241 57 80
676 323 9
38 541 80
827 275 163
634 412 170
760 441 140
852 246 69
102 958 31
818 198 139
917 344 156
403 526 124
157 920 13
708 717 149
639 671 1
171 936 105
17 924 54
291 352 130
169 872 94
327 75 183
719 399 140
310 184 40
956 137 186
560 757 112
840 283 134
527 694 178
142 429 51
119 3 56
752 526 173
807 948 73
41 357 47
326 284 183
467 680 29
593 288 149
210 144 165
284 259 184
235 408 41
703 270 118
677 753 160
201 235 154
369 522 190
176 194 94
919 199 184
440 913 92
278 657 173
811 91 118
882 225 146
153 925 133
635 939 12
306 29 53
549 267 96
369 934 179
424 95 93
43 838 52
321 703 109
616 875 37
902 496 25
443 227 85
776 74 34
582 826 65
158 920 97
371 157 110
204 743 121
739 264 37
546 79 42
143 238 175
596 781 34
647 463 149
646 37 20
378 719 70
73 479 172
551 960 16
887 739 140
123 281 28
88 487 35
413 885 124
488 711 54
691 8 133
894 504 137
199 617 13
633 414 122
317 915 193
57 344 123
933 335 129
517 316 41
912 629 41
293 677 94
17 762 71
589 675 136
561 46 62
556 692 85
164 784 93
245 628 39
827 513 26
300 487 27
394 122 108
968 975 178
489 247 62
95 682 193
553 576 4
485 99 74
315 45 79
265 7 82
597 346 108
625 582 38
8 410 116
488 251 117
251 638 39
43 906 136
731 159 43
868 156 150
535 252 179
948 747 10
510 156 99
71 106 153
611 562 31
86 249 156
432 14 94
731 883 152
213 665 24
150 869 46
59 95 9
618 856 40
863 318 90
377 751 18
383 479 65
716 173 42
34 806 108
501 945 36
191 633 71
363 609 182
366 61 105
701 568 175
961 413 64
647 589 131
64 962 162
253 528 24
950 446 91
17 459 65
93 956 15
958 848 52
152 57 185
486 639 61
812 459 54
571 224 147
363 958 110
80 28 73
53 745 175
837 300 119
630 563 23
799 533 175
627 106 165
431 529 155
284 85 23
736 9 151
179 364 73
810 585 119
235 381 70
58 714 140
37 468 14
690 33 174
42 471 66
440 365 192
186 660 105
458 940 126
454 942 81
817 508 29
350 458 141
340 785 140
323 291 139
75 266 69
43 380 6
512 540 73
444 95 118
192 483 146
164 890 14
600 698 14
615 740 59
14 965 151
81 104 180
853 967 106
373 446 192
763 96 185
645 420 32
534 106 159
580 199 157
686 498 32
277 694 60
20 426 137
611 152 58
342 780 133
804 444 57
668 546 44
756 512 45
299 662 167
655 861 172
800 222 137
16 116 195
388 954 62
353 301 79
197 284 175
529 336 7
597 435 47
848 110 180
968 682 167
228 128 45
373 382 190
448 908 52
754 921 174
673 259 111
807 942 113
657 259 147
94 835 65
557 227 184
362 848 118
378 93 27
126 604 60
428 624 117
381 50 154
771 922 33
890 931 55
697 538 162
294 49 65
67 932 188
192 685 183
460 169 63
310 249 14
637 841 192
157 678 95
113 489 9
113 755 155
16 729 130
29 35 136
921 540 81
94 394 102
273 754 37
98 788 39
455 869 1
340 882 154
856 703 118
641 207 192
84 68 181
380 364 88
816 453 125
352 881 6
929 107 4
406 230 145
248 508 84
196 853 33
231 531 103
271 102 188
118 99 31
966 769 29
899 439 170
878 645 100
641 919 79
559 572 75
166 78 75
622 965 171
400 246 188
543 349 161
927 9 29
284 72 95
145 177 58
789 243 104
875 925 165
908 573 95
301 837 195
476 794 84
152 792 30
72 103 79
692 320 111
504 42 189
874 444 101
213 544 92
708 474 75
826 322 119
422 189 6
844 930 30
595 31 28
77 403 73
690 132 119
471 236 193
429 235 52
653 420 6
590 712 47
541 117 130
371 277 21
165 621 106
308 974 26
74 488 183
551 896 157
137 326 99
958 337 41
503 683 24
19 343 106
539 163 77
890 113 59
300 463 91
425 60 106
810 852 191
738 870 13
95 526 114
589 971 102
285 900 38
931 71 146
587 826 4
256 708 113
654 373 62
898 227 134
606 696 110
644 763 173
876 949 113
205 82 71
496 185 132
196 3 17
860 305 7
732 22 119
261 288 163
795 136 88
720 484 98
86 641 123
937 282 64
663 609 100
717 357 181
718 938 110
830 762 124
194 24 130
527 443 100
534 565 102
55 219 30
280 517 97
637 536 133
673 536 138
282 556 23
231 916 86
794 726 15
641 376 166
825 971 110
538 933 170
31 116 9
803 71 51
710 282 113
162 70 101
814 168 72
947 553 181
820 749 64
901 112 43
184 289 33
151 467 73
904 69 94
747 664 121
359 937 67
549 820 105
287 575 143
202 803 161
158 342 120
899 963 29
676 96 143
142 67 1
268 449 93
336 424 175
358 573 161
251 178 182
907 188 18
439 313 112
417 506 68
842 131 96
280 488 149
423 751 111
74 138 165
404 117 180
700 205 106
659 238 53
685 434 80
630 103 161
116 496 162
711 347 162
14 750 157
648 739 161
487 274 168
835 616 167
286 5 146
901 719 18
39 596 26
842 836 174
899 826 116
241 625 21
967 345 172
861 715 42
65 567 104
868 505 98
59 46 89
851 895 52
613 14 105
318 568 60
573 716 154
834 825 186
784 216 192
781 548 31
355 491 120
36 156 163
217 550 137
510 252 59
300 210 162
466 513 148
309 529 43
550 895 7
269 538 4
77 365 36
685 224 41
115 605 154
616 971 183
646 821 76
66 804 121
611 511 151
859 717 62
78 225 183
270 607 147
225 873 54
485 495 62
645 473 152
278 174 95
326 257 179
277 932 69
470 191 112
747 2 120
857 142 184
608 322 53
266 602 192
504 612 159
513 348 179
808 912 189
854 807 29
956 864 175
394 819 155
677 260 122
131 206 130
881 496 127
327 980 188
961 421 81
526 514 2
591 381 32
770 693 15
164 719 78
529 409 136
96 969 77
252 814 83
886 688 194
224 486 88
320 535 191
678 13 104
873 319 45
476 812 114
130 870 188
5 716 185
407 516 124
546 556 27
29 486 149
806 437 183
570 823 51
345 861 170
776 226 129
291 659 114
850 405 159
790 275 98
378 370 103
823 662 137
467 129 85
175 119 26
97 271 76
4 824 114
648 190 55
317 951 4
442 16 16
190 932 30
975 408 157
447 260 28
306 397 12
689 692 152
912 93 80
970 795 165
418 971 26
305 647 55
24 118 93
169 397 7
53 47 22
480 163 192
377 949 115
314 338 96
89 331 89
583 893 85
3 461 91
314 583 128
255 590 45
491 487 10
756 685 3
119 491 129
55 847 139
294 302 195
252 488 59
103 53 193
93 759 155
343 326 45
25 906 30
568 153 40
900 129 50
744 574 2
315 302 155
402 884 164
528 508 132
340 172 53
274 828 26
167 129 111
43 96 41
438 202 92
124 51 2
209 245 66
947 323 148
321 41 104
806 313 155
16 836 28
979 816 169
645 5 77
13 224 60
452 380 56
173 117 115
792 518 87
159 782 143
485 435 92
37 545 155
826 717 23
131 954 31
554 208 6
77 609 81
158 91 185
193 519 95
542 608 158
737 722 160
182 165 44
287 786 6
475 295 24
936 220 152
869 961 156
117 39 167
529 209 134
70 855 62
730 874 155
312 587 112
847 883 147
317 494 128
186 371 150
229 792 6
497 187 149
221 378 110
643 887 80
625 241 55
873 558 68
369 501 105
649 722 159
918 52 99
255 118 63
479 95 19
385 774 108
751 324 169
599 206 172
830 117 181
441 278 184
409 664 116
566 746 164
903 767 130
487 372 56
615 197 185
964 728 86
659 46 141
292 657 123
79 117 58
575 168 172
538 135 77
759 460 116
373 104 18
220 122 119
274 864 101
899 520 90
418 892 136
546 726 74
85 191 99
144 487 31
434 884 13
171 882 170
71 852 66
350 604 2
264 351 40
452 105 89
99 669 88
837 57 190
840 842 9
210 203 110
214 378 32
313 464 23
756 430 49
898 412 67
142 61 112
904 834 117
508 640 93
835 700 169
487 135 190
235 692 90
188 88 10
785 133 189
300 839 12
242 51 50
614 703 109
358 174 191
832 416 48
630 84 88
84 841 144
160 905 63
660 551 161
340 220 102
163 962 48
37 236 70
68 121 193
164 856 32
876 672 113
75 170 166
920 329 43
497 71 36
650 481 47
105 284 70
894 515 84
951 816 90
949 877 32
368 893 72
389 723 181
319 359 132
67 192 153
400 675 108
354 4 14
206 141 171
579 313 88
867 75 127
195 673 143
12 742 158
217 738 1
885 834 140
480 806 76
371 273 128
421 732 146
440 295 173
140 310 66
222 950 140
712 397 39
275 453 49
396 896 136
531 736 125
194 147 119
335 38 120
250 521 69
499 665 147
348 168 31
853 232 147
325 592 157
367 632 52
616 131 123
722 821 194
54 228 101
853 101 44
437 360 129
362 276 109
267 703 141
654 887 106
624 281 80
335 480 46
868 43 34
518 197 129
175 765 75
898 169 167
511 467 138
23 391 22
389 841 45
507 631 55
522 9 53
782 918 64
820 847 70
833 393 60
42 543 75
33 170 188
616 936 47
823 861 94
278 830 100
721 139 39
845 351 25
264 846 193
598 811 73
315 853 95
789 575 117
979 455 133
965 34 54
907 364 98
655 747 98
345 48 139
20 306 87
980 61 98
562 310 139
504 280 126
914 539 12
65 242 165
825 243 85
476 180 151
847 646 163
209 847 5
586 59 98
948 724 138
173 351 62
815 170 147
833 73 40
825 955 151
802 130 71
119 467 135
980 940 1
9 535 126
419 325 26
650 970 58
489 688 82
979 265 134
531 463 121
188 704 11
965 561 148
407 366 59
520 339 187
60 817 122
430 956 66
662 67 159
410 504 80
140 702 48
677 806 89
344 663 154
811 149 1
663 478 31
266 451 179
756 685 107
592 693 25
757 475 25
893 694 84
844 36 63
190 571 15
301 668 164
155 405 52
121 464 101
132 235 144
809 756 144
852 477 181
819 905 40
148 281 150
946 54 49
676 851 179
