448 3372 373 162
330336 134698 625630 739765 121078 14102 251180 529423 941890 731901 88672 212170 113206 434818 412830 170318 729775 671015 838155 410103 307197 616267 14180 803796 753310 325348 434961 3774 342383 246669 316524 215344 827623 556773 999428 982309 372485 594637 486045 189628 929345 399300 417767 441755 477119 223922 102720 550590 86563 807465 433127 348294 830553 295458 19284 848592 55749 117217 343883 701780 87807 833202 4220 187129 405417 884520 602600 204529 152527 587713 313007 392090 580166 405597 987082 801151 343352 591507 836221 654129 731119 938218 395742 438485 167306 490893 268918 454665 643268 901674 950084 539598 48243 49550 190633 768683 724670 343279 953519 746745 295730 385717 81723 206323 585794 233845 552743 431740 739017 647748 964388 143061 65809 933494 206804 620130 325245 62949 614170 558557 673862 176749 650125 17444 412599 868352 936512 160308 946928 347626 843297 883473 445294 510158 492515 269129 671988 120937 878920 153991 512612 420319 468598 495491 21569 540191 298939 721024 423236 454063 774693 628390 772791 411320 826108 404223 461297 506170 376264 179016 804780 560750 692815 116945 369547 194863 751355 694182 813261 479595 880861 91419 915308 137132 194757 97750 463312 381758 477804 94093 257748 829770 882017 865385 150965 430759 542417 71945 934844 32733 524694 777165 219106 29920 28055 134246 999834 730750 890391 463760 483645 111540 706368 947915 968142 495348 939561 843570 682021 531633 935689 219669 188989 195789 888820 540818 905034 547066 295178 752051 724112 936857 332072 412264 458321 632300 90475 538305 91996 957521 396038 755896 346443 894154 645889 174384 314283 956761 864756 828924 421734 437700 806722 353412 699020 111183 911860 312982 407331 780127 320825 148269 196871 104727 91905 175651 603520 792164 792601 911458 555934 660932 144566 482904 608397 553069 736584 232149 89093 335888 910419 492015 567297 411650 590911 113231 41019 781764 327215 832610 485734 282139 706617 954737 724625 194941 931931 861870 292122 914335 784379 739138 762668 666967 181048 811898 193149 410335 57233 134936 647443 943914 772253 910420 495446 368430 209473 612317 143291 877736 985979 618173 636955 902423 331993 19115 973378 27356 710089 65580 583974 253212 874660 712282 471321 924262 794633 825860 222522 520800 886207 181448 948961 991174 837770 823976 662051 677932 895180 355932 594676 446341 112430 360549 792836 358312 379457 566872 99109 946211 139088 769597 42167 618812 638986 488191 138771 753695 638383 970230 766709 403840 679635 303032 883296 829865 527007 303457 450441 267364 545942 895173 3416 804831 732509 209049 884432 830657 823300 814993 18644 987944 500094 211999 454333 836107 684665 176608 703249 548913 721699 308506 765774 212344 401595 998409 496783 511475 859030 986044 64709 535325 112162 248990 734273 466047 347739 890313 842683 383611 745430 94280 658777 905118 690344 930833 984641 359430 101966 899052 7821 988386 712236 750409 819890 51013 552672 279029 77611 701299 514707 736623 398406 485295 222639 18859 237561 105297 838935 949148 542663 749391 186459 543329 385087 330928 187428 410839
81 381 35
175 40 29
411 424 15
124 69 40
193 420 62
207 14 6
428 313 55
445 207 28
12 355 27
130 306 35
249 48 20
169 31 36
133 72 41
283 295 22
128 12 42
138 141 10
211 133 28
54 415 73
233 84 39
446 50 21
128 415 26
312 154 34
129 147 21
72 424 10
384 369 10
189 178 33
21 289 10
386 259 12
336 32 59
79 335 29
321 388 17
419 146 24
236 378 55
379 165 5
36 314 64
19 100 11
401 112 74
39 445 57
323 197 73
351 212 24
219 13 24
425 111 8
154 186 60
23 4 72
315 32 65
113 266 56
186 286 67
289 295 23
305 120 30
416 359 30
82 120 19
304 343 68
56 21 36
242 180 45
222 289 40
132 56 52
295 314 1
333 399 26
187 431 23
398 46 17
250 161 7
438 278 10
55 331 69
55 310 33
85 191 67
398 238 54
42 115 9
231 45 12
292 191 33
215 298 23
80 105 37
166 135 8
361 293 25
388 53 20
186 402 35
394 430 23
102 27 60
364 15 33
113 246 5
103 100 73
261 29 8
280 274 29
131 366 30
46 174 14
59 354 38
115 192 10
44 184 59
329 263 43
303 69 25
97 49 45
119 323 25
397 221 60
242 157 8
194 251 43
410 248 35
211 428 60
330 315 73
166 58 55
35 151 50
433 426 67
353 297 32
31 379 64
394 107 56
305 286 53
305 156 23
235 204 70
33 273 15
341 271 63
93 303 14
407 83 36
392 395 44
401 263 6
251 284 53
309 428 33
372 87 23
156 176 5
60 359 70
79 289 39
337 348 36
221 49 62
172 24 9
405 120 69
233 265 9
383 146 35
185 229 53
238 414 15
394 171 21
133 171 18
157 215 57
418 1 14
176 207 46
307 246 17
259 57 62
222 163 21
140 177 63
318 10 39
372 347 12
368 270 1
446 409 66
178 357 40
207 325 64
235 412 35
79 44 30
412 209 15
219 372 41
316 427 49
406 301 49
36 443 12
5 413 68
392 94 13
410 353 47
448 124 62
8 292 63
42 125 29
387 176 25
163 69 71
132 350 13
375 129 12
192 249 12
196 396 8
234 22 43
311 432 59
326 446 31
182 88 29
177 22 59
86 62 61
421 400 60
218 247 5
248 378 11
126 335 62
29 121 8
323 269 29
191 94 1
98 428 42
295 136 59
116 97 48
53 141 42
111 323 31
128 3 39
349 233 71
220 330 34
52 277 32
175 177 7
126 343 40
150 211 41
14 64 57
72 132 29
81 364 58
323 403 52
394 426 33
80 317 45
60 372 52
237 134 71
186 54 73
379 259 60
149 110 51
40 167 41
8 167 28
138 424 26
83 367 53
114 7 12
71 198 59
257 193 57
166 363 24
127 336 18
289 389 61
175 253 63
378 289 69
290 437 40
12 110 41
147 145 46
194 112 31
292 164 64
417 11 6
419 93 22
358 345 23
210 217 1
154 273 18
191 434 16
154 405 67
211 201 22
105 83 1
197 129 47
165 426 15
324 26 69
202 24 53
394 317 43
209 149 18
33 427 15
32 244 33
53 217 73
210 242 27
442 329 62
45 263 28
159 223 4
435 281 68
304 123 27
137 320 28
414 201 10
269 3 7
234 156 42
182 444 3
93 302 73
274 249 44
126 30 1
269 8 36
329 442 31
445 92 28
413 103 12
352 242 62
434 7 58
6 49 69
402 332 35
83 197 38
303 10 38
81 54 14
346 430 20
50 6 62
263 259 44
111 405 59
426 196 20
442 359 48
127 13 30
344 411 63
5 372 72
309 293 63
122 196 44
123 384 46
57 197 51
183 258 14
176 330 64
16 26 10
16 285 24
291 241 54
409 41 20
137 187 48
85 373 24
1 324 26
68 240 47
335 80 18
402 53 58
400 363 65
106 243 22
115 353 37
390 121 20
82 24 33
261 197 2
99 324 18
293 278 70
149 412 15
260 270 47
372 404 58
331 221 68
414 375 49
251 261 44
445 294 19
195 321 33
155 79 50
409 353 67
108 297 70
213 14 3
327 442 63
271 366 28
258 127 43
168 329 20
388 7 45
197 359 59
178 172 17
52 358 51
405 448 59
71 440 34
272 188 51
440 293 28
415 41 26
120 318 10
206 244 62
253 345 18
338 44 44
107 137 45
388 422 52
289 280 21
416 90 9
2 156 44
53 383 49
302 26 37
235 373 51
424 121 63
2 94 40
185 320 64
430 276 27
352 263 52
232 440 58
67 438 43
293 25 42
179 64 16
120 198 44
265 443 61
409 268 4
219 371 40
386 293 8
361 120 49
203 201 68
439 383 4
417 66 12
178 276 58
298 447 30
146 84 44
248 291 65
427 407 39
20 262 5
346 327 48
116 23 66
381 276 63
87 87 56
397 244 64
275 145 72
329 68 15
424 49 7
398 385 58
359 263 41
373 330 36
82 353 56
51 114 18
118 136 71
96 306 30
96 266 73
313 420 21
282 210 51
187 387 14
191 437 59
275 277 48
193 357 11
5 95 32
339 122 71
343 91 26
348 157 39
73 289 29
387 381 4
20 149 8
381 369 4
232 234 40
19 431 5
241 257 60
60 242 51
186 51 36
289 66 54
79 82 7
313 304 4
245 190 8
85 9 68
158 108 22
89 113 42
203 149 55
95 446 9
24 237 13
238 333 74
164 196 74
150 344 23
297 319 41
291 139 29
179 415 60
123 173 41
71 24 11
365 330 9
393 327 3
139 428 2
291 361 38
423 86 34
64 399 35
316 315 71
185 131 21
65 330 25
338 81 52
256 331 48
97 274 69
234 374 59
8 445 62
156 42 35
73 76 67
384 19 35
63 295 3
290 140 72
228 331 42
289 132 65
200 221 74
57 79 20
308 363 8
114 217 8
114 293 23
65 189 23
80 269 46
26 3 42
375 440 12
98 208 61
156 21 31
297 241 74
77 201 62
426 118 4
161 187 27
68 77 8
163 252 15
263 236 3
172 4 74
417 124 15
107 336 30
75 61 29
345 290 6
277 202 32
95 315 37
51 386 65
406 288 45
379 222 13
108 442 37
200 116 55
406 237 61
88 1 35
265 48 44
316 147 5
277 34 38
373 259 19
302 30 54
312 183 52
24 260 67
316 262 35
395 258 68
195 125 30
55 357 6
12 369 6
110 200 66
343 38 16
217 357 22
185 333 2
12 311 60
242 313 57
271 119 62
34 303 12
72 370 62
384 172 26
188 151 18
201 395 12
164 148 70
245 262 42
285 120 1
19 368 47
253 89 37
313 198 63
33 49 57
25 327 16
141 50 52
378 63 21
2 401 36
58 320 68
66 150 33
68 358 56
431 303 33
57 320 39
117 241 66
231 153 2
434 202 19
332 14 21
216 14 45
275 136 9
355 432 21
264 133 9
112 117 33
337 366 26
215 164 35
5 370 17
1 319 24
368 249 2
27 127 65
240 433 71
155 146 46
416 45 36
263 411 45
380 160 15
120 99 33
209 256 8
27 230 49
222 268 31
113 244 7
55 190 55
134 435 71
309 107 72
382 254 16
378 238 25
175 189 9
356 224 56
266 249 32
156 367 41
204 300 49
92 176 36
210 289 52
421 12 6
252 25 66
158 169 15
183 280 13
438 140 11
67 106 31
148 133 35
21 354 69
434 25 6
399 215 16
234 398 72
242 289 54
413 315 63
111 395 67
214 372 35
210 420 42
107 423 3
167 96 44
181 256 25
398 372 61
113 177 50
435 78 55
391 439 26
324 219 10
140 37 56
60 81 30
117 220 32
322 426 5
200 48 8
109 149 70
5 253 52
341 352 67
433 193 8
216 15 46
115 195 73
335 290 38
383 27 14
421 235 12
299 234 70
421 32 27
402 60 57
96 33 49
119 279 37
162 357 56
216 213 70
54 397 7
257 241 39
129 284 73
157 311 52
150 283 27
409 200 71
247 435 72
171 73 42
23 137 31
150 419 60
46 375 68
212 221 47
331 151 55
444 266 58
110 316 1
193 391 46
128 41 24
401 225 25
215 235 64
54 357 37
316 128 9
167 196 46
32 386 51
415 390 20
428 65 3
391 258 71
422 360 29
325 433 53
134 8 58
30 309 3
223 317 17
431 354 9
243 215 7
221 321 18
298 385 8
247 259 13
116 100 67
376 386 21
134 124 55
264 81 72
98 89 25
317 223 64
189 399 56
404 416 34
375 162 73
228 336 55
125 266 6
361 360 38
403 157 50
68 439 46
161 328 61
57 55 46
117 384 53
98 21 25
83 356 60
93 187 51
239 246 27
324 293 41
84 276 71
130 309 62
433 306 17
111 217 36
441 42 15
181 205 54
315 412 59
68 280 40
41 92 41
106 213 51
324 75 16
341 210 47
209 36 33
432 439 64
320 368 45
294 289 17
330 178 19
113 226 19
288 321 60
226 227 34
128 401 36
54 120 62
291 233 47
213 415 25
169 262 51
79 342 72
36 439 44
354 142 29
227 386 73
354 131 4
83 437 36
177 39 11
268 279 41
382 347 55
372 367 44
371 304 33
49 72 51
98 137 41
399 121 21
393 267 33
206 341 33
315 112 45
426 34 47
57 349 35
354 154 70
106 145 62
334 189 3
292 248 4
444 376 64
448 145 70
242 279 59
339 386 16
181 86 52
274 415 43
233 403 50
23 348 3
77 374 40
267 151 42
126 421 32
65 219 63
178 446 12
254 104 19
408 367 53
120 292 24
106 199 68
287 278 15
326 321 49
443 102 51
422 21 30
379 340 66
276 217 62
405 425 40
137 89 54
361 427 43
402 386 61
141 95 29
277 99 64
339 269 57
42 347 38
66 4 18
188 107 49
187 330 72
358 167 39
309 75 5
135 352 19
150 183 53
192 278 24
177 185 44
255 365 73
85 188 52
72 299 16
210 306 43
24 242 46
210 396 34
214 327 11
201 15 2
259 279 70
437 347 12
17 419 42
71 391 38
110 186 45
439 360 64
444 81 58
28 347 32
266 345 16
289 1 46
370 144 69
123 152 25
411 361 14
255 319 29
98 287 25
210 330 13
164 116 69
187 352 10
164 292 32
142 296 29
63 4 18
328 74 32
88 271 43
442 351 18
371 47 64
395 33 54
110 59 33
18 102 66
75 379 14
314 272 45
296 305 58
117 228 68
184 143 13
106 152 48
160 269 40
42 122 2
217 226 31
333 258 49
393 112 68
391 325 34
172 430 59
430 398 9
337 27 37
260 410 31
377 112 16
117 291 37
288 362 26
23 346 60
168 115 58
392 153 48
99 104 45
133 294 23
56 41 64
213 223 3
275 352 59
211 140 43
174 446 13
192 59 21
202 304 46
272 410 55
330 327 47
430 362 64
257 256 24
301 154 5
163 334 21
399 445 38
26 287 15
420 364 46
267 264 19
203 106 23
290 116 65
175 243 11
353 232 5
295 319 53
23 254 71
424 333 48
43 327 48
124 342 12
342 150 73
323 419 44
342 91 29
23 404 61
22 437 72
240 184 11
349 425 28
416 74 34
77 62 26
183 362 68
311 305 22
404 338 9
432 345 56
369 185 47
65 257 15
334 17 61
307 284 41
194 64 71
38 66 9
296 96 67
147 82 64
263 59 15
347 255 31
247 78 25
348 26 44
243 232 12
127 446 71
115 375 46
134 268 41
162 204 18
192 312 6
243 272 41
235 365 16
333 130 62
237 150 74
8 289 61
158 347 71
52 140 66
311 185 67
53 21 63
164 95 67
277 270 59
298 99 25
233 33 39
66 71 8
97 364 26
352 102 14
294 433 8
111 215 10
91 441 27
9 322 24
16 36 45
179 267 15
327 395 13
207 269 3
200 369 59
380 309 17
139 141 2
412 385 7
327 312 73
377 191 14
387 256 39
196 420 23
310 276 11
32 409 21
223 236 17
197 322 36
43 253 11
189 225 63
423 33 21
18 221 1
219 56 38
353 372 42
359 47 70
20 424 54
68 214 26
101 193 12
284 389 51
313 198 50
152 88 44
265 214 41
444 202 37
434 136 69
82 165 14
82 355 8
68 38 22
208 332 19
181 345 47
384 412 55
184 261 69
186 407 23
335 50 15
133 381 62
179 143 67
48 225 6
62 262 5
433 289 1
62 411 3
389 200 14
279 95 68
15 136 10
100 51 20
226 18 68
348 383 32
162 400 50
88 73 54
234 61 1
106 167 68
148 302 6
189 441 62
180 175 13
240 13 53
35 176 67
184 327 29
174 159 33
153 335 45
446 100 51
47 131 20
438 125 40
86 153 35
64 252 27
98 187 45
353 313 61
399 103 20
381 149 50
303 24 63
228 144 71
169 382 30
252 323 69
423 130 13
320 381 68
170 73 12
349 284 70
339 60 58
365 282 68
409 400 36
229 45 58
207 40 23
25 373 22
342 270 37
98 171 26
388 6 65
273 257 3
140 41 21
35 132 15
272 59 31
234 409 27
256 26 37
54 58 30
112 163 48
25 141 57
78 371 17
414 63 56
196 290 18
176 308 46
175 176 3
253 414 70
56 417 6
167 397 38
109 209 40
229 137 37
92 327 30
280 50 29
296 377 31
254 207 61
418 86 70
99 207 34
408 355 67
109 225 72
240 387 66
290 322 15
59 325 65
331 41 67
165 262 24
12 258 35
336 377 38
434 153 66
248 153 33
342 345 5
279 84 15
301 224 65
199 440 11
377 260 22
370 441 50
38 255 37
93 393 41
349 337 28
310 79 58
237 235 71
355 228 50
424 268 51
403 225 62
249 311 6
120 255 2
140 218 41
325 158 70
126 100 13
376 205 32
200 425 69
286 30 55
346 447 57
157 285 49
410 432 2
160 141 49
68 295 17
13 127 43
191 68 31
181 300 45
5 45 59
97 197 55
120 11 5
160 69 18
441 61 16
220 227 21
202 263 69
26 145 52
395 304 17
97 215 9
185 81 63
448 98 22
147 438 41
120 214 67
73 230 1
443 283 51
418 422 31
323 139 67
387 31 13
174 400 8
343 388 41
122 367 17
313 76 64
106 58 35
394 155 40
244 24 71
95 370 46
104 239 2
366 343 9
186 84 55
161 93 50
80 31 34
330 166 36
445 294 35
300 95 51
1 202 24
187 113 62
288 48 43
270 217 40
365 112 15
81 274 54
9 326 6
297 213 28
373 191 40
128 97 18
279 439 24
260 226 71
417 125 14
89 52 54
9 151 29
76 446 23
166 385 25
8 193 15
58 440 15
401 430 62
100 445 37
431 440 16
228 276 30
16 398 42
80 445 45
88 409 56
396 279 32
135 163 26
215 393 29
261 291 47
391 409 70
354 396 31
29 411 21
104 87 44
243 428 38
323 268 6
28 75 32
428 108 46
438 385 20
58 201 12
120 201 50
350 286 60
168 69 34
157 133 5
448 175 24
89 370 47
441 105 62
32 319 65
15 295 37
367 74 51
147 54 30
336 322 8
261 25 46
379 363 30
368 332 29
307 45 45
216 446 35
282 19 68
261 74 15
374 269 56
183 310 29
204 270 25
12 335 18
13 146 50
182 378 67
204 76 65
419 360 55
248 331 21
180 97 9
428 28 31
385 247 18
352 11 11
254 153 66
235 85 62
411 332 18
261 27 28
389 185 31
204 102 56
425 74 13
258 343 44
149 326 54
207 151 13
411 227 60
112 317 9
445 171 30
147 275 66
254 303 5
52 18 28
58 331 11
172 178 58
127 341 21
435 85 4
56 371 2
276 101 6
61 397 28
152 109 50
333 109 15
61 8 58
416 89 11
170 329 56
409 312 56
227 38 18
377 95 72
175 173 18
7 104 20
290 163 48
308 130 3
259 66 49
425 339 15
241 372 5
281 206 34
65 326 1
445 98 34
99 146 52
381 329 41
76 237 18
81 24 14
82 399 73
193 169 40
15 261 21
314 176 21
405 237 46
448 211 49
397 327 35
224 85 20
8 236 4
333 98 55
196 58 29
441 176 21
34 18 45
49 383 11
390 184 73
225 293 2
158 162 3
41 414 47
113 258 48
264 341 65
83 337 26
403 114 14
91 131 55
82 63 1
25 103 58
196 44 31
263 365 70
227 97 64
51 348 43
40 229 21
124 92 8
102 320 18
319 273 38
113 330 69
304 352 25
42 395 42
424 418 72
114 185 36
130 243 18
308 413 57
15 51 8
131 181 15
445 27 8
444 140 4
216 296 6
384 73 5
47 415 74
122 274 50
27 157 19
95 241 6
410 249 11
51 356 48
365 343 51
75 136 69
4 390 11
403 397 73
361 83 35
440 263 23
210 44 73
107 173 57
129 204 19
29 333 67
45 392 41
271 289 23
397 72 31
286 308 17
324 198 56
158 423 22
18 54 44
420 199 66
295 56 7
6 399 11
366 205 32
262 163 71
320 408 63
196 176 74
1 215 52
417 23 46
234 273 43
418 52 8
50 212 3
409 27 67
296 27 46
319 170 48
33 439 20
263 440 14
212 394 58
101 244 27
108 104 69
404 427 49
437 151 23
211 47 53
334 53 17
120 223 6
402 5 23
33 118 2
398 385 14
232 27 71
392 111 47
111 354 17
27 431 51
305 146 53
183 448 40
267 177 57
22 22 58
129 288 65
383 72 69
367 424 52
194 420 49
388 87 19
27 210 38
105 216 3
166 367 16
48 66 40
327 282 39
129 89 55
382 410 33
299 283 41
172 122 34
335 37 2
120 224 29
8 297 18
354 223 3
403 370 42
254 435 3
417 293 46
337 163 67
426 435 20
59 326 33
344 183 31
295 269 42
130 446 29
274 87 50
338 228 53
201 415 49
55 284 2
134 11 12
289 149 63
367 68 37
298 116 70
126 113 33
165 160 63
325 199 71
231 425 72
382 178 66
43 423 66
315 297 52
306 47 63
290 191 28
172 224 61
70 113 38
29 161 11
77 151 30
8 437 59
306 413 61
398 15 39
238 227 28
110 160 10
347 385 53
342 436 26
238 160 3
192 62 60
324 330 36
263 39 25
374 389 38
426 256 54
441 16 24
55 230 62
198 101 8
278 63 36
23 359 74
15 429 24
208 121 18
37 46 71
397 206 8
236 157 54
227 231 5
323 154 72
365 22 74
259 128 9
363 383 62
333 241 51
334 228 15
52 5 36
346 5 21
14 50 12
280 13 34
192 303 74
428 179 1
395 359 66
230 398 53
246 66 60
5 195 34
86 333 60
24 14 53
204 8 65
342 407 45
309 369 67
180 277 53
245 155 25
111 36 14
384 301 1
220 232 25
72 378 65
158 438 1
8 113 13
132 14 73
172 12 69
319 384 20
249 421 12
119 392 28
81 345 16
153 382 40
116 243 18
247 10 9
443 394 27
185 393 9
349 164 55
273 324 30
79 197 38
189 202 60
225 192 26
131 256 63
434 76 26
440 279 20
168 79 15
119 256 17
148 18 16
151 336 29
367 374 52
75 57 16
155 277 54
178 184 52
97 97 17
263 433 11
152 120 36
289 6 32
51 151 13
386 135 1
10 219 26
320 99 41
278 275 59
409 108 30
268 32 9
384 186 49
377 291 25
436 289 72
433 204 59
250 348 6
106 443 45
272 141 46
226 2 67
129 209 26
326 174 52
206 378 9
76 300 5
325 98 47
355 193 17
235 281 28
387 265 41
216 294 55
348 48 29
242 142 52
176 14 45
171 199 25
247 38 11
415 308 15
439 437 62
300 285 38
66 10 22
2 355 58
210 436 57
128 31 16
260 261 32
202 136 12
217 215 60
408 35 30
117 110 16
281 136 56
289 8 6
159 77 12
233 256 12
274 448 49
163 306 32
334 300 18
3 429 23
30 193 72
376 446 20
350 413 73
254 232 45
375 102 31
228 157 1
426 266 65
250 261 43
19 354 48
95 333 25
283 440 42
9 412 56
321 114 48
446 282 30
199 303 35
148 165 6
313 302 18
282 249 43
399 154 67
194 359 74
14 57 60
152 93 25
433 170 59
103 375 20
305 113 66
391 182 11
417 224 8
153 367 71
140 111 38
413 95 7
193 96 24
182 240 51
34 146 74
30 26 46
255 387 13
134 115 23
165 387 45
193 126 73
193 389 58
424 1 48
236 226 48
185 221 70
327 204 65
435 276 16
321 36 31
448 109 1
420 279 16
32 348 13
167 58 6
310 71 58
435 151 33
422 65 18
274 20 20
253 254 10
122 160 66
3 275 3
434 289 54
322 438 13
147 193 14
100 326 45
260 27 67
290 39 71
362 49 31
258 18 17
260 285 15
134 388 45
201 39 32
245 36 6
432 38 34
387 272 36
330 366 37
81 120 73
314 60 28
27 397 19
44 412 31
320 431 40
86 133 39
275 5 60
263 229 6
242 130 19
268 424 66
313 253 69
342 443 55
396 277 33
229 239 50
292 402 71
121 315 60
432 143 15
221 48 7
292 409 22
423 448 18
242 170 63
104 305 59
40 185 20
208 299 28
342 111 14
228 380 51
53 385 16
210 187 74
416 351 48
373 273 48
233 177 7
25 227 21
267 293 15
285 210 5
125 384 17
72 296 17
140 248 50
304 262 71
390 291 29
122 285 43
209 422 52
10 378 25
402 253 14
225 371 9
402 383 51
206 127 65
406 228 62
264 372 59
365 239 8
131 4 4
262 347 28
11 180 71
276 264 41
21 271 9
270 322 72
10 70 17
86 371 60
212 429 70
377 364 28
247 323 34
369 102 61
92 155 21
146 364 30
421 174 39
60 193 20
116 128 7
76 28 38
378 42 11
317 89 14
314 295 4
354 90 36
157 12 13
346 250 3
233 192 53
28 107 66
333 396 52
299 297 34
81 285 59
275 380 73
220 272 68
329 249 53
274 248 52
361 6 20
361 401 60
78 241 58
132 248 43
109 78 49
324 410 61
105 261 41
393 204 23
280 416 63
18 158 11
280 123 74
241 161 70
39 82 66
110 295 74
399 18 31
406 43 47
265 233 24
292 264 32
334 406 40
352 95 60
97 259 8
161 321 52
135 408 73
358 259 61
272 326 29
20 14 7
443 288 65
22 199 65
240 201 58
193 247 56
254 104 50
85 302 2
85 357 21
162 444 63
156 301 51
161 226 16
396 2 22
91 359 70
233 319 62
299 417 35
58 128 23
269 15 20
6 15 38
139 41 13
64 296 68
166 30 38
235 275 47
146 340 5
173 65 6
204 171 22
302 88 19
444 413 23
60 97 23
83 76 64
28 308 14
61 344 39
133 283 23
274 88 54
161 117 69
98 27 8
286 223 37
402 292 58
347 52 50
243 342 3
238 77 40
396 364 61
35 317 23
183 23 62
373 421 17
283 231 57
408 141 57
283 210 29
352 37 13
73 263 9
414 417 48
21 94 31
10 43 31
382 165 11
365 114 6
265 407 66
9 86 4
386 103 25
6 405 49
306 96 74
300 185 38
378 337 68
75 58 67
65 388 28
341 406 69
92 255 46
344 277 23
435 117 21
227 300 74
170 52 11
343 163 27
187 147 44
393 416 71
360 365 5
306 241 34
51 228 13
8 295 24
434 405 17
216 118 26
274 425 25
130 159 8
210 31 8
409 351 21
210 188 45
302 231 61
69 150 34
175 21 68
421 331 34
382 145 4
169 295 23
24 226 3
116 361 3
178 434 41
407 173 48
106 78 22
268 52 47
14 317 20
393 122 63
160 282 42
147 184 42
177 51 26
286 435 64
109 171 25
262 83 28
362 289 8
302 29 60
361 281 4
321 148 7
181 436 33
123 444 34
182 393 20
266 359 35
360 361 17
165 280 71
75 130 65
19 137 60
60 9 37
401 252 3
363 164 12
438 8 5
279 179 51
357 347 18
215 72 2
147 371 41
234 199 55
146 310 41
79 290 6
110 173 62
80 134 74
359 302 4
106 205 67
249 19 50
117 45 28
393 343 35
62 7 3
408 309 13
303 296 4
48 389 10
101 447 18
103 395 63
376 129 31
174 4 10
345 5 33
179 414 64
198 381 5
239 319 70
324 138 50
297 262 58
333 170 27
374 59 26
260 230 19
42 286 24
104 115 42
315 18 19
388 447 52
190 151 20
407 21 50
268 129 72
280 84 70
398 428 72
310 266 7
352 140 24
414 363 63
252 84 65
20 245 26
324 257 11
207 92 64
228 184 68
46 441 2
349 272 13
116 399 60
372 425 8
388 47 20
79 89 41
362 432 55
349 124 8
444 50 56
413 37 50
30 85 6
201 240 25
149 384 34
386 261 53
323 56 39
17 28 46
175 317 50
63 322 51
99 191 72
370 418 69
220 441 17
70 153 8
281 406 65
163 73 18
91 54 71
358 238 27
76 80 35
165 29 73
221 146 43
123 369 65
435 8 43
222 13 60
280 189 10
92 263 40
284 208 31
428 283 8
367 60 30
28 277 39
374 323 51
271 349 2
389 34 33
188 340 7
118 154 63
380 146 30
321 432 60
38 57 20
67 174 33
269 20 10
200 300 27
357 428 13
138 30 34
407 345 51
13 176 11
376 433 17
358 381 6
418 358 37
433 423 11
59 200 72
17 259 36
69 327 34
201 99 73
429 272 52
54 345 57
285 317 55
193 158 16
32 295 25
270 384 37
15 398 32
430 294 47
431 404 53
264 229 64
103 68 66
351 112 36
184 207 70
176 85 30
259 199 16
313 62 22
124 344 52
333 403 40
198 397 57
403 445 69
32 342 33
364 317 14
280 381 48
166 41 10
46 301 10
87 437 67
305 99 57
110 11 40
121 323 52
191 186 17
351 24 10
26 219 72
8 441 2
87 25 49
283 190 33
206 425 53
9 420 28
170 144 50
79 145 39
124 375 73
118 411 53
294 101 55
84 81 64
289 239 37
252 293 18
21 266 37
227 284 8
59 165 52
170 272 65
14 311 3
172 294 58
331 378 38
192 361 56
248 198 48
432 279 45
2 290 1
221 407 27
54 107 34
374 425 42
115 239 3
372 72 47
283 278 59
241 288 70
347 37 62
315 315 65
189 280 23
299 379 21
395 252 28
313 441 3
111 69 66
313 131 2
111 363 35
159 92 54
414 97 17
258 202 12
188 310 6
365 281 4
436 368 52
46 162 36
402 407 20
409 175 12
242 189 49
365 308 71
355 151 19
89 102 74
162 81 71
156 216 12
15 90 22
438 301 1
42 383 72
104 147 47
438 133 19
378 12 39
296 125 57
164 241 73
175 68 64
412 276 22
429 164 6
359 281 55
342 275 14
408 143 55
431 352 45
270 444 12
445 266 5
95 355 51
173 267 19
226 207 16
352 263 24
96 16 69
117 448 65
304 125 6
132 75 3
423 221 65
326 291 64
150 101 20
117 248 46
355 20 14
72 162 48
204 358 23
263 53 59
254 90 48
252 135 73
336 447 69
123 209 68
443 209 18
252 80 6
410 153 65
407 54 11
304 220 13
279 278 30
55 15 33
353 309 62
316 336 54
144 210 29
39 60 54
369 431 22
59 2 64
37 400 57
60 315 71
133 352 8
133 39 58
254 397 7
385 246 33
126 132 63
412 12 30
234 171 17
277 137 44
404 296 2
290 405 9
322 289 20
99 37 29
265 201 6
275 261 8
124 173 57
259 256 72
229 300 31
66 405 14
68 97 20
217 32 33
184 154 70
97 10 64
151 295 40
316 417 58
168 160 73
355 228 12
376 74 32
52 152 3
168 383 23
341 430 24
197 97 71
124 110 51
417 209 7
198 179 23
390 370 32
434 278 74
103 341 14
79 260 73
73 400 34
289 268 6
193 435 15
106 175 64
40 282 28
232 157 6
244 283 3
339 177 50
79 400 5
169 326 45
448 307 74
303 51 47
76 289 16
152 211 29
314 422 50
18 176 57
353 229 60
279 56 73
106 15 49
92 63 57
160 399 20
334 329 34
416 118 68
370 206 7
233 20 68
296 423 42
131 407 24
199 318 11
164 77 63
278 268 26
374 220 57
86 114 60
374 68 19
348 167 67
411 399 23
23 220 36
100 244 46
17 98 70
140 356 45
200 33 15
205 426 61
337 261 72
77 166 20
155 338 12
362 223 17
266 370 23
391 401 2
70 85 4
386 96 55
238 225 46
359 293 28
275 193 60
319 210 30
231 112 73
42 2 50
387 99 74
166 276 30
130 381 32
192 283 34
397 75 71
261 106 45
232 388 54
83 392 70
315 11 51
424 218 32
300 85 7
2 317 40
327 316 2
245 34 6
148 349 55
49 315 6
92 155 18
133 379 4
186 214 55
96 441 71
403 346 7
202 1 64
333 163 23
246 255 52
260 411 12
191 426 73
421 63 47
428 163 11
259 337 18
147 148 58
388 248 14
234 376 66
383 303 72
181 440 39
121 358 18
287 156 54
227 204 10
250 352 21
136 314 1
121 360 17
17 210 1
167 153 9
194 248 56
372 35 9
137 289 51
379 53 44
225 24 10
83 420 4
273 319 28
48 17 10
322 399 38
99 52 63
342 371 66
337 90 8
100 429 74
429 167 64
88 98 25
393 411 63
83 253 45
224 185 43
351 56 51
403 229 73
122 350 47
370 113 29
443 63 67
69 300 58
87 161 69
211 389 19
128 415 59
53 223 24
354 92 30
293 158 28
146 403 64
65 114 19
34 138 74
192 358 69
274 156 45
114 118 54
145 200 43
158 327 66
226 221 70
217 221 4
134 311 64
104 43 27
318 136 13
140 389 50
207 362 32
86 35 37
46 384 32
194 359 4
72 396 41
348 148 74
29 201 71
169 91 2
5 225 67
53 447 68
88 153 21
287 231 27
65 20 43
386 157 34
404 79 11
81 186 31
78 105 66
285 435 52
427 357 70
305 15 23
225 44 22
324 322 17
76 23 6
250 448 42
442 312 56
433 47 34
221 422 17
182 26 63
204 190 4
354 20 59
308 36 35
209 232 60
230 107 4
232 441 28
53 198 62
116 441 64
37 255 9
233 94 67
393 128 19
249 16 14
209 228 60
413 204 73
307 290 51
41 39 28
159 353 57
250 259 68
446 92 6
206 381 55
10 14 9
390 224 18
100 369 33
271 230 18
390 324 67
143 217 31
417 185 12
402 376 42
60 422 36
77 162 28
204 386 32
306 179 9
213 47 19
23 130 63
46 296 9
190 268 44
327 446 17
93 249 9
293 52 52
254 235 35
164 283 74
371 337 30
374 96 39
138 424 17
342 194 35
205 19 43
427 217 38
203 425 66
440 343 51
23 87 26
386 358 50
212 205 64
95 444 59
249 418 44
141 253 37
131 244 18
414 376 61
76 190 11
35 300 61
271 172 41
273 338 21
424 326 41
205 106 49
8 249 59
400 208 21
212 181 49
369 166 42
42 314 51
319 314 18
23 220 21
218 46 3
3 312 33
303 341 17
308 133 1
422 419 25
335 366 70
224 265 33
61 181 20
177 311 21
65 257 61
121 402 25
129 54 74
230 63 47
365 288 60
443 16 42
388 138 47
444 106 24
47 317 47
370 241 57
180 335 36
331 293 68
257 378 34
396 160 59
197 131 10
40 180 70
59 198 70
406 311 70
392 205 28
424 240 40
362 417 12
390 344 33
16 444 68
148 82 52
418 55 11
424 258 41
191 3 47
282 203 47
447 240 74
24 229 53
374 258 11
279 345 52
69 121 21
54 414 40
33 338 1
338 89 16
292 321 28
102 161 57
343 203 47
201 236 73
392 352 55
312 32 49
275 102 4
234 159 10
312 236 58
135 448 8
58 191 40
268 321 33
96 240 64
164 38 10
34 272 3
159 389 16
183 340 28
334 91 45
334 49 20
430 442 22
233 83 71
301 63 69
163 192 25
63 220 33
370 112 2
172 109 61
266 150 67
75 404 1
128 4 59
73 143 55
58 248 74
123 105 61
379 401 39
82 89 9
5 430 4
386 196 38
412 19 33
350 334 66
327 350 22
394 76 3
118 328 65
113 439 2
13 342 64
381 274 58
156 162 31
319 176 48
372 301 26
25 15 44
97 439 51
38 67 41
381 414 33
201 411 61
28 329 41
405 133 72
417 321 8
280 281 69
70 369 18
21 210 7
24 100 73
441 318 58
152 157 15
178 228 33
268 238 16
139 20 70
88 287 9
274 35 74
402 145 24
148 424 14
94 121 13
259 304 12
287 130 31
346 148 47
164 107 4
211 338 66
372 235 23
100 396 26
370 371 21
369 279 36
293 121 49
312 118 47
89 223 23
287 226 17
370 428 70
209 221 46
192 353 72
329 15 40
322 114 51
324 97 20
382 18 36
356 28 46
112 311 28
83 123 49
59 291 37
434 368 19
128 288 51
424 277 59
411 384 7
359 230 9
151 196 9
315 116 10
12 316 73
194 268 71
33 431 68
133 248 46
278 210 67
223 238 24
255 182 17
151 62 33
372 163 62
99 425 73
420 390 66
11 116 13
297 146 20
40 175 26
251 37 8
386 2 68
82 22 6
414 113 48
219 96 10
229 232 57
56 148 30
129 400 65
298 243 29
32 29 67
294 311 52
322 137 49
157 104 62
206 172 45
344 274 74
410 242 34
124 384 17
243 241 9
441 357 7
379 6 24
67 239 8
443 80 53
301 361 56
33 19 40
219 393 67
201 152 17
306 404 4
151 389 13
146 141 61
384 279 16
380 236 41
19 240 9
94 92 11
351 422 13
211 294 47
230 335 31
353 11 68
316 377 4
169 338 52
315 160 20
396 32 60
85 154 48
105 154 12
14 353 13
376 320 36
355 31 44
62 351 58
199 220 59
149 296 5
367 266 17
156 444 65
257 259 52
378 189 64
213 101 44
436 167 19
218 421 27
422 315 11
333 206 54
165 76 50
443 437 34
339 12 60
34 69 41
137 121 9
116 86 40
369 228 40
368 84 20
57 122 26
423 167 6
156 200 33
265 189 25
44 349 16
415 129 28
335 333 32
158 430 63
394 269 37
132 278 28
399 270 64
320 369 60
84 351 73
103 292 67
197 171 38
297 87 33
35 408 29
361 307 58
382 285 19
443 210 44
421 287 3
101 269 20
24 39 9
353 398 43
337 74 20
426 56 32
295 411 45
345 4 40
392 299 55
207 260 63
36 207 48
343 153 36
356 347 39
439 322 26
231 363 69
359 171 38
56 344 45
155 120 47
406 299 54
161 175 57
286 119 62
368 214 35
311 233 16
36 218 50
374 361 48
286 284 39
56 64 65
354 267 74
63 280 28
236 159 63
178 358 17
313 36 12
111 196 53
418 253 20
98 71 18
329 389 5
313 212 67
432 166 34
230 437 72
83 382 41
109 253 41
121 367 41
49 312 18
102 79 48
219 69 60
71 22 69
284 189 24
350 422 48
250 265 54
85 58 17
224 213 59
174 344 43
307 181 10
10 219 14
96 341 11
80 98 46
181 220 61
97 120 44
233 331 20
212 20 47
284 263 5
24 171 36
79 261 51
384 407 57
364 328 55
294 433 24
135 408 30
227 400 21
357 53 22
173 160 40
180 153 63
319 442 17
394 389 61
43 309 65
309 403 19
172 205 20
95 236 34
441 249 4
183 16 46
178 339 68
66 8 49
298 95 38
317 37 12
113 318 61
168 111 3
373 322 30
7 397 13
400 66 50
361 41 73
432 332 70
199 168 49
94 140 74
129 442 36
16 114 25
338 332 45
299 37 58
408 436 14
330 46 48
228 225 42
377 207 3
23 239 34
94 240 5
401 293 64
437 39 74
301 333 51
184 104 36
154 158 50
223 80 53
333 8 46
47 288 16
24 176 30
385 191 29
272 72 36
303 42 3
383 36 58
185 400 36
316 156 61
68 37 4
102 153 21
352 361 69
235 53 51
112 402 65
374 214 5
311 261 24
441 7 48
204 109 27
194 285 43
30 50 47
444 322 45
154 304 18
382 29 67
261 327 38
133 301 62
167 171 66
86 149 6
45 168 59
432 281 68
275 313 25
260 389 27
59 357 64
162 40 59
129 386 29
76 440 67
129 142 35
346 135 37
69 269 46
297 268 42
197 175 61
292 407 50
90 20 68
32 300 63
171 329 17
54 62 24
37 339 71
44 188 64
301 41 71
169 184 2
386 369 21
72 322 54
236 347 59
171 121 38
206 147 17
159 53 16
73 12 53
408 236 21
335 251 11
123 400 19
19 427 19
128 270 31
431 290 45
77 54 12
170 273 68
78 36 41
286 143 51
206 204 17
55 39 15
341 225 57
82 246 25
398 406 63
310 301 11
67 258 42
52 13 6
413 269 21
366 189 73
167 365 3
107 39 57
37 70 44
152 142 22
287 278 55
382 59 30
373 367 35
244 86 66
387 150 32
264 290 30
316 391 64
210 364 1
101 370 13
81 297 46
389 275 57
101 277 72
272 45 61
171 249 8
227 276 63
362 151 50
352 99 60
43 284 33
163 77 66
166 275 50
159 26 13
446 442 6
341 417 2
271 394 56
207 311 29
172 101 68
129 244 13
431 345 74
367 49 71
140 119 41
348 293 45
298 263 25
84 431 60
88 436 52
78 282 23
76 331 67
288 329 32
3 273 71
293 35 30
246 88 5
413 51 66
21 242 29
206 167 5
260 329 41
195 383 71
376 145 39
64 223 32
179 277 9
337 56 6
279 38 65
117 381 32
50 107 42
161 354 62
167 438 15
290 424 54
438 204 1
394 371 32
50 312 66
12 442 19
196 300 60
178 62 52
171 101 62
119 353 13
333 15 9
338 442 15
150 48 23
164 166 16
19 308 19
253 55 25
174 148 12
48 387 60
3 383 24
192 177 38
367 158 11
387 70 19
202 228 30
30 180 3
168 252 7
84 155 69
226 68 62
73 308 69
141 119 25
143 39 38
43 233 28
431 37 23
185 102 29
342 60 27
211 153 2
211 161 26
393 15 7
223 412 7
281 219 37
200 39 58
324 177 62
359 135 44
370 148 20
190 368 23
70 319 32
301 1 18
446 419 21
32 444 69
208 158 72
138 327 31
381 398 47
18 177 52
108 377 70
209 179 50
43 2 6
129 300 61
250 321 51
3 185 8
175 141 74
113 313 15
226 297 48
133 264 66
361 17 64
347 444 38
417 247 54
438 116 17
283 226 10
380 151 22
145 76 27
147 20 26
283 111 20
278 85 40
385 95 58
429 123 69
248 429 21
183 328 58
217 421 35
107 365 34
335 6 73
135 390 68
231 246 63
392 174 44
138 267 34
8 240 18
374 249 7
409 401 56
162 411 61
237 153 53
406 158 32
68 18 27
180 103 48
287 266 67
393 395 30
379 445 43
158 153 33
25 222 40
411 181 39
161 126 30
58 326 42
366 173 35
379 436 45
203 86 43
140 374 20
276 227 66
398 394 19
259 295 47
156 280 37
377 266 25
200 136 70
90 222 49
278 40 14
42 96 6
294 138 9
225 22 4
136 113 21
429 359 66
379 40 21
436 196 18
397 163 73
162 344 22
38 434 50
99 208 52
389 44 34
144 397 14
195 304 12
422 337 29
53 435 61
40 389 28
223 405 38
259 164 39
407 268 18
62 300 11
315 127 11
178 408 64
22 332 65
281 316 63
431 272 2
402 307 64
129 364 55
182 70 28
405 302 40
279 407 22
150 416 35
262 55 62
34 38 31
268 84 13
182 402 33
98 360 74
349 190 47
409 154 59
13 127 72
309 305 31
102 290 32
248 120 30
229 428 10
243 97 54
214 66 50
309 440 50
321 363 30
174 69 51
138 365 29
346 378 72
163 21 8
139 123 7
287 354 42
2 30 61
383 193 54
303 260 73
127 31 38
254 302 49
232 90 10
430 54 25
85 8 47
302 167 52
119 86 55
271 81 65
392 266 13
376 251 37
198 268 39
78 34 57
303 143 58
142 98 30
308 19 24
113 375 71
442 36 7
110 173 70
314 231 70
360 98 35
403 204 57
31 276 38
219 32 68
342 131 72
97 72 24
168 217 21
160 158 43
329 36 47
346 162 45
20 443 2
149 365 61
365 382 13
319 397 49
36 430 31
218 280 17
8 223 42
5 115 37
48 421 60
408 73 73
206 439 63
86 59 65
25 195 57
314 187 3
196 69 53
405 213 66
383 393 38
301 299 55
229 384 58
380 321 50
237 101 51
429 112 20
39 415 59
89 34 38
267 2 47
293 95 15
106 411 19
176 153 54
81 437 62
186 7 5
160 373 21
108 250 12
52 131 5
106 339 59
140 26 61
248 162 34
382 122 19
390 77 41
282 411 40
344 29 37
57 338 9
155 402 4
321 180 38
396 119 19
270 26 17
139 428 30
213 186 29
358 126 23
230 387 74
153 365 10
224 28 8
94 63 71
396 114 62
343 185 35
30 440 34
9 277 21
436 100 68
196 12 54
186 372 57
361 94 28
69 65 59
194 248 27
319 439 70
240 443 2
61 342 3
236 397 65
296 275 42
156 210 26
424 219 13
158 208 5
135 157 51
311 348 23
11 340 46
185 420 6
87 57 5
81 156 23
356 280 57
398 221 69
362 47 72
154 101 30
228 362 39
264 351 5
277 220 64
130 91 28
325 123 44
267 296 68
422 96 62
12 311 13
415 92 8
270 11 72
28 404 60
441 7 9
133 66 1
426 272 23
304 200 50
46 106 9
159 60 45
45 169 17
394 138 7
39 115 69
243 81 54
263 184 74
337 445 6
248 424 29
31 117 8
210 305 44
239 86 72
279 259 44
339 427 23
264 262 17
344 224 45
56 166 64
361 209 29
419 41 28
79 396 29
254 314 71
352 203 66
418 428 39
260 54 21
310 134 44
422 20 43
205 382 8
394 421 27
415 13 7
273 41 1
254 189 16
208 29 23
125 23 45
197 90 55
338 120 1
305 130 70
139 316 5
128 198 21
34 386 18
439 245 69
393 52 48
384 122 24
15 306 7
223 53 9
444 44 37
29 233 11
281 126 61
394 401 18
420 393 53
174 13 43
276 327 16
81 59 17
76 362 57
362 384 67
299 253 20
101 199 43
368 348 56
386 388 35
57 57 55
51 78 27
415 251 39
83 325 18
34 361 25
181 91 39
173 448 48
351 195 15
341 164 41
125 27 61
389 108 21
173 321 23
45 409 22
177 408 61
313 39 61
426 273 59
113 383 5
184 257 34
229 356 71
298 377 10
215 269 16
283 19 56
294 429 28
16 64 11
10 89 9
245 327 62
164 51 27
435 126 40
117 432 41
350 167 10
328 144 36
104 403 68
432 317 61
146 82 23
252 237 21
415 263 9
120 99 5
353 286 39
318 118 72
144 293 71
295 150 21
51 24 15
400 76 1
162 303 61
377 359 32
364 56 74
446 296 63
185 417 21
129 424 74
89 21 24
356 9 12
196 123 57
339 182 26
426 31 7
308 166 46
234 376 3
366 103 43
336 130 70
388 331 25
117 360 18
282 352 15
315 117 54
9 64 27
319 408 36
247 286 33
156 163 18
2 14 47
397 386 40
3 223 65
189 186 71
287 281 60
71 278 46
290 12 46
302 172 54
413 79 7
406 388 71
36 372 30
78 425 29
402 22 65
319 232 64
270 283 35
284 363 68
104 40 34
160 383 33
184 42 46
169 203 22
221 159 61
305 139 20
202 355 43
403 384 63
345 258 56
427 268 44
179 254 73
448 64 66
365 347 20
67 410 69
385 264 4
393 23 68
444 140 47
242 264 32
443 152 64
368 130 19
163 196 53
385 137 12
3 130 65
43 236 39
113 48 41
232 432 41
122 154 3
58 387 52
174 10 25
97 271 38
142 141 14
238 208 24
405 235 67
379 196 40
376 292 52
304 63 53
241 140 2
394 215 36
155 86 29
35 167 19
168 66 68
15 433 6
324 344 24
102 413 8
414 250 68
283 382 60
26 117 67
112 198 55
108 238 62
138 369 71
295 233 68
166 407 46
46 374 51
203 55 42
22 17 47
151 395 56
61 419 37
354 235 11
65 412 13
355 341 16
408 195 73
310 207 71
14 32 57
373 68 24
217 171 48
303 351 50
314 271 60
419 244 73
75 427 21
94 94 19
220 64 43
366 380 48
152 182 7
337 366 42
333 123 5
101 140 45
236 167 67
232 128 72
388 73 66
106 403 37
287 136 16
219 184 21
354 241 11
316 387 11
333 329 42
148 58 45
140 2 57
128 336 39
253 425 57
74 266 51
389 54 63
329 128 55
392 433 59
323 385 32
306 390 7
441 51 61
431 223 58
253 295 3
241 34 11
54 194 51
425 191 25
425 406 26
111 421 33
156 27 64
191 95 26
316 67 69
1 233 65
354 36 68
430 414 6
104 215 43
95 58 2
234 325 46
297 324 17
353 276 69
317 126 7
306 293 23
87 349 59
358 137 31
186 357 42
436 400 54
161 94 50
132 241 11
408 347 68
346 62 39
283 247 74
21 160 38
335 16 58
79 259 17
49 118 60
157 24 20
69 339 34
193 114 58
108 390 40
35 222 55
30 69 2
426 122 57
350 159 7
287 29 56
194 177 40
378 275 33
88 257 58
89 135 56
152 252 32
222 280 27
151 161 1
355 375 74
242 265 26
292 98 66
221 426 25
438 425 22
26 303 54
313 441 69
141 28 20
253 49 41
35 225 51
305 42 15
108 428 72
396 354 57
129 430 35
206 193 26
331 441 3
106 427 40
238 191 12
410 385 20
116 270 72
80 77 44
368 56 15
373 223 64
92 81 1
437 155 26
68 361 2
37 66 62
282 86 12
324 116 55
342 46 65
225 204 65
