299 3004 118 37
325242 784051 962957 535117 576809 514851 566252 789287 526610 692593 382424 785091 361492 4935 928021 908130 222088 157770 730544 586775 963773 372670 391152 642122 776438 207467 299931 711472 562845 461877 536061 513245 122272 791382 115964 758456 382826 221106 164320 852168 97792 191722 193654 114293 892919 972982 565706 766317 786089 498809 55180 612818 220541 764220 930416 310381 802169 530050 348268 562631 663314 133420 332184 451147 699031 648912 687863 898163 199916 822576 328095 223148 615144 529963 268189 47607 285096 108124 549344 666067 808407 313439 309319 192696 827066 930066 556048 435945 58252 526257 992710 732710 248730 83108 596109 210672 439154 835313 17488 180083 9577 995383 183571 604190 345971 737482 45616 613175 725508 524716 960407 22513 632883 233245 550724 898833 119023 556727 251660 111217 701630 380282 777789 842042 857272 248291 921077 712253 434337 405381 852556 92314 244108 53493 211074 447008 770219 105672 747094 580619 497629 982151 399316 613132 595252 730991 760792 609225 173971 930313 613581 922143 7697 681512 137102 293407 891397 322994 622850 735228 796309 872805 321670 324595 743539 513775 591389 97590 957889 528039 148757 129499 788539 108456 607541 136336 729230 212259 425021 447324 307023 665024 448072 403042 639439 862425 653107 882671 349344 310356 807132 728884 497665 801657 238196 480226 626498 723051 624305 380296 524459 806706 629063 715888 78041 659068 458410 699995 729460 800260 173167 349249 836040 868956 128022 572666 392960 749330 255551 189021 26108 5673 396249 379963 381394 532053 586948 299644 800490 490440 197773 208483 845689 956238 113135 619477 7599 898338 464023 345455 965178 897639 871202 937312 396846 542502 741416 402387 572076 785919 748484 338802 811139 477969 699103 284997 318709 155768 179021 939768 817154 731084 611202 790679 479969 332567 2220 496624 528779 142741 288933 617044 140703 935173 804296 885660 574200 671308 163440 562863 219693 470912 202018 97260 284448 69326 243618 744776 407305 588804 343912 717175 547040 753908 206336 839577 183634 807753 624920
211 195 10
18 179 10
286 109 13
144 65 8
97 298 12
69 243 16
68 256 16
236 150 10
273 233 13
58 119 21
296 182 4
298 11 23
69 30 18
202 72 10
8 41 13
264 50 22
250 126 18
180 77 21
125 24 1
193 284 15
280 167 19
196 105 15
200 198 10
76 26 4
215 106 17
215 150 22
210 17 21
241 224 10
166 176 6
163 242 14
80 102 17
244 95 13
21 156 16
273 11 10
100 142 12
236 27 8
120 86 15
40 147 22
293 200 12
17 242 3
198 20 5
164 137 19
139 138 17
181 185 14
281 89 15
120 252 10
17 29 21
142 94 13
45 234 21
100 30 15
35 147 4
56 73 10
229 267 13
208 2 19
285 240 10
218 218 11
205 218 17
169 166 6
84 297 20
82 223 3
294 246 19
91 80 23
290 143 3
37 247 12
76 293 8
236 193 17
262 89 9
122 103 10
106 263 6
137 244 12
200 25 8
7 177 11
298 92 14
35 126 16
127 177 13
11 231 15
206 286 21
64 297 8
36 31 17
30 107 18
5 194 15
184 63 8
91 11 7
214 15 21
30 261 21
250 155 7
102 17 13
141 97 22
108 70 20
107 122 22
221 154 4
90 106 3
167 94 22
108 239 17
33 170 20
212 282 15
116 204 6
182 285 19
210 207 16
237 140 23
8 185 6
39 103 1
23 162 22
139 182 8
286 7 7
38 92 4
119 40 5
197 30 21
139 59 23
208 222 12
139 80 10
129 258 1
257 265 3
211 8 11
251 229 17
20 244 20
282 246 3
59 21 3
299 63 4
155 35 2
122 57 7
63 45 6
251 18 9
14 74 15
142 185 17
268 280 9
89 2 8
265 16 21
19 274 3
192 296 19
283 77 23
285 57 12
106 221 20
154 277 21
101 70 11
94 164 6
145 257 12
161 84 21
105 163 20
45 37 12
197 232 21
161 212 14
127 48 8
92 91 14
146 153 13
209 10 7
117 13 22
268 178 4
41 279 22
126 182 18
120 254 16
157 162 10
190 240 19
221 56 1
106 257 21
77 104 22
12 10 6
168 106 7
172 289 5
137 274 22
296 46 20
276 151 4
293 202 21
141 62 7
197 272 12
270 217 17
103 199 20
102 77 1
46 2 9
77 71 8
51 171 11
41 290 18
16 60 10
7 180 12
161 126 11
57 18 20
227 165 13
116 194 17
233 208 11
256 191 9
234 236 6
15 185 18
156 88 15
136 88 12
203 127 19
188 202 1
84 294 4
14 161 23
152 192 6
204 103 2
11 199 9
113 271 16
60 34 13
93 120 9
50 274 22
76 38 13
241 215 22
218 283 4
13 188 10
287 288 13
50 133 9
284 272 4
251 212 18
229 127 12
36 90 14
240 101 2
206 185 8
261 189 20
10 114 19
66 83 19
38 225 21
115 207 16
79 168 6
16 152 2
79 10 17
239 191 23
3 164 12
278 93 17
182 70 21
83 41 14
33 151 9
3 214 8
67 113 16
51 28 11
296 162 17
92 82 10
170 259 20
13 206 2
269 109 3
255 218 6
1 48 15
42 244 6
6 120 12
265 285 16
21 195 15
243 123 15
110 261 10
298 158 7
152 99 16
63 219 19
168 269 22
244 31 19
35 63 11
274 248 9
112 147 5
190 170 8
17 131 3
121 156 17
225 240 18
264 150 11
158 50 3
236 5 2
145 26 23
208 22 22
240 197 15
216 7 23
169 218 15
52 162 12
24 120 14
276 140 7
148 250 6
46 153 7
6 274 15
110 8 9
245 160 6
119 83 18
99 6 12
276 57 14
172 91 11
239 34 17
20 141 11
244 192 10
186 179 1
59 143 23
32 206 22
112 172 15
218 216 17
256 126 18
91 229 11
220 122 12
196 137 5
138 269 14
183 11 23
33 8 16
22 226 3
40 44 18
292 261 21
221 296 13
129 86 3
15 183 14
162 61 13
276 258 8
25 37 4
120 146 3
284 22 1
299 266 11
225 240 15
83 8 6
24 204 21
43 28 20
96 114 2
240 199 14
228 288 19
228 116 10
231 187 1
49 296 17
42 87 5
219 55 13
47 139 18
134 59 17
173 177 7
224 123 15
140 113 8
262 239 16
261 113 20
132 247 22
289 169 9
290 286 15
214 276 17
6 214 7
246 230 20
223 75 2
129 168 22
243 280 18
92 245 6
160 94 1
89 250 4
239 235 9
39 19 1
296 13 6
96 246 13
248 171 5
98 161 17
162 272 21
242 64 3
16 281 16
195 237 2
151 224 21
232 8 8
169 126 20
180 38 19
287 240 18
92 125 20
13 45 23
129 214 22
151 153 14
11 143 4
82 201 8
85 238 12
26 283 13
109 131 13
295 5 1
279 119 20
132 210 6
282 171 2
161 84 10
128 177 20
238 23 7
53 181 8
193 213 8
186 226 14
137 1 14
278 201 10
252 248 19
77 80 2
134 294 2
18 286 8
210 166 22
194 287 3
116 196 4
292 103 22
43 283 19
51 166 10
59 144 6
290 55 17
42 251 1
173 5 10
206 108 12
83 109 22
24 215 1
262 72 21
124 108 1
183 146 22
112 153 22
188 113 19
170 128 16
271 188 1
132 121 20
164 287 20
212 70 14
179 76 18
74 199 15
190 298 2
119 86 4
292 71 7
280 118 3
58 77 15
47 241 16
201 133 9
36 26 19
152 148 17
35 97 9
183 24 3
34 163 11
1 215 2
54 17 4
116 125 13
59 279 12
203 67 15
291 151 8
275 190 3
219 187 5
5 177 20
182 75 8
169 99 12
203 229 17
132 21 8
142 142 21
8 96 19
52 274 23
94 199 20
143 89 18
101 232 19
229 172 5
263 7 14
255 172 19
251 6 6
270 299 13
203 128 14
27 230 12
292 292 18
173 69 15
213 223 12
263 89 12
49 77 6
171 70 14
24 135 23
78 120 17
33 106 8
96 284 17
260 21 12
14 117 8
203 159 10
264 269 22
220 227 21
148 262 4
284 197 13
20 82 10
230 143 5
75 45 9
278 242 2
22 286 8
47 224 19
86 34 21
218 38 23
58 13 2
63 160 20
213 139 1
287 58 8
12 111 1
134 106 5
202 140 7
104 232 12
249 59 20
241 249 19
176 59 12
17 29 9
154 143 4
204 102 19
47 251 11
146 2 1
203 9 23
70 114 4
28 128 3
160 28 14
22 54 10
174 288 18
75 143 8
197 145 3
228 253 9
210 227 9
271 125 23
230 225 16
88 175 5
208 205 11
249 33 21
29 273 22
250 120 9
229 217 1
160 7 10
139 37 10
112 263 15
106 229 2
134 196 14
92 249 22
53 231 6
98 75 10
148 36 3
133 42 16
223 54 2
172 142 21
224 229 9
221 189 1
45 206 17
226 90 10
125 9 23
246 222 4
237 34 9
280 11 18
154 25 11
255 261 19
183 289 20
210 274 13
193 215 3
38 71 3
155 40 10
12 38 13
99 18 20
212 99 4
23 192 19
82 279 4
4 105 14
118 31 23
55 38 17
230 64 11
102 48 18
86 291 10
35 169 2
203 58 22
77 171 8
36 169 16
275 82 17
17 97 5
2 123 21
269 288 21
250 96 11
120 64 14
111 115 1
193 235 8
33 4 11
12 28 19
194 74 9
104 104 5
14 186 12
292 36 11
35 132 5
287 230 15
172 71 10
133 62 7
96 245 8
242 130 16
149 75 7
271 78 16
279 88 17
63 177 5
253 132 17
212 288 13
270 9 16
100 191 16
29 253 16
206 251 18
15 126 11
272 268 11
239 87 10
221 28 19
98 61 2
276 286 2
71 91 17
143 262 21
6 253 18
213 180 15
171 188 13
258 229 10
103 265 1
216 66 1
245 155 12
173 108 8
43 6 16
19 93 6
288 3 7
169 26 12
87 290 12
243 149 22
228 242 2
210 83 5
271 147 21
51 208 7
149 136 3
249 46 2
132 239 9
112 28 18
14 143 18
204 61 21
13 289 21
141 130 8
281 34 21
121 206 5
63 159 7
103 58 8
119 226 12
270 133 21
92 190 5
263 293 5
34 252 17
216 292 6
224 52 16
72 10 20
71 244 1
134 287 9
156 1 9
101 42 8
284 44 7
189 215 19
200 6 20
250 228 5
293 183 3
282 107 22
208 38 8
217 264 17
264 65 14
290 79 13
11 241 12
23 76 18
193 218 4
123 1 13
241 95 4
264 57 1
154 177 11
95 22 12
217 35 10
257 199 21
14 116 8
266 213 16
8 186 7
135 248 8
11 110 10
22 31 11
48 137 5
151 131 1
188 228 6
55 136 20
62 139 1
175 129 8
169 231 10
257 257 20
127 247 7
73 1 21
209 69 1
268 295 5
180 224 23
112 100 10
137 88 13
87 11 19
276 156 15
145 226 6
266 170 10
53 83 14
182 78 22
15 27 5
189 66 10
65 178 16
215 176 4
177 91 3
43 3 9
295 202 16
194 226 17
84 240 1
89 275 22
258 90 15
235 18 14
57 105 10
223 121 11
114 36 6
114 200 9
268 66 3
192 294 1
274 200 21
294 298 9
104 297 13
174 258 9
197 174 1
245 118 2
267 238 8
93 144 10
106 23 2
104 210 8
228 212 14
76 191 14
94 150 21
159 13 21
273 281 5
267 177 6
145 162 22
91 149 15
157 100 19
260 49 11
221 131 10
55 1 16
130 281 22
188 155 9
270 161 12
238 206 11
14 73 1
280 123 5
278 54 10
297 52 8
90 252 6
197 165 22
43 289 16
49 145 21
155 84 22
137 213 19
10 61 3
245 74 9
293 40 8
257 212 6
289 57 18
21 140 1
173 266 3
137 106 23
231 92 9
261 23 18
90 248 15
227 124 3
238 64 15
85 253 20
219 260 5
12 231 3
179 288 23
93 148 1
28 96 2
103 19 3
149 189 10
84 77 16
280 122 13
214 210 4
249 189 1
33 193 3
293 191 3
264 272 12
2 99 21
119 196 14
293 48 2
29 295 17
279 184 4
173 269 19
41 102 3
11 262 14
192 69 14
35 284 6
267 101 11
48 188 13
11 53 5
157 273 23
90 263 18
102 246 21
197 251 8
183 38 12
50 269 7
168 295 6
212 66 8
131 277 4
184 12 4
141 265 19
125 171 15
249 102 22
55 197 20
241 65 15
117 6 14
64 273 7
75 15 17
179 91 10
28 179 8
175 133 18
185 103 7
129 225 3
122 137 20
220 189 23
253 207 10
221 111 10
204 194 22
11 89 6
157 186 1
39 113 20
107 221 12
69 268 9
293 296 3
220 77 10
234 21 5
148 262 2
162 170 6
161 28 7
271 205 12
259 8 10
246 280 23
258 118 2
276 130 23
21 160 9
174 74 23
28 256 19
3 187 20
171 187 15
37 92 13
152 204 16
208 24 13
275 146 8
169 228 11
23 122 12
191 264 20
203 29 21
50 259 15
230 287 20
156 1 8
70 206 6
108 167 4
130 150 19
237 253 10
153 28 8
219 292 17
121 274 5
159 109 14
202 74 1
34 129 6
215 54 22
170 263 11
181 290 23
137 59 9
82 136 6
248 123 8
140 296 2
143 262 2
149 123 18
165 28 20
94 41 7
140 208 4
143 125 15
30 172 13
27 53 3
151 8 21
57 192 22
1 87 21
68 134 21
193 136 22
286 78 2
288 223 18
163 55 5
119 81 7
187 194 7
45 146 8
86 25 17
289 154 12
177 205 12
237 211 19
41 198 3
205 246 10
49 73 7
299 94 16
4 10 12
27 130 23
124 293 12
176 104 2
273 37 14
133 1 13
294 75 13
85 76 19
240 126 14
197 240 3
30 44 5
102 89 12
229 130 5
289 24 1
111 72 18
57 199 4
10 62 13
256 55 18
163 72 18
154 283 14
135 275 8
275 111 4
132 73 4
158 135 2
213 146 1
93 258 7
214 258 12
97 296 6
74 70 15
172 128 9
216 70 19
108 193 8
26 77 19
8 159 14
232 95 21
236 182 13
136 274 7
145 105 8
170 263 23
223 93 14
78 89 15
273 25 17
69 157 7
254 165 14
124 254 19
176 252 22
119 257 21
51 252 6
278 147 11
119 7 3
111 31 21
227 66 12
252 153 4
58 42 2
177 294 4
160 238 4
170 91 6
113 59 4
235 10 3
247 289 5
82 54 16
83 232 16
29 233 10
106 283 3
163 274 1
175 54 15
177 274 20
299 27 1
204 207 8
244 133 9
123 28 2
60 290 6
114 299 22
222 181 1
163 216 14
44 33 3
139 175 3
214 116 5
254 228 13
187 176 12
278 21 13
157 75 10
73 51 14
266 47 18
89 136 4
200 76 4
154 138 4
236 65 19
294 154 13
45 47 9
197 265 7
179 116 7
208 107 23
298 295 16
141 227 5
142 231 11
228 246 23
275 138 19
124 201 2
243 299 14
69 20 6
140 74 3
55 71 6
283 14 20
67 95 17
29 203 11
285 230 2
181 112 9
165 219 2
42 49 12
183 189 11
184 63 12
42 241 20
287 18 2
15 163 8
215 203 19
59 287 10
265 286 23
22 120 2
277 155 18
239 235 15
30 173 2
95 129 22
211 104 16
125 129 23
3 101 1
92 91 13
273 42 7
236 119 20
90 141 12
113 15 18
74 278 22
146 143 2
14 189 18
95 89 19
245 277 22
96 240 2
166 86 11
255 52 19
200 131 22
179 194 11
224 203 7
25 293 3
215 148 15
177 129 13
31 288 11
168 216 21
91 45 21
205 216 23
153 42 14
208 241 7
210 289 14
67 9 11
67 29 23
173 151 6
281 168 23
1 15 8
214 212 3
139 198 19
217 42 20
33 160 4
199 99 22
144 27 9
175 250 5
69 125 6
246 7 22
132 35 17
166 112 15
270 12 3
74 3 16
33 239 11
190 223 8
131 20 16
253 202 2
252 259 12
177 182 11
1 59 15
195 269 2
66 60 13
246 107 15
33 204 22
222 4 21
94 238 18
57 40 19
185 98 16
157 235 13
25 248 2
266 177 7
217 223 18
29 157 21
176 33 4
285 55 23
134 207 3
119 268 21
246 253 23
205 78 20
255 153 3
76 141 19
40 149 1
208 39 7
247 275 4
163 127 3
142 278 16
91 10 22
264 85 14
213 104 18
206 40 20
185 47 15
182 37 11
82 186 12
295 43 2
88 213 3
142 253 6
28 229 9
122 210 15
36 70 13
149 200 21
227 1 10
36 261 19
52 60 20
232 268 23
173 245 15
99 93 20
77 62 6
201 261 18
81 34 23
282 144 4
259 299 23
123 229 8
152 204 4
239 235 1
133 262 8
194 32 20
206 163 8
94 200 20
189 142 11
106 213 13
176 54 8
118 202 9
198 8 6
174 79 18
296 229 15
247 247 14
108 66 16
68 149 23
257 51 7
279 13 14
171 207 14
258 268 12
211 237 17
128 154 3
228 296 19
149 76 17
223 159 6
25 180 11
266 176 1
208 266 20
104 46 8
47 157 18
39 130 23
183 266 20
184 258 11
62 252 16
168 226 11
228 78 2
214 64 6
7 129 3
246 197 4
61 22 12
259 252 22
127 89 10
257 62 3
211 69 7
279 177 9
127 35 8
277 221 19
131 230 14
239 247 17
112 9 19
190 235 19
148 114 6
62 258 5
11 245 7
294 15 15
110 176 19
52 165 7
295 182 14
71 162 21
186 283 20
54 216 4
24 292 8
26 45 20
111 89 12
154 55 4
288 43 22
3 92 20
73 50 19
214 177 3
10 244 1
211 243 14
88 262 20
107 178 7
219 177 13
244 84 9
18 145 1
164 228 1
239 116 3
28 32 10
242 76 18
3 9 10
183 85 2
40 1 1
31 226 4
214 268 10
150 136 3
20 1 2
162 247 16
199 104 5
288 26 9
56 92 13
192 32 9
140 226 20
33 210 4
193 210 22
208 57 22
23 5 16
208 254 19
213 199 1
60 291 21
69 241 20
237 292 13
190 152 19
53 266 14
7 160 1
261 210 15
245 46 4
105 20 12
20 75 7
152 113 13
19 70 9
136 49 17
202 79 7
208 40 1
143 274 19
71 223 9
181 77 23
267 33 21
71 101 11
83 195 19
238 256 19
220 299 6
176 256 17
117 82 17
196 101 1
75 114 6
30 61 6
113 71 1
113 183 1
158 145 17
94 189 10
297 213 22
214 35 12
2 145 18
132 292 7
42 25 15
32 288 16
192 275 11
122 186 21
256 90 13
91 49 20
278 253 16
231 170 7
132 173 22
158 234 17
122 257 23
119 15 13
27 22 21
137 85 3
199 14 15
48 279 23
175 40 21
21 119 17
97 273 6
59 273 21
29 292 6
42 291 7
23 20 12
226 85 10
196 237 23
294 65 3
279 136 23
80 149 23
190 246 15
216 198 16
82 267 11
63 221 1
127 129 8
191 238 8
69 205 8
236 32 3
191 157 4
269 166 17
163 226 19
287 103 4
212 262 15
93 137 19
106 245 2
246 143 16
138 75 17
1 61 4
216 15 18
140 214 20
226 231 5
50 128 14
221 76 2
75 7 23
288 205 11
122 130 7
141 38 10
26 88 22
70 235 3
275 245 11
140 273 1
252 282 2
188 192 11
228 96 10
6 211 23
47 99 19
128 7 14
28 214 4
155 225 5
273 21 12
126 35 19
240 153 22
84 182 11
273 91 13
274 154 19
254 226 18
133 41 12
67 83 5
89 229 1
138 42 6
38 224 11
150 7 10
198 260 12
166 198 2
164 232 19
179 244 15
172 78 8
160 267 14
82 112 2
84 163 8
98 83 21
137 51 10
192 186 17
28 53 8
269 284 2
260 183 10
64 271 20
150 111 15
209 94 8
112 290 6
98 84 7
223 1 7
161 265 8
287 28 21
187 251 6
196 188 8
162 295 16
236 46 2
109 157 16
17 87 3
169 138 15
39 30 18
158 214 11
163 200 17
57 2 16
287 64 18
187 11 4
95 36 12
280 157 7
74 137 4
40 265 8
31 147 5
60 72 17
78 65 14
22 158 21
118 275 19
255 99 2
270 59 20
197 1 4
208 277 16
147 188 11
25 100 2
218 136 3
289 62 1
79 125 12
7 222 1
87 123 23
23 189 19
186 80 17
274 186 5
84 206 12
223 38 5
187 171 14
152 196 9
179 47 10
187 253 3
41 239 1
31 119 3
41 292 7
269 143 8
117 87 21
231 131 15
164 254 14
87 297 19
167 116 2
205 71 22
187 228 4
92 141 14
127 289 7
215 55 23
84 24 9
35 210 18
27 6 7
257 94 4
74 41 13
17 162 10
240 216 7
23 63 23
158 190 22
189 217 10
259 63 22
45 169 4
172 114 5
267 297 6
296 6 20
201 256 14
231 173 7
25 156 7
90 52 20
162 35 6
238 4 10
289 46 4
266 213 13
288 279 20
155 59 23
225 177 12
186 157 14
269 148 4
121 208 18
247 46 6
205 80 14
119 138 1
188 223 18
45 105 14
267 165 22
226 165 15
116 263 7
232 295 3
210 251 7
257 48 12
8 49 18
249 11 8
112 31 6
8 188 12
247 38 17
125 103 23
200 25 7
181 247 10
271 56 23
78 30 3
186 224 21
228 261 14
88 247 16
261 217 9
92 231 12
209 42 2
275 280 14
186 153 6
115 271 8
140 78 2
144 32 1
223 224 10
69 69 7
291 265 15
270 42 4
128 103 18
133 187 20
261 99 13
205 253 7
154 233 11
110 298 18
130 71 7
262 56 7
82 130 5
41 284 1
33 274 13
17 130 4
157 64 7
204 264 10
297 161 8
121 106 18
146 126 6
244 273 13
43 35 4
252 212 4
271 126 5
182 125 1
232 139 8
250 165 9
232 254 10
287 44 21
96 280 16
125 22 13
65 68 21
264 61 19
278 244 9
37 243 23
34 31 22
217 124 11
134 273 4
138 211 19
172 291 21
294 264 5
93 111 18
279 53 8
170 88 15
108 147 17
77 192 3
157 80 21
194 148 3
128 171 18
172 67 19
33 271 5
210 74 10
149 1 2
149 10 2
198 228 8
142 11 7
105 144 3
154 183 11
179 260 9
139 7 15
161 232 12
110 154 3
267 153 8
204 292 12
12 40 17
28 87 14
230 190 1
136 146 21
29 78 11
166 26 23
23 262 3
115 261 16
213 135 22
256 178 21
93 76 11
272 68 3
138 81 11
6 50 5
290 292 14
45 33 9
58 131 16
160 66 7
189 76 21
238 88 12
286 140 5
235 192 21
282 176 14
44 256 23
243 95 2
260 7 9
286 151 15
93 144 18
215 221 8
149 248 21
140 117 21
189 257 19
108 105 11
118 259 20
228 243 21
190 122 15
196 113 2
16 46 15
189 98 17
283 195 23
198 7 16
254 108 10
77 102 12
95 157 23
141 87 19
83 125 3
13 36 11
233 213 8
237 122 19
86 188 12
188 211 12
234 83 17
203 207 18
217 100 17
100 228 21
250 291 11
74 227 12
229 279 19
171 299 12
257 270 21
31 190 22
253 121 23
287 196 10
43 34 2
241 141 6
87 48 3
133 180 22
47 275 2
66 165 6
275 81 20
128 20 15
278 283 3
217 221 2
10 191 2
188 211 23
32 10 2
95 212 2
14 241 12
117 62 22
209 249 12
126 107 9
272 266 20
64 93 23
130 52 1
182 19 15
42 167 4
47 189 6
236 257 5
108 24 8
141 44 3
125 205 19
7 225 20
131 90 15
246 282 18
153 95 4
86 84 14
188 162 11
137 200 9
50 79 3
197 220 8
10 87 23
119 138 13
179 229 3
28 201 13
296 263 2
88 237 11
26 80 22
82 59 23
151 259 4
62 206 17
298 248 9
208 216 7
6 296 15
125 47 4
109 101 17
266 40 3
2 276 19
176 266 5
148 28 15
32 1 14
278 135 5
39 19 17
297 132 11
202 27 23
279 216 1
246 123 16
217 176 18
95 167 15
91 245 15
237 17 14
194 109 21
146 76 10
82 99 12
190 256 15
240 238 19
94 270 14
31 157 10
145 51 4
235 197 16
58 200 12
88 217 5
89 130 9
15 4 21
117 173 1
69 217 1
71 210 20
133 243 21
209 68 17
226 80 8
258 191 20
136 281 9
60 86 2
261 270 15
129 290 1
251 222 13
31 35 9
214 239 4
82 28 20
201 153 3
290 194 12
212 37 22
292 104 13
52 236 18
297 257 16
106 97 6
71 204 5
163 262 22
31 251 11
145 40 12
59 136 15
166 60 18
84 249 15
199 76 3
90 214 18
45 169 6
21 39 13
75 30 23
254 265 18
228 103 5
53 20 12
194 78 20
206 24 8
141 43 16
297 26 9
23 205 15
147 5 6
154 166 13
269 72 17
67 176 12
31 105 4
210 275 2
13 266 6
47 266 20
267 67 7
196 233 4
230 289 21
50 127 2
206 282 13
81 221 17
134 33 17
299 157 17
195 165 22
268 108 9
157 106 15
63 170 23
277 148 10
98 151 16
14 290 19
159 47 23
292 209 22
262 53 23
106 108 9
25 103 17
112 11 11
21 113 17
115 296 16
51 61 7
219 270 9
13 64 9
293 209 15
71 297 12
132 70 18
201 141 18
213 83 13
211 121 9
164 179 5
217 176 6
189 1 9
109 199 7
13 96 4
23 111 8
214 59 1
51 154 5
294 279 5
179 49 14
154 280 14
73 213 4
123 87 10
164 251 6
202 35 14
18 10 10
181 147 4
132 57 1
165 65 20
205 241 1
254 235 3
86 228 11
37 61 1
136 232 4
149 88 13
167 196 17
48 29 21
126 49 9
135 37 2
183 215 1
36 185 16
94 288 8
291 270 8
124 258 15
96 226 10
243 263 9
71 87 4
171 98 21
79 148 4
149 182 5
17 169 13
112 284 5
32 270 23
30 132 5
229 111 2
6 148 12
69 283 12
90 3 23
185 38 12
54 52 2
234 54 18
104 266 12
286 19 13
131 99 4
131 19 10
179 166 17
245 233 17
158 130 18
131 244 10
155 297 23
27 89 14
298 109 1
237 246 21
3 270 11
52 185 3
233 137 18
289 89 12
133 80 3
257 251 7
272 245 4
72 214 10
188 260 7
40 260 21
213 266 2
140 58 13
41 241 5
241 37 6
65 299 11
141 2 23
272 168 7
214 147 1
4 238 13
271 6 13
202 239 2
36 159 18
292 116 7
55 224 11
236 299 23
43 31 18
68 178 13
59 209 20
180 136 11
77 134 3
119 56 22
249 163 22
144 130 20
47 58 10
117 31 3
121 64 20
67 75 19
40 239 8
159 264 2
151 202 22
285 111 17
52 89 11
34 108 21
190 33 6
145 81 20
223 56 2
217 261 17
225 114 21
182 252 5
28 98 5
289 139 5
205 69 12
77 185 21
29 170 7
298 153 16
213 146 10
152 14 23
76 229 19
254 174 11
7 58 6
81 125 10
256 178 23
145 174 7
76 194 17
49 291 1
117 207 6
17 34 14
13 86 13
104 254 5
71 299 1
20 231 13
199 277 10
241 253 22
135 46 19
155 188 11
25 144 1
114 224 13
125 224 17
279 41 4
97 15 13
23 138 1
69 190 16
115 7 7
72 249 9
166 160 11
236 174 16
38 267 1
170 105 20
26 279 19
27 109 22
87 153 6
9 65 7
56 77 8
8 53 16
270 250 19
69 292 10
84 112 22
255 192 2
174 217 7
163 42 12
251 199 16
251 238 8
212 54 19
238 232 2
290 291 10
194 218 14
150 257 22
46 112 2
100 75 6
105 265 15
267 98 20
293 89 20
96 157 13
94 123 5
285 118 16
88 254 18
84 179 7
260 268 14
69 211 22
175 116 17
20 205 11
97 139 11
43 131 8
109 52 22
87 284 11
10 3 18
244 119 21
85 152 20
70 274 19
207 175 15
223 240 7
59 229 5
35 40 5
155 285 4
80 51 5
117 251 23
12 74 3
192 14 16
271 149 21
180 25 22
78 176 7
265 232 4
228 215 23
40 49 21
276 142 1
288 153 18
167 274 7
274 128 2
198 49 7
243 59 11
216 56 10
2 294 8
219 9 19
145 286 7
42 152 10
231 93 13
44 173 3
136 41 23
215 76 22
155 233 18
248 112 21
75 100 15
180 163 21
252 150 11
59 130 21
118 250 11
79 96 10
67 2 8
284 106 1
20 289 10
292 185 6
212 10 14
85 18 3
173 25 16
93 176 15
173 95 9
27 201 14
189 148 19
54 6 11
96 188 12
43 211 2
286 148 7
192 17 14
125 290 2
106 200 16
172 124 21
233 188 18
195 278 2
262 17 16
213 82 19
267 4 9
246 44 7
297 175 4
100 171 12
175 129 19
99 158 11
226 214 14
143 238 20
84 60 15
208 158 12
111 41 7
169 234 4
288 152 22
61 72 5
87 254 20
157 231 18
219 11 23
129 148 15
211 116 15
144 275 8
237 136 21
290 1 19
99 214 8
275 146 22
224 133 14
42 76 16
15 81 2
79 191 5
128 70 22
296 6 11
2 173 21
20 102 10
81 16 6
190 106 18
240 122 17
221 122 2
16 64 7
285 261 23
18 115 21
129 201 14
5 67 6
178 218 6
30 9 3
177 61 11
185 280 18
61 224 22
290 174 17
282 255 13
48 12 21
29 149 11
30 108 20
210 166 19
263 92 20
105 114 8
258 31 14
153 166 23
193 56 8
56 138 17
284 121 9
20 87 4
101 209 3
209 147 1
31 231 23
144 80 2
155 111 23
73 28 19
220 177 13
38 268 7
21 135 6
4 293 4
252 89 17
234 156 22
246 58 10
222 216 4
90 22 3
283 253 4
236 155 1
223 117 17
161 287 23
113 159 18
206 95 4
230 288 4
18 20 11
230 109 18
147 28 11
253 36 15
228 211 4
193 270 12
200 4 21
250 85 13
268 240 15
11 269 13
237 29 6
25 240 8
244 93 9
251 188 1
20 245 3
30 96 17
49 187 11
178 191 23
39 293 8
152 27 1
195 4 21
208 169 13
186 205 19
5 55 2
138 122 16
3 110 10
274 39 3
205 209 18
288 57 8
202 231 3
140 72 1
127 65 16
72 281 1
10 60 23
264 289 15
10 232 21
211 265 16
71 151 7
132 276 3
121 124 6
70 228 16
148 185 13
17 49 8
250 75 19
95 213 20
1 73 2
51 54 21
146 141 17
193 23 17
67 150 22
49 213 3
99 75 19
68 261 2
33 142 20
228 161 3
268 237 13
263 282 13
132 2 6
199 68 6
293 139 11
151 86 19
214 240 10
261 171 14
213 177 18
169 229 21
194 147 23
53 133 14
87 111 7
185 208 13
47 241 6
259 161 20
285 96 10
67 268 13
132 299 11
32 63 22
188 149 13
221 69 9
40 255 20
173 179 18
106 35 22
154 176 1
7 7 14
78 9 19
177 248 3
173 182 22
296 238 22
191 108 12
272 17 15
190 102 10
174 49 2
51 109 13
275 180 15
185 123 9
15 182 23
221 50 23
185 60 7
119 135 6
183 291 14
230 141 17
212 44 19
142 247 22
265 155 12
61 175 19
9 39 7
99 47 14
286 190 9
265 178 16
227 34 2
261 113 9
18 162 4
136 295 5
253 16 17
115 115 18
14 264 3
239 173 18
112 83 21
25 53 21
207 43 15
219 218 16
228 175 17
242 177 6
235 266 4
35 39 5
295 258 7
204 173 21
18 100 20
190 110 8
196 127 13
204 270 17
77 47 14
143 101 16
103 79 15
77 178 13
250 79 10
51 186 1
130 52 16
138 211 13
107 268 15
277 137 20
249 66 22
92 290 21
269 296 11
105 184 2
38 158 7
134 257 12
60 260 17
73 180 14
188 55 4
78 231 20
133 31 8
10 84 12
199 46 5
296 49 6
164 135 17
190 128 21
207 226 1
130 281 17
296 73 15
146 52 21
90 208 22
89 74 17
258 13 11
190 181 22
244 228 13
189 264 2
66 174 15
133 241 22
13 74 2
117 58 12
94 246 19
33 243 14
49 139 22
143 195 2
283 157 8
285 41 2
57 288 4
162 141 18
81 213 5
39 94 15
163 75 3
144 196 14
112 127 19
121 44 11
201 238 23
274 68 23
287 60 20
192 111 19
244 110 21
184 193 3
286 243 15
191 232 10
259 48 13
74 65 11
150 83 13
19 248 11
242 164 6
251 205 23
277 31 12
237 235 19
169 265 14
223 235 14
277 105 22
142 108 3
222 257 15
259 239 15
142 227 8
216 102 13
137 96 2
130 69 10
11 2 13
93 42 11
227 136 4
54 226 11
67 102 9
112 282 5
271 214 4
200 189 8
161 212 20
289 293 7
270 246 12
283 2 14
296 238 23
207 151 6
178 131 14
120 260 17
292 110 5
165 64 9
109 98 23
10 104 4
237 286 4
299 23 1
200 2 14
173 162 12
18 102 21
167 111 9
68 99 6
124 287 13
220 23 18
79 135 12
52 299 16
153 121 1
143 92 2
175 149 23
232 44 17
131 50 15
248 260 8
66 248 11
299 23 1
60 159 21
54 292 9
164 234 11
126 25 1
118 123 15
88 46 8
107 213 9
286 87 7
107 53 3
236 170 17
4 130 19
18 25 17
186 119 8
119 153 18
217 213 10
196 267 18
267 50 15
259 9 3
264 53 21
31 277 23
287 39 20
183 158 7
171 147 9
2 253 4
19 245 22
203 204 3
151 94 7
69 110 4
232 147 15
149 220 11
35 274 20
193 72 14
213 89 11
146 180 8
207 27 3
280 276 2
24 56 23
159 193 14
28 118 19
238 126 2
134 279 13
25 295 4
68 266 8
246 215 9
77 40 2
24 294 21
82 20 4
78 59 16
260 121 22
14 46 10
209 27 22
139 113 8
57 247 15
294 114 14
189 54 22
131 242 12
77 213 13
135 222 19
142 202 7
19 157 9
193 165 3
110 44 21
22 286 13
261 118 1
30 291 17
185 214 4
258 151 11
55 275 22
244 157 8
84 106 1
119 192 1
50 224 9
75 160 4
286 157 19
165 144 5
240 296 11
94 155 2
68 137 17
49 245 9
38 105 18
262 256 7
240 101 23
40 234 12
168 149 17
25 102 10
20 249 17
214 277 23
77 206 9
257 235 2
136 217 9
167 171 14
291 52 3
73 122 8
220 222 16
206 206 5
218 222 17
93 107 13
97 93 10
122 188 4
104 143 21
282 167 2
262 178 8
137 142 20
246 230 13
255 139 9
143 206 4
187 285 13
171 169 14
215 132 9
298 39 23
19 266 23
90 50 20
180 287 16
46 24 13
254 234 8
224 131 1
42 269 10
42 98 10
297 258 12
210 20 7
1 283 16
166 92 22
210 132 9
275 249 13
115 203 3
158 174 19
73 71 12
213 138 14
222 126 15
71 59 4
76 90 17
219 84 21
141 76 15
81 83 20
107 182 1
67 47 18
223 150 14
68 118 9
263 38 1
123 24 20
75 48 18
118 273 15
208 144 17
73 70 11
57 47 21
213 230 18
85 190 11
193 48 19
246 228 22
126 29 5
58 170 6
94 7 9
244 142 22
52 258 20
118 150 10
278 285 1
118 4 19
225 135 11
99 212 23
129 282 18
124 20 9
112 294 22
126 159 9
79 170 8
69 228 3
43 139 18
129 159 12
252 52 15
29 133 11
56 4 4
13 211 4
10 271 6
275 63 23
49 116 9
142 160 2
205 43 7
258 157 13
195 227 12
46 135 23
88 146 11
188 151 13
116 4 1
52 236 23
224 280 7
201 211 10
108 291 19
125 56 12
255 122 1
212 178 12
114 74 18
72 11 4
237 56 13
18 233 4
77 51 10
194 174 3
250 273 15
206 24 10
38 71 15
105 78 16
42 62 17
228 24 15
259 28 21
41 244 1
268 25 5
192 211 9
212 17 5
104 16 8
150 169 1
231 63 3
3 137 3
177 131 3
263 42 6
66 105 8
254 264 21
25 104 15
46 179 17
62 233 23
158 285 3
3 159 11
189 88 6
240 122 9
233 264 5
86 50 21
2 126 14
134 139 9
9 94 12
121 33 20
4 37 7
63 190 4
263 96 15
206 150 15
277 90 13
295 122 16
251 280 1
12 20 22
107 265 10
77 34 10
231 73 16
288 23 5
135 93 3
108 144 18
68 99 23
158 70 12
226 204 11
46 109 17
79 277 20
194 220 13
8 297 6
290 103 16
144 145 6
183 58 1
264 246 21
263 252 8
197 242 5
273 52 17
57 179 15
46 223 22
180 207 20
240 177 21
144 37 16
213 140 8
252 276 18
280 168 23
224 235 17
212 4 22
171 233 22
189 32 4
139 54 7
234 97 21
12 34 14
29 73 15
5 126 18
233 214 8
238 100 4
97 78 6
72 252 13
82 206 15
249 134 7
189 229 12
212 111 4
48 235 4
183 129 4
149 103 11
45 235 20
215 53 15
17 58 10
27 203 15
184 140 5
273 102 6
187 32 2
22 92 2
242 127 1
163 215 12
62 241 23
165 176 1
185 186 8
35 157 10
290 49 2
295 298 5
241 164 8
171 287 18
298 158 18
12 216 5
234 179 2
40 271 12
163 288 5
289 261 22
91 70 16
127 29 3
271 134 2
126 138 13
188 239 10
229 31 18
125 254 16
117 230 15
46 165 9
244 119 2
247 46 12
27 121 9
29 142 22
161 277 7
217 276 5
143 204 3
181 246 1
260 214 22
294 133 20
51 23 9
53 268 17
241 214 22
280 230 2
172 262 19
22 167 17
107 259 21
106 232 22
129 60 13
179 194 22
214 192 11
294 57 23
159 200 9
205 67 5
129 52 13
269 232 19
38 81 3
26 214 19
188 31 9
143 96 10
161 282 4
145 1 21
140 40 8
142 111 5
260 51 14
86 164 5
174 115 20
156 242 20
228 59 13
230 111 8
242 148 20
167 90 1
75 87 11
248 182 14
146 296 16
230 181 6
129 24 21
250 151 7
130 177 5
94 118 22
35 47 10
5 184 3
100 262 21
252 291 2
24 282 22
76 18 7
117 132 20
179 149 16
178 292 20
239 272 22
164 42 14
146 26 14
92 22 1
220 241 23
279 60 14
223 8 17
146 87 10
226 146 16
285 130 15
32 33 23
98 249 10
285 203 16
46 245 20
279 110 23
172 19 15
224 105 11
16 52 13
286 40 16
164 259 4
257 107 15
31 172 20
75 144 18
158 196 8
50 275 16
71 157 23
292 91 19
204 21 14
250 68 23
197 66 18
9 128 6
119 224 7
93 167 14
297 139 13
108 212 1
169 286 9
25 38 2
167 235 8
223 77 1
11 208 20
172 129 21
48 43 14
146 159 17
155 48 19
230 108 12
233 30 17
13 93 15
180 10 8
183 120 17
177 249 6
211 45 2
299 240 7
227 158 7
166 268 22
157 109 22
134 291 22
101 198 22
45 212 7
143 204 21
93 158 3
194 113 21
35 33 22
174 178 6
163 52 1
147 191 8
265 54 17
14 158 12
218 234 10
216 170 9
229 286 6
202 201 1
150 102 19
21 278 21
89 233 15
201 7 16
86 148 19
173 74 18
286 73 14
114 163 18
101 257 21
197 226 13
115 196 21
87 49 10
263 276 13
97 161 3
242 211 20
83 129 20
108 140 19
106 79 13
29 134 11
159 134 19
251 66 5
127 254 9
39 192 13
190 253 20
12 92 8
119 125 8
214 36 1
44 84 2
269 178 9
20 86 22
197 83 19
41 272 21
119 44 4
203 46 7
45 262 11
254 104 9
126 62 4
56 298 12
74 176 1
266 41 16
149 215 20
101 225 1
4 255 21
270 180 14
234 85 5
55 91 8
117 33 19
243 273 3
201 93 20
16 256 19
31 87 13
184 235 17
200 181 16
138 64 13
243 128 8
223 14 3
94 265 21
247 272 1
92 258 7
140 23 13
110 238 8
120 124 9
131 7 22
253 195 21
275 90 3
149 66 23
222 184 19
250 30 21
97 109 4
222 15 2
82 40 16
167 88 10
240 1 16
128 200 11
151 145 16
132 22 22
226 77 19
3 92 22
138 259 21
138 216 12
30 114 7
139 191 22
7 287 9
103 256 23
86 106 1
227 269 12
116 30 8
86 133 9
271 142 2
1 29 3
33 77 7
38 57 1
236 101 3
163 38 3
286 17 18
78 195 11
18 65 13
162 254 20
56 268 7
118 272 11
188 194 7
106 235 20
18 80 13
53 98 16
269 152 10
32 42 6
118 198 1
44 188 15
63 92 15
257 59 17
88 221 9
43 157 2
246 200 14
192 122 20
244 54 5
45 182 12
246 115 19
122 237 10
9 296 19
21 199 5
207 220 4
64 273 20
291 252 12
196 211 18
235 227 4
277 232 11
237 251 14
264 8 15
176 85 1
110 100 21
198 129 7
27 232 11
214 3 2
51 22 19
51 146 19
249 283 7
284 88 21
280 229 5
220 49 20
235 197 9
243 272 22
114 201 18
192 73 17
279 204 13
109 9 18
32 272 1
199 193 21
145 38 17
151 111 19
127 182 6
73 234 18
125 211 23
42 131 18
258 99 4
143 229 15
85 244 14
205 34 11
99 6 19
96 173 20
28 267 13
122 199 6
79 7 12
233 45 7
65 47 13
240 167 15
136 233 16
129 117 10
178 13 4
105 102 12
280 198 3
123 133 13
96 250 1
125 93 14
195 114 7
238 232 17
145 213 5
79 16 12
224 194 9
206 165 8
31 13 17
198 267 12
20 241 19
146 27 1
289 193 11
277 59 4
262 196 7
34 186 10
11 173 21
78 90 14
259 158 19
228 85 19
82 247 10
155 235 1
72 215 13
195 91 20
135 266 6
50 227 15
12 60 21
144 280 9
289 223 4
26 47 21
229 280 3
281 18 17
207 228 15
77 181 2
247 21 2
36 215 14
94 22 12
290 260 1
9 73 17
182 165 18
208 220 20
202 54 22
81 64 15
17 271 4
241 128 12
60 228 16
35 142 2
174 76 17
213 202 17
296 116 11
86 140 1
297 197 3
206 40 15
279 123 3
237 53 20
60 239 8
294 260 9
18 221 5
97 1 4
154 94 18
147 105 14
244 203 21
21 270 23
166 2 15
27 202 6
295 254 20
19 28 3
31 157 15
294 15 22
277 270 13
124 39 9
249 63 21
134 82 7
39 224 6
