356 1839 648 166
493944 828214 963134 246884 98444 605040 353864 640316 925155 494502 418470 123669 441248 692718 82368 363651 247179 178164 770856 426090 463109 540323 644212 679813 913622 882590 942440 862639 258788 987383 58440 856499 501950 722119 988020 204572 91532 79450 695317 510353 110999 860922 549597 516124 132379 939116 411520 338997 770498 507788 78726 275019 663429 303259 585826 87303 566691 218326 997961 329746 602163 757538 932887 475002 961022 102438 68951 648862 409630 153930 415584 518512 764105 23981 417735 279338 816033 686020 271081 897380 893838 463982 658491 597376 270799 839829 231039 919001 765169 65602 513592 293732 243955 164562 396315 80405 405896 268510 946064 53315 319438 889591 129116 643728 531063 186285 924692 762525 961794 586281 363718 147822 393987 888289 14353 519419 907764 90758 81455 96572 241450 82207 872267 481389 950406 688455 958050 676633 52712 714115 852597 729680 528464 778710 165465 767231 477378 464500 31325 634917 65087 823340 535110 412748 634918 660719 736747 695957 258387 272741 62929 69814 976312 140305 476766 262147 189842 753826 922123 474427 33741 56088 657227 779639 172161 236780 961353 214840 687681 622458 266351 22512 15987 881643 623827 132825 770074 333153 144828 734617 722238 55725 946317 546273 435525 247726 478914 454013 11382 551462 719158 933018 560509 238339 989866 442623 83865 871218 557998 770457 258091 851639 901974 856532 724057 568259 914275 945276 127049 692525 635493 674124 906651 320553 266384 445218 344115 47947 766112 423574 239437 831173 307045 315366 403281 955323 631588 694057 586312 791265 759085 852318 764661 361232 733768 430358 880389 355360 721670 662920 652530 594500 82598 625494 693546 76979 604412 298037 960105 712529 274342 454750 993302 652075 93861 139568 902854 237670 925749 155891 948338 613206 707282 787907 126888 637801 220096 939765 116500 21467 975424 804223 506471 760646 862858 87273 812623 729184 452232 517825 199100 937719 341597 255612 694193 952254 597569 265304 694399 859776 148870 210804 266881 697361 72640 11956 263260 209931 693524 374566 313236 979147 351345 763860 725615 413011 591513 534904 353867 429616 142073 19960 187817 417281 345836 62027 242296 878613 60401 233654 822254 997779 543031 499061 678353 761088 672558 165525 662076 773241 809452 396412 433892 896982 248167 932596 980457 449828 359667 926027 975838 724803 997864 398712 528450 140138 73238 873742 293202 60030 445963 413384 89189 439448 172900 814504
29 171 40
180 187 86
201 66 101
67 351 40
171 110 129
78 240 113
187 232 8
164 257 113
242 199 119
82 252 88
128 251 20
316 59 71
77 257 107
294 200 90
278 222 33
258 13 128
355 183 38
232 345 110
258 89 120
75 156 46
136 6 106
90 99 75
124 50 128
242 354 10
49 251 53
188 294 101
276 56 38
61 286 48
242 65 8
4 249 62
304 279 82
271 178 57
97 325 102
265 351 17
79 79 81
208 120 16
6 23 3
76 93 17
55 197 84
120 356 24
237 258 64
256 13 125
122 268 112
46 104 21
354 216 122
272 193 95
279 2 64
352 190 48
194 230 39
11 352 74
32 27 114
222 261 124
315 173 37
133 14 23
32 287 77
18 75 25
326 205 100
283 136 129
320 184 124
215 324 91
204 85 78
205 279 81
341 283 84
282 308 59
66 174 122
81 306 23
249 113 31
17 321 55
44 306 52
244 189 51
319 20 19
61 157 53
119 31 62
124 21 63
108 139 124
6 261 64
84 356 57
38 102 54
37 33 29
105 186 96
54 198 43
277 83 101
20 311 48
236 115 42
13 76 14
13 289 11
339 126 6
25 355 28
244 150 66
262 86 31
226 230 35
234 264 80
92 112 123
171 38 46
309 236 87
17 231 93
41 27 116
328 354 49
331 144 43
122 187 129
148 248 95
271 338 120
88 73 9
247 20 58
22 239 51
255 16 51
138 259 6
345 144 58
17 182 23
131 249 17
212 70 106
243 192 75
66 343 76
302 3 120
299 128 124
140 144 3
283 187 70
120 38 24
94 8 91
84 336 58
38 282 50
187 42 115
241 184 89
42 355 122
310 83 120
83 347 109
344 109 123
44 231 73
42 285 30
256 313 11
94 51 73
108 324 11
144 215 94
17 189 9
82 344 57
184 152 78
189 170 53
181 186 123
295 263 32
196 91 35
263 251 89
17 303 12
37 232 62
347 142 45
221 233 43
206 348 12
275 4 14
148 147 28
133 123 12
281 151 45
245 320 104
145 45 19
75 91 2
227 316 127
26 1 50
160 261 8
145 226 13
71 208 78
220 136 92
187 140 4
266 174 14
8 342 57
287 212 36
350 154 44
84 321 103
180 267 3
143 233 64
225 63 40
204 321 108
23 212 27
14 243 42
74 76 35
216 107 15
310 287 73
130 33 15
184 254 29
280 236 14
100 162 28
27 339 58
7 38 38
83 90 72
355 51 118
35 261 91
98 328 45
6 194 48
31 297 122
144 132 61
197 179 33
68 274 73
213 58 95
164 177 18
235 39 29
77 53 3
313 262 86
98 200 123
306 355 4
92 342 94
105 253 91
316 213 57
293 110 127
289 77 103
101 304 81
152 62 14
336 140 122
136 152 111
187 350 65
220 281 7
249 231 116
180 348 65
278 114 88
288 132 96
213 345 86
224 140 84
182 16 85
2 231 117
185 290 56
265 330 5
214 27 40
182 93 128
215 207 68
293 203 63
9 172 88
327 216 1
174 35 31
340 248 34
224 146 109
18 112 122
226 254 73
80 315 57
154 1 39
35 55 61
136 320 18
240 19 1
160 3 128
127 76 115
335 350 128
162 329 81
312 252 48
149 3 16
288 158 93
249 22 65
111 11 44
167 277 41
229 82 36
15 299 111
317 226 48
147 87 19
52 131 36
217 179 41
314 142 39
325 118 39
164 135 105
307 189 106
282 179 69
208 147 13
170 195 88
82 286 37
270 198 120
274 49 39
146 53 36
44 194 104
33 279 35
233 205 84
55 176 61
120 143 40
8 193 69
134 110 57
123 136 60
322 313 31
1 317 16
329 218 42
301 252 9
186 347 51
347 30 6
333 139 61
60 75 58
168 96 31
99 46 78
71 177 46
40 197 45
12 283 119
1 194 103
301 130 89
134 292 84
11 58 76
161 229 34
327 138 65
125 105 3
90 73 4
265 241 15
27 3 101
294 71 75
97 211 88
260 280 103
203 344 64
294 180 104
308 13 116
325 286 2
98 139 37
237 96 95
313 141 72
235 36 88
254 351 57
125 97 52
338 78 81
24 99 55
286 229 46
109 235 94
260 30 93
131 71 39
186 62 29
50 204 40
82 333 68
342 132 47
242 135 8
335 337 62
40 109 33
40 197 11
85 251 58
97 355 62
305 338 60
110 115 127
24 74 58
264 338 120
202 302 3
338 334 14
224 157 89
194 234 110
54 121 96
298 184 124
242 240 62
134 318 1
105 297 16
194 279 77
180 208 36
116 146 48
30 156 37
275 316 91
119 142 11
147 227 55
44 222 121
301 203 97
334 189 40
277 334 79
229 76 8
45 310 78
30 234 104
312 244 62
72 318 30
21 337 64
243 284 81
44 96 6
14 316 54
34 277 9
40 287 98
151 9 79
97 9 2
70 254 77
256 293 4
32 258 87
307 3 60
179 277 124
318 18 3
352 151 104
265 35 62
26 246 36
8 233 94
120 125 124
157 78 28
221 286 15
317 243 58
231 45 54
194 185 86
246 20 58
176 222 15
98 298 48
28 178 44
77 170 58
228 278 84
104 325 107
212 136 107
303 321 62
202 291 8
310 83 96
49 118 121
118 35 2
39 249 17
210 129 3
107 331 41
340 235 116
21 10 83
180 134 32
277 214 1
349 256 2
353 184 117
272 275 111
10 145 73
220 137 43
287 151 12
76 147 116
261 248 103
160 142 34
287 60 116
106 77 93
79 61 124
48 50 112
163 224 116
282 135 93
283 126 127
23 254 25
189 330 103
331 309 38
90 35 42
33 345 108
246 26 91
79 214 38
309 269 42
305 118 88
19 272 123
67 20 53
183 240 37
270 164 99
70 103 55
204 124 95
169 211 77
185 299 107
299 113 4
144 28 70
155 280 90
312 39 64
263 14 69
74 86 101
229 344 112
197 162 73
243 9 17
281 231 17
232 90 38
97 320 64
88 316 114
190 338 77
256 254 77
260 256 2
109 321 74
337 64 13
353 179 16
19 11 32
223 194 125
51 298 82
353 273 14
295 147 88
127 330 112
132 89 67
297 109 69
72 238 11
136 228 109
140 327 104
224 57 77
315 6 106
9 197 49
302 65 70
171 230 69
334 245 117
90 189 86
90 94 38
162 47 15
332 348 106
353 330 12
356 268 110
310 265 60
211 285 89
316 342 27
161 194 69
248 224 62
62 66 126
347 186 67
106 185 2
59 160 119
189 123 11
228 73 69
296 261 89
354 312 110
105 274 43
211 117 105
319 347 94
164 156 5
10 244 122
79 249 21
93 52 110
91 89 102
213 56 40
94 241 38
207 313 95
198 250 128
184 190 43
258 43 40
66 95 86
130 239 109
275 18 11
241 210 83
65 232 82
352 53 88
325 254 129
59 199 44
97 309 123
300 184 25
13 61 111
15 165 122
318 355 52
2 38 97
250 299 16
84 110 80
328 137 107
174 257 91
320 9 80
321 66 60
117 286 60
156 209 49
43 219 78
248 140 81
248 137 67
176 66 125
157 38 30
58 42 41
133 245 126
144 158 90
349 269 65
56 57 101
106 78 69
257 127 57
264 41 100
130 310 70
175 286 122
188 241 125
101 112 95
156 314 14
256 156 97
140 38 129
282 38 122
14 67 91
48 66 92
149 278 54
149 135 74
170 322 90
194 103 24
257 312 13
141 122 123
176 292 117
44 345 84
208 55 47
258 249 98
62 66 43
228 340 107
21 292 1
193 64 36
140 30 8
312 203 42
248 334 113
125 4 2
48 109 51
354 265 117
163 48 111
271 111 119
143 25 16
281 37 115
309 248 88
213 136 110
197 347 127
294 255 94
115 164 113
196 305 29
14 293 111
191 350 84
334 285 104
62 245 99
153 262 46
220 327 41
27 27 75
114 132 119
248 171 106
97 40 49
288 165 30
89 97 127
97 60 70
97 325 46
161 118 77
314 312 126
295 178 87
176 21 103
54 18 123
120 83 96
52 204 63
259 332 64
2 36 105
349 282 57
23 118 86
105 354 29
334 105 118
285 148 58
58 116 72
346 217 57
292 154 129
7 344 59
156 177 118
219 56 50
302 306 47
7 318 114
179 137 77
172 203 81
263 230 69
1 132 98
249 154 79
2 270 107
344 149 82
26 307 63
161 298 29
51 16 85
320 153 82
204 102 36
247 161 32
235 30 125
126 9 25
201 348 119
177 248 54
320 308 24
133 163 42
20 150 59
265 306 23
300 355 59
33 214 18
284 261 95
66 212 58
27 276 101
134 82 115
45 88 23
193 201 31
285 299 110
299 202 87
313 229 120
299 134 88
231 178 107
90 309 83
41 309 112
9 19 11
130 13 20
9 338 111
58 114 45
261 59 94
169 290 44
134 51 65
153 300 20
282 336 9
341 187 89
207 108 102
110 312 1
122 288 4
111 201 7
295 252 7
318 227 14
335 141 18
269 55 124
95 207 116
141 168 32
171 58 57
186 170 9
333 135 81
256 294 94
226 353 50
254 116 39
244 43 39
87 298 50
212 188 110
15 276 19
49 4 92
262 167 69
154 146 9
196 146 80
187 37 51
25 290 81
132 330 70
31 192 26
192 69 104
226 212 120
249 205 114
63 27 104
280 122 114
97 192 121
301 76 16
285 269 88
184 100 47
211 60 95
196 277 65
271 92 30
10 269 20
346 148 76
264 319 98
323 3 77
133 75 76
35 2 3
118 246 31
149 191 33
162 36 114
84 48 28
258 317 123
283 32 63
65 51 99
151 325 65
78 177 80
42 177 86
37 224 59
86 15 115
65 18 17
124 40 90
49 292 7
22 75 48
50 93 96
91 23 23
109 107 72
250 77 36
275 331 114
207 243 45
252 91 81
111 249 115
74 46 35
202 132 60
340 173 41
347 293 119
120 333 126
115 342 84
2 225 42
302 196 65
133 109 33
93 30 26
344 351 44
299 139 49
326 187 129
64 340 59
316 331 53
96 212 79
335 182 8
50 174 34
11 46 35
281 4 35
272 59 96
298 229 61
71 4 27
12 168 119
225 36 31
330 132 20
170 75 99
26 232 109
158 293 59
7 202 122
133 253 42
130 345 22
12 220 54
280 140 117
54 263 66
128 53 116
202 51 28
101 287 14
24 85 21
2 210 118
132 227 125
8 189 120
256 70 76
283 170 94
286 320 108
280 215 127
21 238 118
283 171 30
168 181 126
284 110 101
215 207 126
114 294 34
260 293 10
134 129 57
42 63 34
185 5 97
161 51 117
247 301 102
154 331 119
42 161 116
228 272 114
347 310 32
254 160 128
176 189 36
84 34 43
259 197 85
68 273 102
136 18 22
254 193 54
299 191 38
194 4 126
301 27 32
7 260 63
316 104 11
6 195 53
344 215 92
242 182 48
256 227 109
131 45 14
161 157 97
277 151 48
89 54 49
313 315 46
60 189 23
202 41 108
59 239 127
209 107 59
238 21 90
73 276 8
94 352 32
316 190 113
250 292 93
44 253 21
177 129 86
261 312 15
337 257 62
20 162 74
174 109 42
285 82 105
90 261 43
321 301 24
295 250 126
195 32 114
64 255 92
301 234 79
268 299 100
120 146 100
288 15 77
260 176 102
78 201 99
88 142 107
1 256 2
268 307 93
243 181 68
115 354 12
356 295 47
150 160 114
135 301 28
92 275 33
149 349 119
244 171 99
67 262 80
45 183 74
130 79 90
1 261 101
282 308 45
209 228 10
273 57 129
238 18 106
148 274 90
87 263 50
66 65 123
177 343 81
220 90 55
24 269 79
284 216 2
337 238 50
251 164 7
223 192 68
58 293 8
196 333 19
57 84 64
260 113 22
47 252 70
227 6 90
299 305 105
71 233 119
299 81 112
320 96 120
88 100 112
27 214 95
150 221 101
293 246 121
260 1 127
124 189 52
74 193 114
313 165 29
285 14 31
306 144 116
159 306 65
78 162 120
337 46 74
64 322 98
233 189 35
195 240 28
96 106 126
160 156 126
282 344 67
341 173 120
323 18 27
352 232 64
325 167 24
77 156 123
242 307 115
65 266 112
8 302 56
234 338 62
323 175 78
99 146 3
308 283 30
32 219 119
150 170 33
36 255 114
261 205 40
298 309 39
330 33 119
188 140 124
144 307 101
13 96 62
306 248 65
326 40 55
63 257 105
249 169 73
305 310 110
53 164 126
10 179 48
166 4 65
235 149 102
106 318 54
138 125 98
156 139 16
84 296 46
207 235 15
353 114 100
220 82 51
312 92 14
153 70 118
281 310 57
174 69 55
2 249 28
311 131 65
199 177 123
177 320 111
314 181 109
328 293 14
315 103 25
280 157 13
131 114 71
35 187 53
164 139 30
341 90 106
114 144 14
277 176 90
149 220 103
140 67 52
318 141 23
155 126 81
95 350 12
85 19 40
25 185 50
336 118 42
111 262 93
100 138 46
283 17 22
104 36 36
341 267 113
101 142 111
305 36 72
123 67 51
170 309 69
288 261 97
138 180 56
348 48 69
303 269 38
127 178 92
191 13 105
135 229 19
23 328 3
216 273 126
326 122 57
284 133 89
102 170 68
30 344 29
30 221 66
187 192 40
179 300 109
213 197 63
242 167 34
170 12 47
68 185 65
290 84 58
272 111 10
70 222 66
28 155 43
177 126 97
3 78 33
206 287 118
221 187 89
238 64 39
313 265 1
13 60 110
22 63 47
149 304 49
81 50 93
209 278 95
30 80 45
125 114 35
98 154 6
138 305 10
316 244 116
21 192 14
118 304 55
205 89 22
305 103 2
141 36 98
320 332 79
8 191 129
73 84 120
19 170 94
310 2 55
34 40 128
51 147 27
345 354 63
356 351 77
29 101 44
251 192 58
199 173 92
225 216 50
180 87 24
273 108 3
254 207 114
208 207 61
159 104 32
343 133 39
168 123 23
36 130 7
96 313 3
3 288 128
236 77 58
237 72 25
152 279 83
110 329 115
337 104 28
289 49 31
324 61 102
1 3 3
290 15 83
256 58 63
304 103 23
72 308 23
280 339 23
38 42 69
305 297 75
241 349 62
179 170 32
99 46 52
73 260 83
296 73 74
61 284 129
261 213 74
114 177 33
14 261 86
60 226 20
355 325 1
207 270 34
187 329 104
56 79 127
88 287 24
205 37 23
228 304 10
194 282 19
291 179 64
302 190 71
135 338 86
133 219 45
117 110 75
251 206 2
212 331 58
80 245 120
216 252 58
184 4 97
211 260 25
219 234 98
60 200 22
19 19 69
315 25 21
123 29 99
300 110 77
200 43 8
218 51 127
75 89 20
309 101 93
176 161 65
7 43 46
138 229 83
201 300 13
257 300 96
142 181 98
35 36 68
318 232 23
131 305 106
301 21 97
31 262 4
349 88 64
117 220 82
156 221 32
229 170 104
319 136 79
352 260 19
5 249 6
307 57 88
339 328 55
304 300 54
98 170 41
162 136 114
57 356 35
269 126 46
236 147 75
81 64 64
215 305 47
237 168 27
298 355 18
129 24 70
335 22 53
350 202 56
48 342 122
259 73 92
118 306 25
146 27 64
317 212 114
264 11 21
153 24 25
119 259 104
248 324 119
138 301 20
202 307 40
44 306 33
136 264 3
56 254 72
226 174 36
348 268 74
76 104 56
181 288 3
86 329 89
352 274 85
296 92 48
109 310 69
49 262 95
56 340 119
56 151 17
21 202 24
352 132 5
294 321 2
286 60 108
192 196 24
49 330 4
259 88 83
326 4 31
315 228 90
324 314 3
211 176 34
65 264 80
264 110 78
255 164 9
199 236 105
208 193 44
140 250 5
268 272 17
9 296 121
140 76 73
219 38 20
223 295 129
200 356 106
281 264 80
169 146 55
139 210 59
221 259 104
276 94 90
117 281 26
23 249 6
188 58 113
166 76 92
265 209 76
250 352 15
235 80 21
225 87 83
101 158 60
33 298 3
122 210 107
66 310 34
149 250 121
298 26 65
173 185 72
265 83 36
190 77 82
227 102 115
201 299 106
248 272 21
131 200 58
247 348 58
143 206 24
261 250 56
320 213 18
104 268 29
264 188 34
244 342 10
334 202 37
227 285 55
226 249 101
110 49 43
344 349 69
200 177 75
41 123 74
163 293 91
205 10 93
319 134 36
48 6 14
254 110 34
104 337 68
322 293 2
311 252 119
29 219 98
94 100 92
141 25 83
134 110 29
100 103 103
159 244 102
22 235 94
308 60 82
48 127 100
287 111 112
301 182 92
153 58 10
252 223 79
168 194 55
24 3 4
314 234 107
78 73 56
331 104 25
2 74 79
170 248 108
174 236 105
214 173 95
309 231 54
174 105 55
235 285 40
97 302 54
131 203 28
281 114 65
130 138 25
336 11 109
297 244 56
228 45 41
16 148 28
291 72 91
292 251 60
329 159 58
13 142 35
203 195 67
344 125 126
11 89 115
77 31 125
149 176 121
274 39 63
86 281 10
38 77 109
120 64 100
91 16 15
258 350 100
192 95 85
269 105 87
63 28 116
133 262 66
124 174 11
339 311 17
299 25 103
350 230 2
56 19 95
282 215 35
234 312 82
245 325 99
139 231 83
189 104 84
299 323 6
145 94 25
151 146 13
337 187 111
64 249 113
355 50 79
139 198 124
119 251 45
186 72 16
144 106 7
157 107 96
350 45 102
135 231 34
283 37 103
244 290 67
209 227 121
118 111 25
144 84 33
175 166 70
139 93 87
75 21 94
7 119 1
297 268 90
154 276 65
50 165 62
56 343 128
74 157 64
7 31 76
104 205 90
265 77 118
279 212 44
30 278 108
93 53 19
345 305 72
276 199 57
347 179 121
35 98 98
70 14 22
314 85 35
2 313 65
200 325 62
134 32 123
337 344 64
265 110 5
162 100 91
30 116 15
131 4 88
296 279 100
154 81 117
250 120 41
299 293 86
296 305 4
53 216 27
304 296 81
69 93 6
30 144 91
8 226 121
281 241 87
5 36 25
355 320 118
229 40 109
236 148 52
149 186 50
266 301 10
295 182 48
246 39 107
157 4 126
75 121 126
191 11 17
279 195 72
19 127 83
116 307 19
169 100 105
110 201 58
305 51 30
122 207 51
325 17 97
39 189 41
127 19 109
27 310 38
51 38 63
137 162 68
14 78 84
283 68 95
170 33 26
30 346 70
222 91 101
214 143 18
172 172 110
317 261 21
153 124 100
20 279 1
167 338 94
53 200 72
189 243 20
142 215 54
136 222 38
27 268 10
175 353 43
162 93 43
31 247 50
276 294 122
280 335 28
157 69 41
200 198 91
305 42 23
354 96 34
94 109 118
310 179 46
327 286 10
218 245 90
47 252 87
216 142 74
282 173 48
219 274 48
132 27 52
150 238 79
134 177 49
344 159 10
160 26 57
152 209 108
320 139 106
40 45 100
325 5 125
128 60 107
288 89 35
305 236 63
17 261 90
117 184 95
279 39 7
265 335 28
3 309 101
121 188 67
138 346 124
350 109 65
58 105 68
284 276 98
46 107 90
8 231 115
58 66 14
75 272 40
352 274 47
346 207 31
353 135 93
202 286 14
287 197 58
124 334 60
210 20 122
214 148 31
49 154 18
331 57 120
179 317 45
49 200 4
41 108 64
89 95 10
354 227 10
122 95 83
232 243 61
16 213 97
284 232 72
209 253 2
33 252 93
338 299 6
328 147 46
112 202 96
86 140 101
218 35 72
26 200 6
124 229 27
234 110 53
151 115 40
120 280 6
109 114 23
195 274 83
232 24 16
202 94 113
213 128 90
50 188 36
71 217 73
355 270 119
130 142 12
26 168 68
113 189 70
71 111 66
160 69 73
249 123 96
232 181 14
53 329 19
87 37 14
199 44 22
116 163 50
163 242 103
210 148 109
276 158 47
35 235 48
220 11 75
261 50 90
132 185 117
172 45 20
153 322 85
20 59 54
75 136 21
33 80 50
212 60 12
18 117 22
160 239 113
292 301 109
342 342 37
106 235 9
213 162 62
246 288 66
239 331 104
17 22 77
190 85 55
243 276 89
129 34 118
176 322 99
22 319 17
54 260 33
116 226 35
126 142 88
19 91 66
340 75 68
200 37 17
93 171 51
128 182 43
42 99 75
193 18 29
334 80 22
269 143 10
141 82 77
206 236 66
233 296 123
6 182 32
130 86 92
293 283 81
21 233 60
21 197 18
315 288 10
168 82 104
315 120 66
44 190 10
119 23 103
350 40 129
65 55 14
122 255 75
76 244 18
21 236 7
77 180 76
171 276 90
254 44 17
152 183 93
91 159 90
23 338 4
219 194 117
14 339 13
4 343 44
114 236 51
317 142 34
228 22 47
150 228 48
23 304 79
27 331 114
108 299 68
30 245 78
80 88 50
147 75 46
55 41 12
136 133 82
83 217 120
208 332 81
173 116 84
194 196 33
224 61 76
305 41 126
57 204 52
2 12 50
165 330 12
121 318 67
114 291 62
215 17 71
22 72 2
257 158 119
264 296 112
120 236 23
295 299 67
219 261 54
94 324 69
282 78 26
208 235 93
120 340 35
245 36 78
109 326 127
212 121 15
355 263 33
87 259 8
253 253 111
63 182 60
253 119 22
171 28 109
332 32 43
222 12 69
155 26 80
70 338 119
71 304 95
85 67 57
21 123 73
323 98 3
93 5 77
96 26 14
272 304 78
221 333 117
144 271 65
185 143 104
155 179 12
310 208 73
72 199 78
53 121 70
205 70 28
295 167 125
184 316 124
162 83 21
24 309 129
328 37 127
209 219 113
291 257 66
156 232 84
192 255 9
264 187 71
309 2 16
214 344 121
305 144 107
71 308 53
220 303 30
295 321 53
109 222 29
205 252 55
45 149 30
59 72 62
348 50 107
287 153 37
171 98 125
263 284 118
204 235 101
199 56 127
333 231 117
75 214 114
225 126 6
338 317 51
222 168 38
15 215 44
206 221 118
157 8 125
128 227 122
309 191 111
64 231 15
101 310 97
19 157 69
165 328 122
272 47 118
334 50 27
274 225 122
158 153 92
234 135 84
293 43 62
73 214 18
246 304 67
30 39 106
118 113 128
312 200 128
56 351 74
239 27 102
147 279 78
218 186 113
48 17 90
90 341 22
221 190 13
64 354 104
109 70 37
191 182 111
355 211 116
84 194 63
6 296 105
273 62 124
262 216 54
147 277 124
282 181 34
273 304 19
250 34 15
217 41 109
7 299 121
100 195 22
80 143 126
53 116 5
17 233 104
295 291 113
104 350 44
327 54 110
250 85 30
249 190 41
18 115 12
319 110 29
254 97 27
9 62 35
74 83 19
332 283 102
332 126 45
209 139 51
327 210 63
108 141 51
93 180 10
342 224 123
268 40 101
303 262 57
161 75 10
283 200 70
338 349 81
145 89 56
336 269 58
176 255 108
125 263 43
266 195 107
209 18 111
235 301 123
96 196 10
313 141 40
284 186 119
115 240 61
230 27 114
334 115 88
193 101 79
301 352 24
263 27 91
176 313 97
282 108 110
292 120 113
85 213 35
152 202 128
156 219 42
141 94 83
156 202 70
127 257 20
6 180 18
311 162 125
181 323 118
120 210 37
218 45 118
269 142 73
83 323 37
326 27 74
151 235 3
273 286 52
180 60 39
115 309 22
147 245 91
61 153 11
283 353 72
80 250 17
80 284 76
341 145 110
249 174 7
44 85 94
207 57 6
141 306 129
74 2 120
173 216 117
113 321 119
221 349 7
74 200 56
51 80 51
255 63 28
139 263 58
170 337 65
35 111 18
233 83 117
150 106 46
167 194 28
211 67 43
28 286 115
131 113 56
197 95 118
182 345 59
73 196 64
198 267 97
266 316 82
84 173 46
326 112 126
311 17 78
67 115 128
152 53 93
23 85 2
207 95 90
157 246 117
142 266 82
346 48 4
94 66 94
197 292 18
272 138 20
290 276 63
36 221 113
156 266 44
86 161 18
62 213 24
139 206 98
260 40 6
36 38 105
33 272 125
42 311 2
261 301 6
117 83 91
43 167 102
230 246 10
346 352 76
177 297 94
256 20 26
66 155 100
68 351 23
220 52 86
21 262 1
229 51 16
352 4 69
125 208 8
71 242 118
124 96 62
339 181 129
147 350 30
347 134 26
243 153 85
98 218 96
33 336 12
208 228 77
197 277 107
28 54 61
183 235 115
99 22 36
127 125 97
298 313 4
126 250 30
27 109 79
75 143 79
269 174 115
28 207 97
135 65 124
138 157 29
166 321 95
243 132 40
16 300 48
216 39 104
17 78 106
100 151 3
115 34 91
78 11 41
33 2 5
88 310 116
340 214 70
4 63 48
137 61 64
260 313 28
311 338 64
130 97 65
347 122 121
346 53 60
298 150 76
55 177 69
