682 1867 141 130
636850 668599 429323 182956 956293 581033 969890 78509 743737 270940 935546 609888 548815 652782 488658 21965 212036 747873 440724 162261 358411 59664 277690 532018 960913 69492 528848 750862 741122 244006 316036 658782 114603 7765 907545 520625 718861 656392 537377 434208 28399 660137 58025 602484 850524 946009 166127 187432 309105 491406 893824 32048 589473 622488 770048 451872 969721 379551 844234 934772 42316 89530 834864 272896 346259 843719 804916 103883 249655 772252 41938 529121 135799 356646 103142 325725 477126 809005 779490 964371 532284 274429 704457 781355 756885 640983 522502 714145 94997 219817 320494 176995 44502 976096 25948 45488 178428 289768 391030 629716 386113 674660 166995 736899 390676 352140 682021 458998 75631 936059 971966 142810 994260 585271 719505 149899 693327 270832 515023 113925 228132 804036 294935 890523 600369 456422 628617 362402 81096 643411 764199 788317 568521 632149 500738 1964 766394 471654 948331 296623 640558 817738 281785 374399 203951 214510 153512 859818 137187 432772 363621 3153 613856 593870 222677 665639 534118 92392 319355 56639 670807 63223 559752 847834 964267 860008 982636 84861 413702 668627 382818 208435 860687 215504 774957 60372 123716 867786 786781 296790 577238 960214 518429 896005 44693 673263 103988 109376 280840 552315 784892 508919 561241 344146 764056 959937 159953 939716 606655 752198 611280 766755 289663 284006 302147 750773 278206 45697 859614 187144 391350 206921 863998 131301 546003 125873 184816 893069 262808 880217 424211 390795 8100 457077 627511 233746 976568 12915 243335 135358 493467 598502 403715 889920 528202 855739 240678 764375 394001 540504 403540 956864 194285 808950 943472 103132 221366 311739 255693 962098 894988 575903 883569 958520 881813 182385 694409 372825 652975 267220 329979 489129 520843 125614 670682 81193 998729 638417 378210 76789 270870 584557 152267 685458 713536 568433 590576 44063 907677 248104 404216 72918 318680 600188 68063 787204 765369 406928 467274 829736 800661 6529 294161 33514 330187 930145 908079 808159 673680 820241 259172 243496 452946 998216 252155 547319 236302 667914 882318 443291 422816 501501 172860 880684 904546 647415 535866 772645 890523 641254 919558 212192 523349 639161 453044 686135 543628 303147 285897 467907 10299 211590 772334 101716 184220 526829 18216 242230 574917 4367 782774 693516 128385 85775 236298 149666 626941 790819 539205 576646 467026 489470 458231 847972 179310 335018 46704 752985 664140 698086 606046 939905 366777 990250 915353 236739 105548 477414 617644 284404 811905 247863 438840 380882 390555 994331 269565 746955 513755 76190 226162 855761 784518 512551 598070 132466 904911 758739 697587 773689 647911 696136 695640 764019 399246 256292 110736 454639 415262 359295 73064 532677 266553 554031 449915 762684 475406 884521 492874 734102 449677 823932 414957 196612 87275 775033 498540 808787 763599 912323 862787 176372 794423 562691 9259 168281 971486 427847 647090 86736 776222 338997 98402 663403 961486 145331 675879 551941 770342 318915 767238 194071 476577 26720 735914 219681 706397 53829 433865 240336 623569 928936 299658 152578 141184 77496 584185 978561 865068 507472 600467 148320 601909 563429 656678 769827 754725 408220 792106 769798 587366 355591 129123 677687 218668 819282 951498 318226 181433 388907 92250 380455 390333 37660 944212 371906 243952 699480 333980 269396 533102 482220 699346 557147 108350 342400 438679 793927 592368 931477 121430 777767 613138 924852 762959 977136 660320 237770 763802 718229 6302 160777 430767 917960 138939 640679 782850 847865 313945 523024 505823 127488 184174 146030 823795 552895 888170 526096 336591 413439 270247 517183 378892 519031 247931 724404 801312 491095 255785 315962 230515 573690 903407 128177 291 382955 645307 402232 855764 152652 783718 997000 295759 715865 759684 749844 29507 415121 516165 805162 906624 80517 55191 686755 147542 280078 751887 882889 592085 348630 543129 618849 393890 145797 771842 47175 316870 952644 872217 757308 64941 586721 635001 920433 965686 668630 861025 419786 140877 128529 218323 349854 269733 442475 462985 564438 637352 776766 546514 672064 884016 409177 322535 155503 546425 286821 559969 894069 863227 419241 468635 928084 362869 817863 206654 862852 175112 109571 100082 375317 324591 184278 40155 383021 339692 519672 131943 67335 275971 901926 267440 832938 13982 610281 131586 454193 430808 599440 881438 627126 204865 275099 506949 290164 886620 275965 695257 808394 622160 409621 558685 986819 389251 888694 866516 459592 255581 412143 542339 301575 366978 47054 180872 203406 44743 577977 837690 190977 694156 671936 77787 644320 496804 232000 581127 137798 154682 689809 399052 407803 667109 529349
160 128 17
211 255 12
537 23 4
238 545 11
653 141 22
133 590 16
28 35 15
104 270 12
502 236 14
175 529 19
317 319 19
319 225 4
5 138 11
594 450 28
116 56 17
554 393 1
29 17 3
59 391 18
479 562 13
640 361 18
88 542 15
309 101 21
387 665 3
302 45 13
471 435 24
543 623 26
306 322 16
90 114 13
6 355 9
522 592 13
534 327 18
100 570 11
237 197 25
99 566 4
543 322 21
127 582 13
197 501 2
98 204 26
255 369 3
116 671 24
196 238 7
221 583 6
529 656 27
135 186 2
220 88 5
575 211 15
297 483 23
348 574 26
328 647 1
632 422 4
252 209 3
111 412 9
128 679 25
547 249 14
207 274 9
430 665 24
599 117 10
195 342 22
116 657 24
20 327 13
465 629 7
227 55 27
193 79 20
196 96 27
108 317 10
452 9 13
150 620 26
272 524 9
228 474 21
544 507 19
317 608 26
290 180 26
628 391 25
503 164 3
365 507 24
485 244 10
207 94 13
92 77 23
620 190 27
266 591 12
86 72 27
661 441 13
191 229 17
591 481 26
399 262 17
20 115 14
223 303 27
29 546 5
151 479 8
599 42 24
32 504 14
34 64 28
121 602 28
657 615 13
308 114 13
344 204 8
430 678 15
442 495 21
83 309 26
61 435 1
416 47 20
483 136 2
88 521 28
328 335 17
577 127 10
315 643 6
472 484 28
662 519 27
321 615 13
324 368 18
80 345 17
599 394 26
89 279 5
226 212 17
363 218 23
362 512 27
207 269 25
168 444 27
643 531 9
314 681 5
357 422 26
384 355 8
630 92 24
385 453 18
170 589 7
535 400 27
596 398 22
47 610 16
39 318 26
17 343 22
201 281 25
348 302 7
183 368 13
177 241 3
592 356 11
126 581 16
485 390 11
628 27 9
230 169 26
357 534 9
315 634 13
60 333 26
402 263 28
38 309 6
646 436 10
539 477 26
665 617 22
386 261 14
654 147 6
36 47 15
79 54 15
393 95 17
500 202 16
620 395 17
14 462 20
486 310 13
640 245 26
634 181 2
494 428 3
641 401 4
331 277 23
492 95 18
220 90 5
279 13 6
210 189 22
195 470 11
417 541 7
281 311 24
396 655 12
643 373 24
652 661 17
232 489 10
343 431 28
392 333 18
300 440 14
664 37 11
402 467 19
198 509 6
525 474 15
477 670 3
292 363 3
653 660 13
581 51 9
105 322 27
51 502 24
473 435 28
134 196 26
619 512 4
158 86 21
660 612 3
168 213 1
169 152 26
324 293 21
214 83 1
381 407 20
186 491 22
57 513 26
97 438 13
516 30 17
418 52 12
326 170 1
135 39 24
551 278 27
519 501 6
447 356 10
581 638 4
180 196 22
528 514 21
301 426 1
195 472 20
299 215 3
366 185 23
447 138 5
235 188 23
223 288 8
304 178 4
349 128 26
167 86 15
248 183 11
533 576 26
268 174 13
640 230 23
611 136 17
547 312 20
655 573 15
510 548 25
123 633 4
433 218 14
374 311 4
510 433 16
555 503 14
307 106 16
560 228 13
429 370 2
173 106 15
78 237 13
626 66 9
427 432 9
541 35 21
76 103 9
627 181 10
168 548 21
165 157 21
515 65 5
61 545 14
266 60 16
150 364 7
537 521 8
397 585 22
309 550 25
252 615 9
522 132 7
57 624 10
90 510 11
320 455 12
639 247 25
446 218 11
519 196 7
38 18 11
251 470 22
443 636 21
268 269 16
58 378 9
253 506 21
511 465 14
254 455 7
204 279 24
474 576 14
368 406 4
184 627 10
437 188 27
494 81 11
166 160 26
433 590 19
507 641 20
347 675 16
406 104 21
240 377 21
489 162 8
605 73 8
156 438 8
633 89 19
246 108 23
604 91 13
537 618 21
290 502 21
444 433 17
136 180 8
131 641 20
52 74 1
379 580 2
309 133 11
138 472 22
186 615 18
390 63 15
177 133 23
347 334 23
631 629 20
359 104 6
574 457 11
520 655 23
256 528 26
430 82 28
246 147 26
682 351 7
483 337 23
625 165 11
648 22 4
554 245 21
140 473 19
333 156 14
541 415 27
79 372 8
81 620 27
582 537 24
491 293 17
510 459 10
236 101 27
256 404 4
274 578 25
249 372 2
171 403 19
391 148 10
213 139 20
142 67 3
334 151 26
542 564 1
383 631 24
480 532 11
257 64 26
680 438 25
636 604 4
682 620 10
413 425 4
563 634 5
442 443 20
242 496 13
424 320 11
312 220 3
250 611 7
48 497 21
356 374 19
268 200 5
660 188 26
378 507 17
677 533 1
22 537 16
19 543 15
369 271 4
4 86 12
253 573 8
589 311 19
585 463 18
595 672 1
456 395 17
171 401 28
31 51 14
338 5 2
397 576 24
102 337 8
528 295 25
564 169 28
640 449 5
170 562 17
513 69 7
562 428 6
112 237 4
104 418 19
279 246 11
518 357 28
310 209 11
286 52 5
88 513 28
447 82 12
460 148 10
114 547 18
664 601 1
322 574 21
42 560 20
184 405 15
610 45 11
239 12 8
196 160 23
662 47 15
330 384 5
17 571 18
47 162 24
213 470 5
506 503 14
593 149 28
278 579 13
431 643 9
422 339 12
130 92 4
670 380 24
74 664 5
395 535 12
638 65 3
13 336 25
213 236 7
31 219 10
374 270 22
438 138 3
136 41 14
674 649 13
516 438 21
471 338 3
120 44 18
540 556 19
535 284 12
308 19 6
167 452 20
265 420 2
48 286 1
150 54 26
507 2 28
453 22 20
417 550 26
178 603 19
193 536 11
317 119 14
664 510 8
223 460 6
384 512 5
230 534 25
57 83 4
166 340 14
130 397 27
66 78 19
480 18 15
75 62 20
568 470 6
197 669 10
553 431 20
413 424 7
402 506 25
56 179 10
420 397 2
114 194 11
46 130 16
583 676 13
621 206 20
116 492 9
329 453 22
183 13 4
602 408 13
87 174 15
36 664 24
352 233 2
84 375 4
459 378 9
314 359 28
495 288 14
16 315 20
520 169 22
419 443 21
101 577 11
264 219 8
483 260 25
275 295 26
382 296 18
675 111 18
542 472 12
648 138 3
354 261 5
13 199 9
648 563 28
657 460 16
636 342 10
401 615 25
124 314 1
36 43 19
420 237 22
617 400 17
583 611 8
474 177 13
371 501 28
398 497 23
175 205 6
617 139 1
37 336 5
334 611 8
13 429 27
335 243 13
271 201 19
338 647 25
183 146 28
123 350 22
318 300 25
413 472 13
437 19 4
54 523 18
572 294 14
428 621 11
235 230 22
269 251 21
541 185 23
641 222 28
17 450 12
48 629 27
237 407 26
12 89 4
492 522 1
541 68 9
39 682 11
602 475 26
33 465 1
482 480 16
492 235 4
82 5 6
379 545 27
16 130 10
82 494 11
267 503 9
365 471 28
52 548 20
136 125 18
268 180 22
549 60 25
204 508 8
204 339 13
60 593 21
284 472 28
371 465 14
197 529 17
617 627 20
487 1 27
392 9 17
650 580 1
351 425 27
222 376 15
122 195 24
191 457 7
133 13 23
608 94 14
261 255 14
161 663 9
375 314 7
435 428 19
309 531 28
574 82 27
345 203 19
631 404 11
370 212 5
601 509 11
591 3 22
666 359 27
530 575 17
408 180 24
168 312 16
463 108 4
387 91 2
49 437 6
219 379 5
164 234 13
556 269 13
71 602 26
676 618 6
601 492 9
587 589 23
337 84 9
623 568 7
616 239 7
473 163 26
478 376 13
214 178 28
107 577 8
38 391 15
601 509 15
599 16 13
456 423 1
124 254 14
100 469 28
244 281 5
426 140 21
182 44 20
406 373 13
400 674 21
47 388 27
65 601 11
417 54 13
651 627 21
415 229 7
206 394 25
671 311 23
362 346 6
254 641 11
231 211 8
668 644 1
150 622 12
215 198 5
216 617 5
465 241 23
607 66 4
66 614 8
80 509 11
250 136 19
154 633 13
239 571 23
119 631 28
494 374 7
606 583 26
678 238 28
281 642 26
184 641 3
111 168 2
472 588 13
598 500 14
188 101 3
521 233 2
575 573 17
284 512 1
507 421 1
130 403 8
125 418 18
289 18 27
415 181 26
213 186 28
494 446 13
323 486 12
489 85 11
99 376 13
454 233 25
16 441 7
454 272 24
212 237 19
220 253 3
2 407 14
435 483 15
543 26 18
304 646 11
582 277 20
166 394 26
389 514 26
234 232 27
339 278 6
356 524 21
270 2 24
247 264 10
465 176 15
405 323 25
194 466 20
118 579 12
105 13 9
264 63 24
293 139 24
262 63 14
160 108 11
497 88 7
548 634 16
210 669 10
10 621 23
175 501 12
385 191 2
306 252 24
603 219 19
435 622 27
376 188 27
519 95 13
123 636 5
507 98 17
44 625 25
442 398 17
443 120 10
312 434 16
33 597 19
556 555 3
175 200 1
423 60 7
509 23 24
90 481 2
479 321 5
407 422 25
72 594 25
141 597 27
501 56 7
674 175 13
562 589 11
345 432 4
277 227 10
23 358 17
378 552 4
77 39 17
444 604 26
681 180 10
560 612 22
48 262 14
96 215 26
270 619 24
545 279 24
299 678 17
564 227 11
520 626 25
537 332 7
190 70 27
360 229 3
469 498 26
216 240 21
125 516 17
34 572 23
245 510 26
413 564 22
565 312 4
9 652 12
451 555 5
78 556 22
483 580 7
670 425 26
305 101 21
668 317 4
500 618 11
388 342 1
302 215 1
610 142 14
27 267 11
358 420 12
589 252 7
230 204 11
656 660 20
83 303 2
437 353 20
328 102 5
334 35 16
529 142 12
140 263 11
47 7 6
338 366 11
77 284 19
444 476 14
677 354 4
55 498 11
659 46 14
477 389 24
516 625 19
163 629 20
8 30 26
642 379 10
486 554 10
470 98 5
547 525 27
67 208 13
342 297 10
89 484 22
59 296 20
2 151 12
573 472 26
417 279 9
498 180 16
237 106 11
48 97 13
350 216 2
502 431 22
186 314 7
461 125 11
540 586 6
164 404 15
384 141 3
85 22 18
369 194 9
567 266 5
562 636 15
335 556 3
622 615 21
498 63 4
340 579 25
448 542 26
336 82 2
370 243 3
45 565 25
82 243 23
438 673 23
455 551 10
493 523 24
322 104 18
504 604 13
464 48 4
296 176 9
93 51 16
679 591 19
472 374 4
495 349 10
116 317 22
473 344 1
402 160 13
111 358 26
192 626 28
40 604 7
362 346 15
384 478 5
597 262 6
653 564 2
481 245 14
635 129 18
395 51 26
285 593 27
10 51 18
211 659 27
63 586 13
500 113 19
440 457 14
570 454 20
86 67 24
103 639 11
456 494 24
194 507 19
534 318 13
575 633 13
273 292 22
522 457 23
611 534 26
151 263 28
32 485 21
330 663 13
362 384 7
70 351 7
26 416 4
130 470 12
157 199 25
613 512 26
201 401 4
57 283 18
360 552 20
495 664 20
86 119 28
331 75 9
314 20 5
15 432 21
441 107 8
469 193 17
46 303 9
460 542 18
16 254 25
500 263 5
147 495 3
174 557 12
93 217 14
60 307 28
29 89 18
383 471 20
278 170 14
447 371 6
576 625 14
375 53 27
234 505 3
469 131 26
268 478 5
332 80 28
32 240 27
66 180 10
580 597 10
434 116 23
422 227 8
429 462 28
434 230 22
96 347 13
33 563 21
80 127 11
250 120 21
664 112 10
470 109 3
614 177 5
631 545 2
374 376 3
592 227 25
142 223 15
60 599 6
435 259 28
304 246 2
260 277 11
677 266 17
42 72 11
186 334 4
94 459 16
417 84 27
377 630 28
107 400 3
133 259 5
674 54 4
45 632 2
320 34 23
167 18 5
192 99 28
298 70 3
20 352 2
73 187 5
367 41 11
666 538 7
286 158 10
544 359 8
609 512 8
31 514 9
434 162 4
198 597 5
193 586 10
568 5 1
545 493 21
247 322 24
577 393 11
50 426 20
152 30 24
373 481 20
366 443 28
116 458 11
333 204 8
641 543 10
471 587 1
528 234 27
523 540 13
266 427 6
170 394 26
87 424 26
587 245 6
354 566 23
107 620 3
225 617 20
587 88 27
27 438 26
215 675 6
550 475 26
113 294 15
548 166 5
412 670 19
254 467 19
546 6 20
590 103 25
353 94 27
70 356 20
29 537 13
643 194 8
82 441 5
214 222 15
364 627 8
586 328 20
8 245 9
421 181 9
516 68 6
106 494 26
106 506 22
131 441 4
343 656 27
566 290 3
434 142 2
413 422 9
320 312 15
522 90 21
129 309 25
207 238 25
256 139 27
540 518 28
247 145 15
478 251 11
227 174 9
617 51 24
241 38 19
362 109 23
616 643 2
387 201 1
298 143 11
391 539 20
106 267 2
630 629 24
109 302 14
52 335 23
465 148 5
13 111 6
212 682 26
456 334 26
278 316 28
476 367 10
283 114 7
327 460 9
284 675 12
277 309 18
127 369 24
444 251 8
237 131 28
418 535 1
543 258 6
24 663 25
595 400 19
390 145 6
463 284 6
75 164 24
288 337 24
133 201 27
592 332 15
29 69 12
161 451 26
518 429 13
424 658 15
236 587 6
238 485 3
147 221 19
155 66 17
84 642 7
284 212 9
364 73 21
542 143 26
154 341 20
32 291 18
524 431 24
193 360 24
453 149 11
664 374 13
398 47 3
451 170 9
390 646 8
406 389 15
198 99 6
654 570 24
67 667 15
211 95 2
472 620 9
68 80 16
387 203 26
184 549 1
122 571 14
664 135 1
413 58 21
466 656 12
269 420 17
125 496 3
430 576 12
335 278 22
10 393 25
290 7 22
237 46 20
166 92 23
235 66 14
63 172 18
147 325 17
640 469 8
147 400 19
39 397 23
121 161 3
616 235 3
409 173 12
293 173 15
1 524 4
623 89 9
657 415 12
144 11 17
636 569 27
524 214 25
521 650 4
418 176 23
300 22 21
323 226 24
682 99 22
156 138 13
600 203 13
301 584 28
43 661 18
495 456 13
161 134 26
326 266 7
517 320 20
225 559 13
358 56 5
112 315 18
462 583 8
416 593 9
414 571 5
95 392 8
67 93 17
241 242 2
220 480 15
327 504 28
518 92 28
603 307 12
377 608 22
564 176 28
41 285 27
162 112 19
76 561 27
158 84 16
363 206 22
157 96 14
107 198 18
238 530 22
610 465 11
138 635 24
497 244 9
466 512 28
328 555 4
281 402 25
163 387 18
335 147 11
128 306 4
555 61 4
497 455 22
96 168 5
571 210 12
217 450 28
563 282 1
135 185 22
33 187 13
576 173 13
410 517 26
63 422 6
300 250 11
496 125 25
603 658 15
265 496 18
216 458 3
172 157 12
422 635 21
65 8 11
188 592 7
197 164 22
659 408 14
5 196 25
409 136 11
536 506 22
465 133 18
470 121 10
255 374 11
278 232 9
599 662 25
543 387 24
160 69 23
625 622 28
165 174 22
299 634 5
385 139 10
634 541 28
500 483 16
604 506 26
241 290 21
585 672 23
418 166 25
324 208 7
204 149 21
207 380 17
278 380 1
663 274 2
315 177 5
385 657 12
17 570 5
619 557 14
299 378 27
527 302 4
665 273 16
371 64 19
6 133 25
295 201 28
422 506 26
212 343 20
498 427 26
345 108 4
171 234 23
531 161 24
523 260 10
346 503 4
70 207 10
68 116 14
622 613 16
396 86 9
417 196 19
74 489 18
191 648 6
221 515 7
31 84 3
285 417 22
23 493 25
98 182 25
202 538 18
410 134 14
551 324 9
5 662 1
603 618 18
401 487 10
23 310 7
674 104 22
271 32 20
448 223 20
629 80 16
651 555 8
649 560 21
561 185 7
465 15 3
421 96 14
325 625 4
376 138 13
2 471 10
28 280 23
356 175 21
234 666 19
509 557 15
495 513 12
503 276 1
329 97 9
672 396 22
625 565 4
463 10 27
577 638 26
8 245 28
70 536 27
514 550 27
389 534 26
582 163 2
443 662 9
360 575 23
674 456 22
638 577 23
405 379 21
573 252 27
369 179 28
247 456 24
297 577 18
61 72 24
443 42 26
251 529 16
557 629 6
594 183 2
35 358 28
14 226 9
396 451 13
12 230 26
398 408 16
454 481 13
602 303 12
123 581 24
118 261 12
415 353 24
93 657 4
23 252 28
516 326 4
117 133 7
544 461 27
104 315 6
611 682 17
128 505 11
673 327 27
558 570 16
632 238 18
50 206 6
477 616 4
168 295 5
184 61 4
372 459 21
601 334 26
128 208 27
301 73 12
462 613 17
610 44 14
586 466 22
316 525 20
660 538 28
109 364 25
290 630 2
323 278 7
204 156 19
105 99 16
504 267 20
530 34 3
257 590 5
445 302 12
261 518 27
485 673 26
150 504 6
8 388 19
129 188 19
223 133 1
255 581 22
242 426 27
634 660 20
554 488 24
495 191 2
470 163 24
167 657 28
222 568 14
500 245 6
69 361 13
213 641 22
244 209 6
553 104 20
238 241 1
326 101 11
292 21 26
32 360 1
341 368 4
27 471 28
235 183 2
81 280 27
350 289 8
642 326 9
126 331 8
303 505 27
573 269 2
354 53 17
110 464 21
538 577 2
583 362 10
422 469 14
568 537 26
505 518 15
222 169 6
178 214 19
401 391 11
415 654 21
512 325 2
326 193 10
219 65 25
244 90 25
442 297 3
451 590 20
424 87 15
344 525 17
275 242 21
179 421 25
23 242 4
514 606 8
52 280 15
291 58 7
313 548 20
36 92 18
458 283 16
358 64 7
511 318 12
596 407 9
83 638 1
614 454 1
81 374 13
560 443 10
535 288 5
222 478 27
675 383 7
346 544 17
357 46 11
18 3 25
452 315 27
605 627 16
443 25 18
442 299 5
366 482 11
73 208 22
432 364 14
278 278 20
60 138 17
519 536 4
181 550 17
209 206 7
579 328 27
608 143 14
579 534 20
393 134 23
611 312 18
617 373 2
405 586 25
680 410 2
189 314 27
250 499 12
200 413 20
608 555 11
91 354 14
265 473 27
152 155 17
460 287 7
446 624 26
673 504 14
308 37 25
68 296 19
186 624 12
320 446 9
348 133 14
337 410 26
559 156 27
566 422 13
114 596 12
484 660 1
633 421 26
642 8 12
646 109 6
460 63 14
244 293 19
289 132 20
239 241 4
550 382 13
352 154 15
58 406 11
246 344 23
59 349 19
547 679 9
599 615 27
255 306 24
258 360 15
619 228 28
118 486 17
47 255 15
331 219 2
554 3 20
626 277 26
497 163 27
677 10 21
562 393 24
382 473 22
644 99 11
518 389 16
436 71 9
545 135 11
492 212 15
679 267 7
636 474 9
192 441 14
528 164 10
675 544 26
512 434 25
401 354 4
383 550 3
578 394 6
120 647 16
480 219 24
137 176 18
483 126 12
326 173 7
590 165 14
128 38 7
575 557 28
626 497 8
246 458 18
323 673 12
11 91 22
619 631 6
270 232 22
197 325 13
499 36 16
398 338 18
37 206 13
106 670 6
67 453 9
367 269 1
525 254 27
305 174 22
167 656 4
286 585 21
562 81 1
450 359 6
77 39 19
92 483 1
324 119 3
672 52 13
250 393 10
382 192 20
292 72 10
337 385 4
489 526 13
234 249 24
40 391 6
573 1 12
169 265 15
415 447 1
221 601 19
659 18 6
142 42 15
645 641 14
588 603 27
630 57 4
197 185 13
461 664 15
6 613 9
83 531 14
272 609 9
410 213 13
647 166 9
300 2 4
159 209 7
111 540 14
187 666 14
451 100 2
204 407 5
169 516 4
664 383 10
499 303 26
257 306 17
441 130 17
1 278 21
34 292 15
562 254 20
524 499 4
330 608 9
323 528 14
525 340 22
401 638 13
149 53 17
612 487 27
178 625 25
436 262 6
489 180 16
307 556 24
618 479 21
147 103 7
481 159 22
145 109 26
598 140 14
171 388 27
66 109 7
314 184 16
361 202 20
73 236 22
34 470 6
577 666 7
197 577 3
590 515 28
563 341 22
399 29 4
226 279 19
337 246 10
371 91 1
451 334 24
177 486 23
163 576 24
288 243 28
135 68 18
51 588 25
126 184 20
149 221 25
102 51 8
436 313 20
613 177 3
34 561 2
484 9 5
270 432 19
534 212 11
65 204 7
459 65 17
118 481 7
498 401 2
42 595 28
193 248 20
551 446 16
70 677 23
647 547 25
80 420 1
338 90 26
220 308 6
177 68 16
231 204 28
8 128 23
547 602 20
646 178 23
305 372 27
651 163 21
547 675 15
134 105 5
254 494 18
531 154 25
162 451 13
508 70 11
511 637 16
536 279 15
411 287 20
598 420 5
501 575 27
264 441 12
173 169 1
471 255 21
314 17 27
549 145 25
623 249 18
527 382 10
296 226 13
624 277 18
265 635 1
140 132 11
65 661 18
317 569 23
69 79 27
465 474 11
654 313 5
625 413 28
242 455 2
680 116 18
311 504 7
76 593 8
250 141 28
370 342 7
12 131 6
511 238 25
231 371 25
423 26 7
347 660 6
65 662 20
16 103 8
57 626 9
360 201 22
611 516 20
80 404 8
303 508 22
559 259 19
390 304 6
344 325 23
191 420 24
659 264 11
381 424 10
401 431 24
532 150 5
184 604 16
466 274 14
457 260 11
203 111 2
62 376 6
481 141 18
651 659 21
80 371 25
48 538 12
274 128 16
149 310 25
210 615 27
49 364 16
179 621 14
588 62 9
246 258 22
540 437 24
591 158 9
680 56 7
407 540 20
271 458 7
606 432 9
479 71 4
493 174 4
538 232 13
38 538 6
499 596 23
350 48 12
278 668 23
415 144 22
271 424 5
94 93 28
76 47 9
160 510 24
318 531 11
84 359 12
305 308 17
532 630 27
358 191 25
521 346 19
146 252 24
76 379 7
463 502 10
302 556 18
359 128 25
647 543 25
475 117 14
466 648 16
444 69 6
635 7 11
428 230 4
319 646 14
205 586 2
317 560 25
9 417 9
220 542 12
248 410 4
419 160 28
203 6 5
136 497 14
268 152 19
331 12 7
142 551 2
343 567 14
58 155 23
399 414 25
462 198 12
512 564 1
588 317 7
106 71 2
545 614 21
315 344 27
371 269 25
649 306 25
620 184 23
409 336 13
1 563 13
437 223 2
644 304 28
605 82 7
327 189 22
631 533 19
496 532 14
267 57 5
613 606 25
445 61 22
472 654 23
246 423 26
161 427 3
348 447 4
470 379 15
661 357 9
418 355 14
522 348 18
41 608 4
505 481 15
382 278 24
321 642 15
477 578 18
189 91 2
110 283 11
486 454 1
432 662 23
654 423 3
357 490 24
426 587 23
531 629 4
190 18 11
136 402 2
60 346 20
447 380 27
477 554 19
168 605 3
514 63 26
15 102 3
118 439 10
237 596 12
5 430 20
447 225 7
84 64 13
293 60 18
17 360 11
58 613 19
368 164 28
334 290 2
428 397 15
430 406 18
605 311 25
680 608 2
364 139 27
499 153 10
42 427 2
681 114 2
331 677 5
474 208 16
51 314 23
386 599 10
491 550 13
78 577 25
377 370 14
472 441 12
382 431 2
465 557 1
359 274 14
564 378 3
434 168 11
494 487 27
37 172 23
23 679 7
512 216 3
197 543 26
302 531 13
437 123 8
142 356 26
161 304 25
566 499 14
367 432 14
667 648 16
140 119 8
149 555 3
568 438 28
494 201 25
673 48 15
57 650 19
431 412 2
636 649 2
378 217 16
324 409 11
621 59 11
399 67 6
107 523 27
170 560 19
240 531 9
528 23 26
282 642 20
315 526 6
627 100 8
197 152 6
603 1 16
228 499 1
85 381 9
21 79 4
21 29 2
269 420 17
73 304 2
123 185 26
223 382 1
568 206 16
445 226 26
38 578 26
437 127 9
459 485 11
339 280 10
498 80 7
323 340 10
222 200 26
234 195 9
237 160 22
19 257 19
681 369 13
167 50 17
667 2 24
556 113 23
255 144 7
417 383 17
443 664 4
209 645 12
299 587 27
180 436 9
116 114 9
279 536 17
195 641 7
515 406 15
234 41 4
11 152 20
331 543 28
575 341 23
486 507 2
502 174 5
307 446 4
101 270 15
171 87 1
440 653 20
229 1 6
641 322 5
157 212 19
33 298 4
203 237 5
155 229 21
8 16 8
304 128 22
47 513 6
129 124 26
299 388 14
52 293 26
347 341 9
641 467 15
546 95 17
333 281 7
357 460 14
395 470 7
261 677 1
583 2 27
318 460 28
91 269 24
666 505 9
417 102 22
301 67 13
23 207 2
87 553 1
376 80 7
199 507 9
361 419 26
215 112 15
216 450 9
499 677 3
5 567 5
521 489 12
441 475 12
361 185 2
203 79 10
549 150 15
272 400 24
557 622 15
646 42 2
490 448 2
134 376 16
120 255 13
277 285 4
441 629 22
