433 6040 126 324
104782 521079 826054 907840 207696 261986 49172 427571 174434 947984 511432 338854 744017 138353 956061 314530 560625 154936 832949 784430 672023 113360 371665 706044 510584 518666 802738 688788 369549 299166 524275 800070 44069 908556 128615 585513 85873 196808 415512 727148 764028 774534 965964 805345 57592 271576 900110 248849 985739 65995 522935 315522 459697 673439 673903 268516 271346 838776 196711 204136 460815 118697 720184 278596 592297 522680 400722 133173 133522 578784 529106 519647 405140 81443 541372 655021 382881 554907 355539 232362 816978 221988 672783 443413 87286 854800 709750 719712 701501 734292 889788 324556 965381 698002 225939 6681 594813 641591 169318 15773 856125 236574 102663 1557 582665 174329 797188 172135 712553 352920 344636 394187 707163 516608 120160 916727 781036 396695 778016 614790 635558 515821 50635 39967 638547 687384 516648 566393 389774 425904 232348 269884 984714 324969 662087 701027 989600 38562 992343 869692 190631 848138 790535 524340 788680 55550 594283 472746 221916 400737 179901 5126 380923 330998 619170 370385 746146 153846 307469 147715 878878 122001 891758 151902 245482 884620 968381 791892 221257 308919 53760 648217 96577 389193 550555 561080 733852 399602 40611 100460 4844 993746 982177 384273 676599 102338 788383 646446 86046 245259 357393 280272 909291 777955 895250 463055 746954 570242 417416 842551 929621 917738 201967 153846 261128 648588 619785 924377 260302 256406 874860 728070 697956 401369 832786 738163 92927 131463 122643 674459 672300 247754 560139 756201 323662 134158 172677 725788 766840 232430 375333 284319 928168 521187 174406 294621 322918 283703 344154 993813 122738 410852 959317 799808 967265 750757 654334 538232 546661 409556 482121 557184 590962 8114 239993 389822 346468 896131 893842 367824 719897 578451 864314 893579 702453 956309 960481 277320 579541 661869 926251 538991 417707 928443 129917 79561 130733 585657 992203 564379 746939 767575 82082 557181 176780 561330 338398 178200 330220 745126 828837 507715 505417 943622 759583 288575 417050 256553 352300 234826 65274 76041 974064 577524 82813 942549 97531 392661 39534 388182 974404 608786 60886 360600 183614 901736 754360 110929 690229 98486 351662 121011 59593 187094 255274 828882 625835 996862 69103 46658 373622 544117 894879 970846 783863 330215 230285 806905 932442 873037 156245 370308 557195 78266 147449 512718 496662 206899 551035 693998 161424 38866 177478 24383 361661 690469 654917 26886 763036 96569 431513 784183 193612 150519 574354 970017 458546 406743 394935 121666 152725 746393 706388 134074 88706 122413 821486 712369 65206 860742 492338 965267 546058 922639 68452 695781 390103 481779 727188 47639 875061 825100 891914 302546 675030 522219 649727 617698 934093 576794 554440 354912 901595 210943 613875 778319 112336 612613 174449 162739 533937 771152 900911 971742 43656 800095 636992 102182 470425 977686 426447 92807 108621 882586 450081 159232 473616 388339 742769 803415 632820 450493 159809
259 143 15
194 177 8
340 262 1
71 87 16
390 3 24
332 213 7
206 241 3
369 38 22
157 21 23
4 192 21
115 259 20
264 374 5
306 119 12
87 10 10
204 21 19
51 333 5
41 299 25
382 176 20
400 322 23
350 20 13
85 380 12
39 133 9
296 266 24
262 134 13
108 370 17
133 128 12
88 197 23
154 16 7
250 196 15
162 249 13
136 119 17
127 49 25
330 163 3
124 315 13
223 172 16
42 132 5
73 189 22
375 125 4
203 240 2
304 260 5
24 144 11
17 410 21
304 30 14
117 126 13
276 154 7
331 366 16
175 130 15
89 256 21
71 202 11
216 1 21
325 378 8
234 67 8
355 430 17
295 296 22
324 172 21
44 102 4
292 231 8
342 86 3
81 238 3
292 74 21
301 412 3
411 31 14
405 431 18
122 412 3
381 32 9
355 311 11
286 342 13
59 41 11
167 71 23
263 270 4
148 116 19
107 277 18
165 238 2
342 333 25
15 368 25
247 324 1
382 341 18
37 320 4
85 40 23
61 78 1
303 307 14
131 401 5
190 262 10
323 338 19
309 121 13
274 111 9
162 29 2
165 142 10
293 226 2
161 27 10
95 296 16
375 243 9
91 31 2
129 204 6
327 51 24
292 312 24
115 181 13
143 32 21
188 396 9
88 374 14
21 240 19
293 35 8
296 426 9
415 399 25
342 138 13
58 168 15
273 258 10
128 122 4
305 196 18
258 7 10
235 181 11
220 119 6
40 138 23
368 396 18
293 4 12
73 381 1
242 250 24
253 115 4
407 149 21
216 235 17
384 123 7
429 63 4
114 143 22
294 413 17
29 219 9
171 255 13
38 275 23
46 16 24
197 351 4
432 28 24
65 21 1
229 420 16
111 301 21
381 73 15
328 386 4
373 82 22
31 342 17
131 433 15
401 214 11
357 58 22
174 219 6
120 324 11
86 249 3
57 396 6
330 383 17
363 187 15
201 306 24
350 192 12
41 258 5
303 209 23
1 350 20
98 19 13
172 22 10
53 84 11
122 353 24
126 231 9
153 192 19
294 240 1
26 413 24
372 194 24
310 51 17
160 189 2
124 313 24
405 360 8
151 381 10
251 71 1
270 390 2
271 388 17
221 226 7
125 51 6
162 366 17
396 103 13
165 242 12
183 161 12
74 35 23
278 328 4
71 167 7
318 71 6
333 173 19
362 299 4
46 47 17
24 4 21
315 242 19
425 11 14
54 328 14
264 224 24
400 137 2
389 37 18
361 92 15
14 140 7
327 315 13
89 384 21
12 365 7
365 30 16
57 362 20
24 332 4
221 284 8
288 131 15
22 292 1
318 169 25
270 96 1
336 112 14
316 47 16
11 86 25
293 201 19
51 200 17
351 187 5
307 82 8
272 328 2
433 243 1
206 32 6
61 277 22
36 365 22
374 291 9
274 72 22
129 131 1
68 40 16
331 377 22
212 2 15
15 73 24
89 206 8
65 7 5
175 310 7
185 421 11
139 51 9
336 218 25
254 190 13
291 410 22
283 63 19
430 105 21
385 372 24
366 363 5
339 19 13
145 49 12
79 80 4
368 259 1
233 269 7
68 341 21
261 122 18
165 209 11
263 65 11
273 70 12
37 392 14
117 19 24
424 73 1
57 243 12
302 395 17
387 111 1
369 168 18
14 147 1
235 228 9
315 174 21
222 232 3
142 23 11
136 198 1
191 420 3
295 139 14
64 420 15
345 146 20
295 62 21
361 151 13
310 157 18
134 106 21
64 191 2
166 209 25
355 227 23
99 122 13
404 247 22
48 31 13
38 78 24
194 1 9
19 300 5
369 388 21
418 128 25
1 85 10
240 242 9
307 248 6
350 259 11
139 196 1
339 427 19
260 65 4
75 135 17
47 427 15
103 310 21
344 100 1
319 293 8
56 411 13
251 29 25
182 40 11
360 248 17
42 65 18
275 16 7
417 209 6
187 203 7
15 152 13
195 183 14
300 243 2
159 370 4
188 332 23
176 224 20
119 343 5
361 406 11
140 237 18
257 164 21
168 255 5
256 256 4
222 283 21
55 47 3
407 102 8
105 135 3
92 227 2
80 323 10
265 235 21
173 333 13
362 171 1
200 411 12
156 218 6
108 120 10
326 357 16
268 65 9
390 203 18
251 114 18
151 218 7
85 31 2
38 174 23
422 340 2
217 316 19
286 219 2
212 405 23
300 180 16
359 252 14
107 4 21
381 357 24
285 124 15
86 363 24
283 299 16
183 414 24
288 205 6
237 337 1
38 92 13
206 51 1
345 307 14
242 107 8
9 292 2
181 170 22
301 263 16
433 69 6
364 96 19
245 12 16
84 264 15
269 177 17
381 275 3
352 14 14
94 270 12
118 168 20
422 137 4
91 195 1
108 296 4
269 297 15
43 255 13
409 420 1
147 31 21
145 311 1
402 56 1
222 292 8
323 272 24
237 128 16
425 404 16
126 119 23
116 433 17
343 404 17
231 35 17
287 378 14
22 7 6
204 230 4
103 378 10
236 126 13
222 48 7
178 381 16
116 41 24
132 364 15
214 341 12
183 373 19
386 296 13
167 321 17
1 46 22
136 154 3
302 143 4
108 49 9
143 170 6
253 130 19
244 395 18
40 253 1
162 422 2
46 419 5
352 219 8
425 65 19
207 36 9
388 91 23
433 59 20
52 350 23
216 305 12
185 386 15
16 412 22
433 371 18
40 73 22
388 39 9
162 262 21
281 60 11
38 340 23
18 366 8
105 209 6
325 65 20
11 410 10
318 146 13
133 196 2
384 226 25
158 106 16
264 233 1
262 222 14
346 21 2
407 327 19
310 241 18
291 131 2
375 317 14
20 145 5
309 330 18
376 3 1
187 55 10
378 186 7
432 139 18
370 8 2
47 295 19
421 19 14
220 389 20
406 204 10
25 224 24
146 77 13
188 360 17
52 303 9
137 342 24
356 387 6
124 318 20
415 196 18
199 368 9
380 235 25
177 245 15
78 87 21
348 299 13
322 158 9
367 261 12
185 281 6
135 231 5
59 371 11
175 123 13
98 387 2
192 335 3
240 276 1
142 51 16
151 165 1
325 14 13
215 241 4
159 190 13
146 415 23
14 333 23
349 295 17
384 76 7
394 42 25
120 74 25
139 147 15
387 99 3
385 44 12
149 84 18
420 297 18
377 336 10
48 340 21
80 93 4
228 21 21
177 404 6
360 266 13
296 220 3
304 75 17
349 6 24
216 71 4
39 6 8
93 294 16
193 239 11
333 23 16
146 327 4
265 327 6
122 14 19
229 320 10
307 399 22
66 314 1
135 386 13
415 291 24
145 426 19
345 386 25
179 90 21
306 39 17
192 346 6
200 159 11
25 368 16
185 170 2
311 386 12
324 107 8
84 417 5
96 142 11
399 327 4
25 34 21
187 413 9
73 156 13
223 383 15
323 427 5
91 241 17
299 21 3
303 356 4
244 281 16
149 24 21
222 66 19
338 340 12
277 351 23
300 214 4
333 413 21
339 106 12
427 403 1
357 300 25
7 159 12
407 158 14
220 148 4
82 193 11
340 149 9
305 323 25
387 330 2
47 243 5
254 160 9
36 91 8
189 54 12
48 273 19
66 337 5
148 54 5
384 198 12
356 133 4
86 211 2
30 178 24
11 224 7
16 401 9
127 237 13
209 185 4
357 319 9
195 196 11
101 327 6
433 299 3
337 21 20
274 81 3
45 115 8
175 282 22
293 226 16
36 117 22
167 28 17
347 116 21
327 409 7
20 134 19
426 247 3
353 216 23
109 296 6
64 173 16
124 10 17
67 309 22
350 15 20
272 378 12
403 331 25
331 275 6
363 89 11
250 62 9
217 241 14
59 243 19
260 104 11
180 342 4
207 179 14
433 1 5
120 274 17
22 273 10
263 166 20
116 381 5
195 286 12
110 321 12
266 46 15
58 215 8
419 430 25
167 25 21
376 223 7
207 17 18
108 268 22
379 175 15
78 113 14
80 139 2
391 373 2
10 333 22
129 275 8
145 94 22
395 40 11
368 218 9
369 124 9
407 305 19
427 242 14
83 342 17
394 264 7
321 29 19
287 168 6
131 140 14
350 350 25
107 316 5
352 190 25
274 235 4
158 329 7
94 321 17
44 291 13
310 284 17
52 238 14
89 302 1
217 149 2
299 134 2
63 93 1
257 326 4
280 219 24
77 303 2
238 368 10
192 245 24
149 344 7
241 72 24
136 311 17
265 106 20
95 286 7
301 417 15
126 30 12
42 337 17
315 108 10
21 337 1
370 233 17
10 258 4
140 426 20
77 127 2
294 118 4
396 408 12
137 206 24
317 203 1
82 332 2
185 4 25
203 236 6
132 80 4
409 27 5
362 179 9
335 78 21
224 429 3
110 334 17
61 345 4
190 395 9
183 231 25
383 210 16
89 103 6
416 45 18
199 168 22
133 180 20
153 157 6
225 61 18
390 56 12
324 13 12
337 289 18
73 429 11
401 84 2
230 316 12
337 297 2
256 241 20
227 363 2
345 71 10
127 354 7
206 402 5
326 77 21
425 185 13
245 323 14
113 258 8
18 52 17
24 85 11
367 94 23
315 410 13
334 388 12
372 167 19
343 17 12
357 172 12
232 129 1
408 252 8
424 426 21
174 109 5
167 247 5
367 199 21
355 41 9
304 115 23
208 56 8
395 339 12
416 14 16
87 105 1
414 281 1
99 36 3
387 308 17
249 412 25
91 72 1
258 232 2
80 350 22
371 115 25
209 346 7
314 407 25
3 412 23
377 419 3
433 174 4
154 377 1
53 65 15
387 369 5
77 268 24
137 214 12
314 43 1
198 366 18
153 74 8
414 266 10
355 424 16
308 358 15
214 333 21
232 11 10
90 15 13
342 184 25
161 331 19
379 411 19
85 335 18
149 213 25
379 230 3
382 330 15
345 193 3
225 373 10
196 49 13
186 19 3
64 382 16
4 126 15
62 92 22
414 255 9
239 347 12
323 231 22
403 150 24
427 395 22
155 191 18
384 98 16
271 396 4
364 37 21
319 203 10
269 294 20
194 52 9
367 133 24
84 87 15
206 117 3
218 152 13
316 249 5
146 66 16
7 367 23
330 101 17
90 178 11
243 55 5
3 1 11
132 156 18
355 429 10
77 171 2
78 241 2
310 400 4
267 62 18
105 185 8
159 44 3
345 384 25
271 325 7
39 325 10
234 306 15
296 171 13
166 327 20
333 93 25
260 146 7
295 310 15
397 211 2
154 297 10
2 321 4
207 115 2
51 357 22
211 120 3
99 93 3
358 212 7
130 11 3
342 303 25
342 155 19
15 128 8
30 127 17
335 277 5
168 295 3
275 212 22
173 296 6
136 218 4
210 24 2
284 203 21
375 160 25
394 378 20
267 260 20
315 243 7
114 230 18
156 288 14
178 258 20
171 250 16
433 25 13
90 233 18
242 226 17
178 352 21
5 68 18
222 252 5
236 184 16
60 11 22
191 317 12
49 309 3
425 131 24
41 237 4
398 314 6
280 266 24
356 417 25
337 8 19
153 255 22
9 309 9
353 108 19
77 121 12
376 54 16
49 94 7
285 107 16
56 134 25
254 332 4
234 86 14
343 370 9
204 265 2
383 382 11
366 176 19
316 166 18
344 101 10
156 411 5
337 425 22
115 193 17
252 62 12
174 30 6
5 261 24
378 39 11
116 80 8
134 250 2
67 415 21
169 156 5
201 155 23
82 178 7
304 319 19
87 18 9
285 193 15
418 77 2
336 240 13
328 243 4
307 142 6
107 351 19
74 137 10
101 41 19
205 192 2
383 178 7
53 203 7
257 380 14
270 170 11
124 286 20
177 302 13
135 1 14
86 320 1
413 208 13
215 101 9
118 145 19
116 174 10
21 105 9
400 181 16
302 44 15
158 266 16
373 142 14
395 181 13
208 246 15
138 175 18
38 190 5
97 239 9
118 113 25
348 258 6
113 218 3
309 110 4
135 289 9
243 125 21
359 45 25
198 332 16
213 132 7
251 265 17
26 86 19
146 23 20
45 384 13
148 262 24
27 373 14
302 25 15
13 383 19
407 91 22
65 179 13
335 331 20
284 129 12
139 140 20
264 269 8
392 306 4
35 306 14
343 52 5
390 333 16
247 53 23
232 356 13
379 427 10
67 136 22
203 430 8
89 391 14
307 386 6
243 66 8
350 304 24
238 336 4
232 94 24
354 126 10
297 44 24
339 73 6
4 151 16
399 16 6
422 35 24
233 365 14
326 181 4
166 424 16
345 259 7
43 279 3
12 20 18
133 432 3
337 370 1
238 226 9
153 37 17
3 79 25
10 66 21
63 109 5
150 350 14
379 200 7
160 391 2
93 224 5
26 216 24
199 237 25
167 410 23
88 83 4
256 82 21
305 300 2
90 285 13
421 274 4
330 179 2
103 6 12
343 192 11
66 357 8
139 141 25
379 130 10
318 155 24
297 114 14
108 327 13
416 418 11
299 413 6
199 5 5
271 189 4
415 203 13
255 1 7
315 30 17
217 67 3
143 375 18
72 10 14
424 15 23
290 90 1
208 162 19
221 191 23
175 42 6
137 135 22
91 387 24
69 108 6
76 362 17
359 341 15
323 166 20
224 190 18
310 89 4
19 220 18
364 5 18
282 394 6
129 184 25
189 386 9
84 100 5
43 191 24
393 18 21
203 240 17
269 119 12
364 172 9
190 359 21
244 260 8
9 250 18
372 31 11
362 67 19
425 187 1
228 371 14
113 212 2
120 134 21
8 137 18
291 332 22
17 265 12
147 370 13
150 76 17
367 406 14
396 64 11
264 89 11
121 302 11
327 367 22
409 418 20
157 137 9
218 431 14
317 80 15
2 343 8
294 62 24
394 161 1
109 277 19
324 234 18
369 305 15
88 231 20
63 371 24
339 29 25
229 36 3
429 92 13
253 402 17
138 408 13
31 111 12
78 89 14
252 340 8
256 187 13
180 144 22
223 286 25
348 119 13
335 243 12
330 199 15
341 114 23
79 309 21
114 98 17
299 176 24
313 346 18
137 70 15
230 166 7
106 239 8
352 107 6
45 431 3
127 214 9
52 69 11
180 343 14
428 352 22
239 337 25
126 367 17
295 278 6
8 146 7
36 151 16
22 42 2
117 301 11
114 310 3
64 432 17
158 113 23
400 320 1
292 81 9
271 49 20
210 249 25
317 130 18
245 190 24
69 287 19
131 364 11
30 338 22
5 106 20
384 400 18
54 116 19
188 342 14
411 25 8
420 247 8
173 10 2
381 302 18
230 248 25
176 77 25
184 363 6
152 167 25
70 84 24
36 39 19
120 103 2
178 363 20
4 277 21
125 58 6
360 138 20
40 339 11
316 201 20
29 191 12
45 88 15
271 433 1
413 271 23
269 78 22
49 31 19
173 306 19
144 366 22
176 418 17
304 88 4
70 282 8
120 334 17
258 208 8
409 128 20
390 339 20
142 137 23
98 359 14
155 384 3
52 309 9
170 416 22
412 209 17
332 28 17
49 35 19
80 46 23
384 389 10
157 75 20
129 432 21
124 49 11
101 197 1
274 351 3
237 261 13
377 142 23
278 13 2
426 97 2
26 24 14
346 119 20
308 386 13
321 100 9
181 138 16
16 220 1
426 293 13
80 320 9
106 55 13
410 147 12
149 278 8
231 162 14
395 340 21
365 98 14
120 126 5
194 92 3
171 284 23
422 18 22
229 183 15
199 404 25
21 237 9
53 81 20
298 137 5
431 247 10
3 177 4
32 367 16
169 72 2
7 10 2
127 200 3
147 337 18
408 380 3
410 292 9
117 356 7
353 133 19
176 379 24
141 126 10
345 170 1
73 224 21
371 215 2
105 363 24
205 270 20
101 46 17
345 117 20
93 322 22
352 409 14
217 416 17
351 231 9
335 127 12
177 321 10
203 323 18
396 173 1
401 264 6
415 137 18
38 246 12
330 284 6
369 176 21
298 332 4
161 260 11
292 83 16
301 213 5
24 76 7
409 124 8
17 68 21
188 183 18
132 110 25
356 47 22
361 10 19
125 381 9
127 111 19
351 35 23
181 291 21
299 15 8
388 188 3
318 52 20
287 429 12
375 383 25
137 368 22
24 326 11
327 46 7
130 21 2
16 279 14
325 415 12
166 10 9
174 206 22
192 200 23
31 220 5
67 388 3
427 90 3
154 176 20
297 394 12
149 44 10
208 352 7
126 310 8
220 266 24
297 219 6
332 366 12
259 230 22
112 225 4
358 100 2
382 104 9
381 13 5
365 169 22
51 419 1
87 277 4
286 427 5
138 161 9
160 328 18
364 400 14
135 304 23
56 429 10
360 404 8
205 276 14
294 67 25
345 23 21
204 12 3
72 188 1
352 390 16
180 53 8
183 244 4
230 216 18
76 11 21
132 15 6
97 76 14
110 421 9
190 98 15
417 299 8
190 229 16
428 125 25
367 90 22
128 104 22
189 245 17
102 342 24
166 384 10
397 180 17
377 130 4
389 141 4
323 193 8
136 178 12
387 80 4
202 29 17
147 94 19
197 228 9
163 264 2
91 390 2
209 86 9
189 61 23
427 7 9
177 1 2
183 332 12
338 215 2
179 52 25
227 387 7
228 4 6
108 17 5
159 333 5
376 135 19
20 16 10
315 384 22
358 398 18
156 272 18
104 199 8
108 53 16
265 151 24
267 376 6
340 76 21
204 29 19
267 178 2
313 186 1
272 165 1
423 151 15
89 296 9
215 205 11
304 215 13
168 317 10
424 148 11
334 312 6
3 108 19
303 302 25
4 233 10
9 38 1
216 91 3
364 20 7
392 59 11
53 113 5
340 28 25
249 328 4
60 257 23
110 368 8
419 265 23
244 46 9
141 276 6
89 131 9
173 426 10
327 317 14
329 386 6
242 71 17
231 334 8
257 17 10
357 97 24
184 245 22
42 272 13
320 397 16
328 334 11
67 274 25
13 312 12
248 216 19
409 363 22
83 160 10
226 319 8
343 198 5
171 100 18
321 75 7
111 386 25
155 269 5
150 246 16
373 98 8
78 328 17
119 120 3
150 201 2
25 376 11
87 114 18
139 55 23
317 271 13
183 140 9
182 167 2
400 302 15
205 84 11
15 370 2
18 56 3
157 64 2
369 368 16
71 202 22
64 226 25
171 167 11
425 154 3
219 232 8
320 243 1
97 334 2
244 269 20
125 72 13
175 293 21
50 270 21
391 331 15
359 302 4
47 8 25
349 340 22
388 27 11
350 171 21
352 239 21
340 341 7
20 79 7
145 303 18
73 22 12
235 231 15
203 91 3
419 112 13
252 82 13
167 168 18
287 424 15
104 210 17
364 44 21
336 373 6
296 242 4
202 275 25
154 37 9
107 10 5
85 295 19
306 86 14
347 78 18
6 45 16
231 176 10
180 362 4
420 86 1
316 119 7
335 35 18
332 123 10
172 49 6
133 365 5
321 299 16
3 58 18
218 211 5
242 77 25
335 330 25
115 183 24
260 105 9
280 64 13
64 122 2
364 213 7
407 29 25
161 160 6
371 23 22
24 147 5
200 290 9
190 388 6
71 19 16
99 159 17
162 419 16
249 388 15
56 220 5
370 315 5
94 76 20
291 187 4
137 237 25
356 135 1
197 64 5
109 302 3
185 418 16
126 312 1
406 258 8
352 60 5
91 271 22
293 11 8
317 193 2
336 173 23
4 21 3
46 380 1
418 114 19
302 232 2
396 233 11
308 170 18
418 56 9
314 167 7
90 220 25
272 340 13
126 221 13
76 272 9
358 198 12
44 331 5
245 43 17
179 321 11
170 250 8
134 21 5
254 414 16
406 163 8
178 97 8
109 368 16
319 253 4
170 271 23
242 156 13
139 422 24
61 251 12
29 45 5
402 339 1
276 73 3
213 23 14
315 423 21
154 372 11
186 275 7
125 390 25
19 429 15
224 226 11
15 338 1
382 290 1
96 270 1
135 421 4
146 139 4
338 160 11
183 14 17
80 296 1
422 73 22
122 336 1
273 408 15
240 146 23
374 187 10
383 431 3
363 407 24
407 252 1
390 260 24
4 111 12
84 45 15
298 143 17
341 53 19
410 245 4
429 296 18
391 352 19
340 35 21
15 422 23
37 271 13
391 364 14
279 239 4
209 133 12
279 118 12
8 362 3
266 315 25
230 292 24
66 398 14
138 423 16
208 295 9
165 83 17
37 329 2
145 43 14
174 270 19
54 232 17
327 202 5
355 305 14
421 73 15
116 316 4
130 282 21
367 187 14
65 13 21
376 96 2
282 236 10
369 4 9
29 224 19
185 160 3
56 300 15
180 46 16
303 268 13
430 277 1
309 403 11
357 368 21
271 161 7
74 351 8
263 31 25
45 28 5
194 127 2
338 98 8
43 313 13
327 314 18
421 113 13
329 228 5
206 277 15
26 324 12
331 299 3
329 63 4
152 70 18
384 260 19
370 31 2
327 275 13
217 32 22
31 158 8
33 415 3
381 134 16
116 134 11
288 257 1
106 146 17
4 75 18
114 279 10
151 357 4
331 161 18
426 35 16
139 392 7
267 132 5
114 309 11
93 16 5
8 173 15
402 185 3
84 36 11
281 205 11
189 195 11
154 56 7
160 63 3
74 429 1
156 361 7
60 407 7
311 201 22
364 205 2
334 235 19
272 93 23
89 36 7
368 338 16
358 367 24
259 73 19
104 38 8
375 389 18
236 199 6
286 131 10
39 231 14
114 52 9
48 44 19
43 223 21
390 92 14
373 429 4
319 261 8
229 275 4
177 20 11
396 367 22
152 101 25
93 383 16
128 406 9
433 112 4
187 102 11
367 419 13
49 320 12
198 43 3
292 200 5
427 431 25
245 204 4
213 193 24
349 376 25
89 375 19
352 66 10
113 56 5
190 137 1
7 390 23
29 404 7
5 323 23
394 344 6
72 335 19
126 68 22
330 68 9
187 205 23
225 350 11
50 423 12
245 23 11
78 267 19
364 322 25
191 312 7
126 194 25
80 321 15
175 230 8
177 24 6
337 310 25
247 11 12
202 412 14
61 281 21
30 64 1
244 279 12
280 380 16
368 119 11
85 156 16
230 100 6
363 52 15
23 214 3
255 10 20
247 382 13
289 179 19
219 172 14
341 44 20
8 392 7
430 57 2
39 330 1
425 27 21
250 236 18
381 264 10
141 365 13
312 244 18
54 159 21
32 199 14
128 301 15
130 8 23
247 162 7
421 372 22
215 210 23
229 339 21
297 63 11
229 126 21
77 403 15
199 105 3
52 403 16
105 421 12
204 328 15
228 314 22
275 74 6
183 132 9
90 110 17
191 341 10
353 224 24
247 222 22
169 190 8
117 209 7
261 70 11
351 399 24
425 354 16
53 299 8
282 415 18
188 299 16
178 333 19
418 142 22
387 414 8
96 108 14
101 20 6
158 31 3
207 373 20
90 190 6
50 86 18
126 125 7
95 184 7
295 65 13
132 241 3
203 14 22
48 190 6
161 190 3
159 122 10
230 432 2
194 290 3
80 313 21
347 70 16
330 106 23
388 420 21
322 199 25
126 262 3
158 126 23
79 95 22
412 319 16
347 322 15
61 277 5
256 261 23
391 316 6
230 155 10
305 196 9
216 158 3
105 43 5
424 146 17
171 166 19
182 255 18
68 80 25
11 273 23
12 53 25
399 33 5
17 188 15
76 204 21
265 194 15
356 32 20
27 41 22
414 7 10
319 13 20
207 298 10
30 135 21
285 123 1
10 263 12
245 290 5
36 171 6
104 271 1
57 397 8
74 412 5
48 123 14
186 192 18
234 223 10
260 170 23
308 246 12
249 92 22
25 299 23
219 196 10
65 124 13
165 117 17
98 400 4
115 106 21
347 68 12
124 78 23
84 373 12
223 313 5
423 357 8
250 95 18
256 380 15
341 184 12
44 362 6
199 380 10
100 222 12
53 90 4
268 239 20
183 3 14
423 357 21
391 274 22
264 63 18
84 402 6
264 306 11
286 41 20
88 395 11
328 263 7
32 142 19
297 19 22
267 85 18
210 402 13
175 253 18
276 406 9
193 186 21
359 12 12
292 77 23
381 413 18
427 165 10
279 389 17
361 275 14
221 166 20
371 194 6
217 327 14
155 276 8
238 167 10
411 225 25
164 209 11
120 272 14
352 147 11
172 118 6
356 310 18
69 27 10
104 92 20
281 345 18
81 246 2
243 134 24
426 5 18
399 202 20
45 382 21
334 256 9
378 405 9
33 328 5
17 237 14
265 371 17
426 36 13
209 245 16
382 385 2
88 166 14
390 158 24
171 214 2
152 74 8
121 237 12
47 266 3
240 372 20
112 204 25
217 305 6
338 148 22
422 335 11
226 412 11
111 289 8
31 395 22
95 413 8
255 183 7
218 185 20
177 261 4
328 133 24
417 242 1
277 339 15
197 361 10
127 126 11
342 161 6
222 353 16
93 89 14
130 113 25
242 272 13
4 257 11
67 343 18
157 128 19
14 119 7
208 199 2
5 94 25
220 66 12
230 204 22
26 324 21
414 33 11
271 365 20
48 284 19
177 409 22
309 190 6
377 147 11
246 69 9
228 85 11
311 84 11
10 315 2
340 367 23
240 85 4
83 290 13
1 312 4
366 198 4
269 289 19
33 284 16
397 356 24
3 53 20
105 238 16
362 154 13
414 286 20
267 344 1
426 207 13
407 308 20
56 181 25
364 276 12
385 371 15
241 154 17
317 213 24
300 147 13
352 423 7
269 12 22
172 163 20
334 252 21
384 81 23
320 87 25
177 224 24
215 409 21
218 308 7
116 250 8
50 220 18
283 344 2
161 336 10
356 65 12
59 237 24
229 107 15
381 204 6
102 5 9
172 292 23
353 233 7
184 120 12
391 336 11
211 243 19
254 382 20
238 238 13
81 314 16
84 6 18
289 156 12
363 427 6
357 167 18
20 347 10
365 248 1
85 430 3
413 169 3
86 150 10
148 341 2
229 319 24
45 324 12
396 241 10
111 220 3
242 227 19
16 375 23
30 410 19
267 423 11
335 120 5
253 86 15
403 147 9
225 344 22
266 296 5
163 98 25
406 8 11
412 162 19
237 128 7
354 355 5
9 173 21
37 213 15
298 99 6
204 117 5
403 375 19
253 84 8
212 387 4
259 362 17
382 286 18
18 23 14
132 84 22
100 376 12
92 312 17
243 16 4
416 249 20
256 163 2
287 220 21
399 90 7
19 420 4
257 222 8
231 289 8
367 398 15
28 349 1
381 282 14
134 277 21
335 167 22
408 187 22
414 353 6
93 227 15
184 316 6
149 136 5
330 170 3
130 238 16
232 268 13
31 122 15
200 403 19
349 179 20
38 278 8
197 368 17
211 221 6
225 132 17
4 426 1
342 332 1
140 89 9
234 303 20
203 323 4
327 421 3
55 107 22
344 237 10
403 30 23
292 112 19
21 243 25
417 224 12
25 413 9
36 418 11
33 222 2
214 345 11
316 160 11
364 296 24
225 174 7
258 316 24
360 397 8
141 211 16
342 224 18
122 249 20
76 403 13
176 93 19
220 167 13
54 57 18
177 418 11
126 197 11
154 394 17
76 91 22
41 6 7
376 368 1
61 278 4
172 10 3
26 138 21
132 414 24
116 217 25
122 372 17
19 212 17
408 223 14
298 304 11
393 223 8
378 24 25
289 120 1
232 64 9
91 415 1
319 106 21
351 18 12
131 72 17
294 75 18
243 16 5
290 338 8
339 378 11
37 224 24
207 293 22
315 199 10
203 129 21
196 155 7
345 209 12
143 345 11
272 2 23
215 225 14
281 160 13
157 152 11
362 392 23
248 239 19
116 422 18
29 373 16
291 213 19
188 52 3
311 181 13
406 63 3
316 291 18
261 309 18
399 306 9
282 113 16
334 387 3
312 119 1
285 150 15
48 62 15
357 374 6
108 12 9
172 53 1
247 419 5
394 42 21
116 430 20
324 255 7
60 189 24
103 221 23
416 379 7
118 302 5
370 371 21
300 236 2
348 351 5
376 316 17
328 261 19
169 216 18
349 95 8
88 412 11
200 426 9
67 83 2
149 46 7
373 350 20
7 100 15
253 261 18
272 431 16
83 34 8
256 270 17
427 76 21
82 384 12
423 176 7
338 232 17
304 5 18
334 174 22
224 249 21
242 356 14
46 199 18
387 144 20
339 152 9
63 239 10
82 250 24
132 173 11
385 294 15
144 317 8
170 145 25
388 269 24
179 412 22
424 244 19
284 65 13
38 2 18
14 322 9
296 191 16
325 25 8
62 61 10
331 371 24
64 23 17
29 42 24
412 361 13
333 14 2
53 328 6
402 320 15
186 404 25
287 122 12
22 167 21
17 392 16
376 308 19
89 33 9
252 364 21
100 169 10
284 6 6
117 233 15
376 220 4
331 45 23
240 36 9
356 155 22
54 267 18
305 305 23
307 71 11
298 389 10
262 330 15
27 337 5
359 140 3
201 427 10
138 6 14
96 96 1
168 321 16
96 165 8
118 204 4
333 45 12
172 117 14
29 215 16
407 155 16
251 337 3
57 310 5
291 261 20
122 218 18
118 217 4
99 386 24
424 210 13
308 340 1
180 398 17
69 217 23
408 56 8
36 418 3
304 201 22
344 145 7
184 324 2
410 24 2
345 271 13
95 40 10
27 287 21
226 306 14
286 74 9
86 98 18
6 124 4
343 207 12
221 12 8
278 374 15
317 431 20
49 241 1
376 386 12
141 151 8
369 90 1
309 386 17
106 317 8
265 363 23
58 136 7
192 81 11
382 222 25
350 144 12
277 429 20
432 132 20
164 398 23
176 74 16
259 319 11
84 247 3
184 47 21
256 376 8
315 123 19
336 18 15
320 172 10
107 221 9
200 342 13
115 91 23
357 239 21
118 117 7
379 350 5
310 264 8
169 178 9
137 144 17
159 85 2
268 190 21
171 21 18
394 222 14
291 304 25
169 381 7
336 83 16
316 399 14
188 248 13
23 297 16
338 34 17
311 140 22
154 36 25
299 114 15
328 177 20
256 361 3
128 220 2
192 7 23
97 352 10
214 79 19
401 267 9
298 348 5
204 289 4
326 362 23
10 152 7
7 155 17
361 189 19
29 293 3
127 61 25
190 384 10
367 52 21
155 21 12
316 305 21
249 273 13
87 380 12
28 367 16
390 226 6
22 222 16
78 157 10
74 141 6
194 25 4
71 198 5
409 431 21
245 127 14
402 317 3
417 119 24
43 163 24
34 360 24
321 430 4
426 29 13
237 177 11
210 135 8
81 179 14
128 130 22
226 225 8
417 276 8
406 411 10
188 368 19
1 307 9
356 43 4
400 23 12
342 428 17
309 22 21
418 348 2
414 316 12
355 34 24
87 382 13
145 313 18
111 73 18
227 237 18
195 54 7
336 299 18
256 122 20
17 347 17
288 372 3
199 152 8
352 345 19
227 255 20
156 186 9
412 345 18
191 3 20
301 220 4
433 212 5
396 345 15
269 186 17
35 104 15
293 101 11
171 141 9
39 101 14
315 337 2
245 267 7
73 48 17
300 354 19
189 277 23
337 201 13
386 45 6
97 414 25
88 166 16
21 321 7
147 380 14
185 88 15
65 383 2
147 415 24
364 354 23
123 219 7
118 112 1
148 168 21
290 126 7
240 187 10
48 203 16
130 3 9
192 115 1
213 398 2
62 198 5
141 160 24
211 232 18
303 392 15
188 194 25
293 173 14
208 124 25
185 367 20
39 396 9
138 300 2
5 238 6
224 53 11
37 31 24
260 312 24
307 215 16
102 46 24
204 150 17
406 297 20
235 199 13
258 128 17
170 243 6
178 8 1
106 90 24
342 233 13
283 190 19
189 295 4
149 355 23
426 108 2
356 275 20
77 56 6
234 87 22
262 205 17
338 91 23
124 78 1
294 42 1
20 152 8
360 243 15
20 57 3
109 352 19
317 329 25
256 63 8
103 177 9
186 66 11
95 432 12
96 430 24
366 332 14
118 199 8
380 370 25
228 235 10
7 169 21
252 280 1
148 15 11
114 204 8
175 128 15
342 221 25
145 247 14
336 362 2
12 334 15
334 230 17
173 404 6
5 192 23
4 173 3
172 221 21
206 3 12
159 261 5
70 53 21
186 141 9
147 151 23
162 37 14
229 69 19
134 358 3
387 242 17
337 280 13
308 71 13
129 228 23
407 205 10
257 44 8
358 297 24
82 381 22
229 424 10
184 21 23
432 274 2
24 421 13
427 342 2
166 115 17
217 308 3
208 357 9
313 85 5
171 137 25
330 81 24
307 265 7
192 178 19
330 384 13
36 324 4
394 185 22
71 42 2
251 4 10
235 364 5
9 198 10
423 198 8
96 99 25
75 53 7
431 139 1
407 262 21
354 352 12
17 65 22
306 74 2
371 89 18
321 115 18
161 284 4
6 1 14
248 315 16
8 374 5
122 110 9
159 140 20
153 211 20
342 412 4
20 80 8
308 432 8
132 382 23
301 151 17
66 220 19
108 199 20
29 404 18
80 80 20
12 22 3
334 376 5
330 389 17
153 27 7
167 325 10
254 325 9
171 296 25
64 201 15
111 172 17
119 180 19
428 330 23
226 432 1
298 60 9
196 239 23
337 328 10
414 208 13
418 197 12
315 336 19
406 186 16
15 294 22
366 339 12
160 210 4
172 285 23
389 266 2
74 222 7
341 123 13
67 104 20
156 392 14
72 121 25
319 289 3
74 234 14
273 292 22
369 205 14
131 141 16
335 310 25
230 56 9
59 113 13
320 231 3
6 239 9
105 399 16
306 248 22
346 61 23
104 375 3
155 387 18
383 375 8
27 155 8
333 21 12
291 23 4
295 127 20
31 37 24
380 223 18
232 292 22
424 66 23
259 17 6
69 391 11
78 77 11
302 310 23
148 365 1
175 180 2
356 323 2
14 15 12
71 135 24
285 342 9
339 91 13
215 397 12
110 393 5
40 165 8
246 409 7
303 176 5
283 319 3
72 210 20
284 254 21
28 193 10
216 174 1
230 153 9
194 173 20
340 69 1
106 389 20
424 270 6
52 394 23
325 156 25
223 322 16
265 342 12
187 147 22
106 324 22
182 322 11
346 303 19
141 62 10
401 189 15
44 116 9
338 46 18
158 158 2
76 407 25
13 127 23
276 370 15
193 394 8
90 304 11
335 170 21
269 81 8
223 359 5
1 377 24
278 19 17
388 329 19
356 86 11
432 36 14
121 246 13
3 55 22
391 304 14
263 242 3
126 315 8
71 429 16
181 352 10
254 88 22
359 28 24
291 25 22
283 100 9
380 391 10
32 113 19
70 251 20
236 59 20
303 103 24
41 30 7
94 85 8
122 375 17
315 324 7
252 88 7
258 370 18
254 120 23
18 92 24
362 417 20
1 38 9
205 428 6
83 272 5
9 177 11
62 389 23
104 293 18
363 131 1
354 331 15
68 256 7
395 153 15
265 193 2
125 123 24
55 185 2
175 203 17
81 304 1
320 94 7
312 338 16
356 375 17
342 56 8
59 348 13
170 421 22
302 349 15
66 102 8
381 152 13
371 250 12
429 226 3
162 424 10
83 127 9
10 178 4
76 433 4
190 226 9
81 338 12
164 288 10
151 346 22
70 31 15
57 322 11
44 8 9
52 432 20
286 179 21
399 391 11
140 98 1
34 381 13
433 167 24
11 38 20
131 333 9
202 256 2
103 313 2
1 24 25
151 295 24
233 180 8
114 255 22
297 202 10
390 251 10
399 107 23
410 97 16
154 57 18
275 276 2
416 285 12
282 36 12
343 201 19
49 286 22
238 433 21
122 351 7
171 208 14
389 41 15
56 202 25
183 265 18
402 24 21
50 233 5
132 220 21
344 319 9
179 292 9
365 253 1
179 350 3
372 147 8
184 161 25
54 35 6
20 107 12
303 66 7
184 180 14
74 332 1
295 13 4
303 80 9
304 317 23
318 201 6
129 219 19
76 173 4
227 69 21
7 90 21
343 285 1
317 290 3
25 230 24
364 300 4
352 29 7
62 96 25
181 348 21
174 153 5
86 239 15
260 373 4
69 279 20
327 227 5
134 303 18
74 276 13
191 33 5
269 250 16
245 310 5
59 288 23
234 416 24
401 237 14
231 58 9
86 392 25
212 34 12
117 154 13
174 154 16
114 171 21
251 399 18
420 274 10
216 3 16
417 184 3
150 414 24
360 316 2
169 340 3
346 427 5
113 424 24
346 109 15
301 167 5
260 124 25
364 115 21
159 300 20
44 250 10
219 299 14
30 265 21
110 243 11
280 24 3
379 408 11
346 286 7
102 316 4
264 76 7
286 160 13
406 23 8
361 106 18
414 301 20
382 95 15
56 407 24
229 256 10
28 49 12
104 89 9
375 324 24
196 14 18
192 48 8
280 399 3
373 101 5
425 59 18
179 221 1
35 415 19
213 116 9
197 413 23
177 33 15
317 376 25
376 376 3
138 122 7
12 251 4
402 375 11
233 371 10
301 48 22
259 245 17
7 230 25
292 201 13
426 285 6
256 166 10
4 349 12
239 269 24
266 185 25
29 320 3
163 337 13
144 36 13
132 157 1
357 289 16
144 428 6
427 406 1
226 347 15
141 149 5
181 159 13
209 138 15
102 352 23
167 198 25
136 264 22
345 322 22
188 432 6
345 239 22
33 275 1
241 184 10
71 81 12
73 51 6
164 244 16
394 234 24
108 161 19
381 98 4
213 326 23
57 220 20
418 252 22
431 370 17
296 157 15
120 348 10
177 432 17
193 317 6
186 357 16
294 227 20
355 269 4
104 249 17
325 178 22
189 426 9
227 346 20
347 200 21
165 318 6
129 342 10
244 186 19
346 261 15
406 34 3
8 73 10
395 273 23
91 293 23
169 196 17
154 159 12
25 263 8
222 87 10
333 304 4
330 182 24
412 371 5
316 359 2
234 65 1
69 350 15
49 369 1
54 180 8
181 115 11
47 391 2
42 130 17
148 84 25
94 255 14
407 316 7
215 429 20
226 372 5
178 63 23
8 81 9
10 405 14
332 32 19
403 169 18
34 134 25
301 109 18
263 42 9
397 296 10
432 230 21
77 213 9
383 117 18
82 337 3
412 279 10
301 38 24
55 234 7
14 23 25
151 293 11
172 186 11
178 311 4
375 344 15
297 337 1
304 418 11
315 59 3
58 90 11
156 294 12
309 104 22
142 171 17
32 205 12
255 77 9
135 386 7
39 222 4
224 386 15
184 78 24
356 41 13
155 18 9
356 359 17
97 278 15
238 152 13
407 377 21
426 158 23
162 51 4
342 225 11
420 417 25
283 220 18
235 153 22
249 39 7
402 407 11
418 217 14
309 360 14
21 316 19
57 120 16
245 99 10
124 24 13
207 243 4
153 1 23
293 388 18
345 96 21
103 259 15
357 189 22
25 86 14
95 275 17
120 393 17
297 62 25
82 186 3
40 114 10
408 351 1
281 196 2
119 296 9
318 204 6
363 376 1
33 48 18
80 343 6
21 9 17
240 236 10
255 22 7
196 376 2
307 188 21
343 189 3
11 356 24
335 138 21
374 242 11
216 295 8
10 369 19
179 75 15
276 29 6
9 364 8
311 233 17
128 223 1
161 304 13
263 163 16
210 93 6
11 337 21
121 155 5
215 157 14
277 189 23
89 336 4
284 259 20
392 117 17
98 201 20
195 156 20
223 357 1
383 245 18
157 280 24
342 210 6
82 289 8
352 282 10
45 196 7
99 123 12
89 259 18
243 402 2
291 310 11
389 161 11
204 5 6
55 382 2
186 229 1
351 316 16
77 24 1
231 276 14
402 181 11
119 106 14
153 170 25
369 92 17
201 99 7
184 38 24
314 281 10
131 3 19
179 358 5
411 56 22
412 345 6
265 229 16
344 224 14
8 369 17
24 188 17
396 327 13
304 170 13
200 314 10
54 296 13
416 267 21
234 235 8
273 147 20
379 342 22
239 270 22
341 208 3
54 60 18
121 181 12
331 297 15
193 287 21
372 214 21
96 348 4
372 75 17
117 92 17
61 316 2
189 318 13
219 55 22
132 387 9
43 368 2
85 221 14
218 237 4
198 102 2
157 55 18
300 348 25
202 302 12
245 410 6
226 87 5
344 33 15
222 248 5
8 318 13
226 12 3
189 359 17
58 373 7
281 256 21
220 347 4
68 293 2
118 336 13
208 308 6
214 261 11
278 256 25
27 289 24
354 244 18
57 379 19
307 189 19
433 76 19
216 248 22
326 288 9
187 340 13
380 381 5
65 222 21
81 378 24
189 231 23
396 74 24
290 304 21
173 48 13
399 77 20
247 372 14
141 327 5
278 124 7
12 103 10
313 364 7
85 293 7
32 221 16
141 359 19
29 286 22
191 414 9
172 315 21
40 256 7
155 341 22
91 334 4
54 433 25
177 385 5
46 134 14
412 157 24
53 136 15
232 242 18
102 345 19
293 199 5
424 379 1
62 257 6
5 223 5
390 328 15
341 416 13
17 288 12
392 297 11
428 213 4
225 211 8
52 127 4
226 51 2
384 3 11
4 230 22
84 277 13
267 88 2
92 52 12
140 48 22
52 163 7
324 358 18
194 326 18
350 265 19
148 56 19
187 402 20
228 95 19
231 373 14
410 245 2
116 52 21
403 325 24
103 225 23
410 185 25
272 56 16
170 319 10
429 369 6
386 302 13
130 367 14
40 397 16
43 252 23
245 417 10
263 336 22
231 19 5
339 93 18
383 415 15
134 418 9
205 47 7
232 48 23
342 275 8
378 277 13
161 131 24
64 5 12
426 389 22
242 221 13
19 66 21
410 393 12
261 348 9
373 392 9
367 111 3
304 296 13
37 249 2
208 150 3
124 172 3
374 361 18
9 189 6
150 72 19
109 124 15
230 205 7
47 19 21
355 188 2
94 283 17
258 242 9
117 178 3
255 192 2
290 417 9
41 378 8
94 85 17
277 17 5
200 102 9
143 228 19
425 366 15
374 309 8
284 193 19
226 374 3
266 103 16
41 356 25
54 237 3
197 384 24
316 76 22
431 73 9
221 179 17
427 199 24
26 192 24
333 246 8
383 280 14
414 288 5
357 69 4
330 396 1
49 400 14
308 131 9
342 115 21
134 173 17
180 287 11
371 178 24
149 338 2
195 177 3
58 418 11
302 135 20
233 108 21
103 425 6
221 45 3
198 340 1
125 398 19
22 187 19
16 186 15
41 119 7
284 268 17
351 89 23
389 370 23
423 409 8
355 286 17
102 166 4
199 293 14
172 230 15
159 108 10
152 319 8
179 79 11
356 205 17
285 344 7
296 120 13
111 138 6
397 192 5
346 399 4
175 389 23
366 6 19
30 131 9
303 379 25
245 183 8
21 131 22
360 210 13
295 237 5
225 327 4
350 414 17
309 235 13
7 412 12
13 407 17
103 233 3
14 409 6
235 144 2
359 228 1
183 409 8
96 342 21
299 89 11
85 120 25
332 206 3
128 61 3
384 5 19
360 120 24
104 365 7
144 426 22
92 6 25
393 432 10
409 367 22
151 328 17
380 252 15
11 176 23
66 294 6
14 177 13
21 265 9
169 392 12
367 314 21
283 363 18
237 201 1
331 396 2
381 395 19
244 21 5
301 313 3
210 92 21
203 140 6
123 269 7
30 214 11
369 155 19
14 205 12
134 263 9
81 410 12
53 90 18
328 223 6
16 428 20
142 13 2
433 2 21
166 352 21
224 89 22
328 198 18
2 329 21
24 130 22
117 152 18
33 81 25
321 115 19
53 410 13
8 195 7
13 198 22
39 413 11
265 74 20
355 102 11
284 31 2
355 228 13
200 224 7
388 253 13
271 369 14
141 229 24
411 391 24
372 55 7
152 241 17
393 136 14
157 432 9
362 419 12
335 388 15
176 286 11
313 157 13
396 143 17
15 103 7
148 424 19
251 306 9
236 272 14
115 264 22
266 57 23
95 99 5
70 170 20
108 44 11
319 277 18
405 58 16
156 28 2
250 407 17
153 134 16
200 109 17
206 130 17
197 325 19
26 269 3
110 398 10
319 59 20
7 113 23
35 340 9
201 372 16
149 129 19
81 69 4
221 221 19
424 78 16
99 183 20
32 82 23
321 215 16
402 169 23
158 381 19
180 209 21
163 143 23
404 325 25
249 92 18
230 194 3
339 304 13
410 403 1
239 346 16
55 118 25
223 187 25
141 308 25
225 213 7
363 55 18
24 176 11
39 155 15
304 418 11
417 278 22
207 124 23
135 424 14
394 429 4
90 34 24
234 18 6
223 50 13
344 99 19
47 254 22
214 74 13
47 336 8
281 395 24
223 86 9
294 166 16
180 247 6
229 121 20
343 424 16
386 341 23
336 140 18
172 155 22
397 12 13
393 358 2
273 184 6
99 289 2
396 349 22
161 79 25
67 126 11
2 220 9
298 127 25
251 126 14
217 226 7
84 134 19
171 208 2
353 343 19
261 382 10
381 80 4
274 106 5
279 278 11
221 130 11
250 45 4
271 386 23
345 250 5
358 303 17
209 53 19
395 283 14
360 234 8
384 199 20
114 87 18
329 230 15
342 107 10
209 272 5
165 52 21
67 139 17
296 6 23
287 180 15
202 250 7
132 178 10
241 113 14
201 71 4
137 232 11
301 23 9
205 92 22
162 395 7
315 210 14
420 139 23
169 292 9
239 234 12
65 278 8
304 353 1
49 307 19
243 355 22
135 106 12
157 422 24
369 190 10
61 4 3
98 193 22
80 53 17
9 365 14
284 315 5
67 133 21
136 411 11
358 281 18
31 351 9
302 209 2
223 101 24
65 322 5
167 315 25
170 311 10
4 361 22
112 2 2
324 209 13
126 109 17
199 32 15
321 43 21
289 23 4
128 427 23
388 171 9
58 244 6
79 40 9
430 39 2
134 153 11
276 281 14
84 261 19
381 376 7
343 316 13
344 308 23
408 433 23
275 376 10
139 372 21
329 36 24
35 200 2
169 409 2
260 402 13
44 397 12
134 52 17
363 76 18
256 168 1
74 122 19
319 370 17
130 44 23
235 205 4
257 121 22
33 214 20
365 234 8
12 432 7
123 21 1
319 423 18
329 426 22
267 374 20
176 316 6
363 42 4
9 131 20
420 138 13
185 57 11
397 345 10
104 239 25
135 125 16
413 328 22
288 124 17
12 241 22
165 49 4
287 284 1
69 33 22
394 421 16
206 430 21
43 393 10
125 390 6
304 145 19
12 348 5
333 211 9
77 128 2
396 330 4
38 305 20
96 372 22
312 407 3
403 203 21
193 272 22
34 140 21
411 412 20
362 81 19
375 281 8
390 183 18
399 157 14
250 154 7
127 383 19
257 90 6
70 241 19
135 38 24
156 245 20
193 429 1
320 191 16
131 426 15
52 241 15
36 425 21
320 159 25
27 357 6
51 202 9
276 397 18
130 75 21
196 127 1
351 171 4
109 146 2
361 36 7
24 329 10
121 232 3
143 315 10
206 322 12
93 240 8
283 7 16
74 89 23
94 67 21
20 34 2
315 154 17
265 201 21
331 97 13
170 96 18
327 110 7
173 289 21
305 321 12
329 216 13
102 396 20
433 243 6
91 129 4
325 215 25
314 382 13
43 37 20
20 82 3
204 3 19
206 255 5
346 360 17
288 242 7
280 169 6
217 137 13
380 311 2
246 119 23
118 201 13
245 23 25
104 427 12
160 318 17
369 285 10
17 425 6
393 430 17
149 423 12
280 297 24
80 291 19
412 260 25
7 337 8
227 262 25
367 234 23
336 218 21
146 134 19
332 120 19
296 195 3
167 226 10
361 241 24
139 368 24
99 432 10
355 383 22
185 226 15
344 427 24
393 322 15
119 382 14
391 278 12
295 30 14
204 157 19
248 86 25
427 100 13
95 210 17
194 47 5
321 273 5
414 185 7
369 58 17
208 24 19
356 320 5
215 135 12
138 393 18
24 119 4
178 254 18
232 63 13
204 271 9
105 422 13
72 274 2
241 192 13
49 92 21
347 124 5
223 90 4
150 382 18
55 304 23
9 82 17
285 131 10
327 167 9
399 166 5
244 218 3
422 401 1
216 53 25
212 250 10
148 189 5
385 202 13
273 126 10
404 361 8
368 117 16
6 27 23
42 282 12
392 335 2
349 99 20
8 123 12
16 295 11
428 416 10
88 119 2
181 298 4
162 38 19
42 374 15
301 429 17
73 244 5
8 99 24
57 267 16
242 129 24
316 165 13
233 253 4
375 419 15
95 422 20
109 20 4
15 427 4
268 378 24
37 40 16
364 3 10
388 285 3
28 378 2
78 417 19
198 300 23
306 248 4
167 375 11
36 2 20
208 422 1
21 65 16
99 383 24
208 307 3
246 334 3
123 170 2
63 175 4
354 139 6
89 193 21
385 103 1
221 354 11
367 416 18
403 297 2
316 109 22
103 390 3
427 324 19
391 152 15
430 67 20
89 278 12
44 212 2
36 64 20
233 144 18
165 276 4
280 326 3
53 256 13
336 349 16
13 38 7
402 212 19
45 423 2
402 282 20
5 118 24
35 32 5
362 43 9
256 322 24
49 431 16
4 408 25
385 323 23
370 50 19
269 121 21
240 357 21
252 112 19
197 327 16
257 325 2
14 78 18
266 259 18
8 348 16
219 186 24
51 374 23
148 162 13
131 399 11
255 62 2
43 400 6
240 142 17
179 127 12
93 35 20
246 329 3
342 26 10
158 27 12
52 432 17
62 393 25
405 334 1
189 12 22
195 21 4
156 197 2
278 381 23
312 308 2
253 306 13
411 352 24
235 116 3
153 162 9
20 287 15
108 240 1
275 417 4
252 152 15
158 77 13
238 266 13
12 386 5
37 128 14
290 82 21
267 161 12
155 63 19
18 103 6
310 161 22
367 415 24
127 313 14
56 158 14
13 423 12
106 5 12
54 15 2
41 275 25
419 137 8
152 89 4
279 342 11
383 402 20
218 62 5
118 37 22
326 31 8
365 29 9
222 29 23
87 200 17
255 190 14
76 123 9
302 42 25
174 20 14
126 359 9
207 430 8
215 369 1
107 394 11
255 383 25
92 268 24
202 332 4
165 117 14
34 307 7
172 145 9
226 14 14
293 403 18
302 271 25
232 322 17
95 214 14
8 130 14
403 29 21
118 347 4
250 160 17
404 418 7
7 245 22
207 292 2
55 400 14
85 271 13
254 218 4
396 368 1
32 160 23
124 125 18
213 64 2
398 23 14
55 54 7
221 93 13
57 298 15
406 33 14
29 411 22
234 143 25
95 369 2
95 423 12
107 380 17
425 249 15
5 310 19
62 23 5
413 72 12
16 274 16
332 56 12
348 360 19
140 362 12
108 146 9
56 239 16
280 6 24
8 398 12
299 330 21
252 226 4
172 177 2
91 206 18
295 428 1
177 31 15
242 298 16
279 12 11
41 122 16
176 114 13
11 370 9
393 407 2
146 100 25
250 55 20
185 364 21
427 189 11
173 75 23
230 264 14
419 246 11
101 65 13
138 370 24
19 126 14
124 10 18
430 288 20
186 423 19
299 163 9
293 307 6
361 417 7
48 69 16
166 67 1
94 325 5
399 316 21
187 188 6
247 283 1
195 265 17
340 168 5
264 399 14
103 391 16
401 253 10
95 319 22
347 387 22
104 248 2
296 405 21
280 185 24
349 67 15
252 339 9
364 282 5
84 270 8
343 380 5
331 105 1
160 2 19
79 205 18
389 222 23
36 367 17
307 188 12
129 25 5
350 253 10
246 49 2
47 321 18
280 8 14
393 79 7
156 347 13
299 37 23
134 86 3
78 202 7
156 27 22
376 342 19
127 271 5
286 209 18
339 255 10
186 120 24
323 21 10
144 278 15
318 139 22
178 237 22
349 209 7
347 260 8
419 72 21
127 26 16
155 136 7
164 124 25
33 263 1
301 191 5
116 318 9
12 320 16
56 251 19
156 352 14
73 267 11
339 175 12
291 335 3
373 147 19
220 28 3
49 62 11
17 296 5
349 204 22
156 335 17
432 249 20
278 421 8
421 319 15
268 402 19
63 85 19
154 379 6
355 411 14
215 413 22
417 273 21
229 212 20
273 398 22
286 292 9
239 396 20
187 301 25
274 314 3
26 307 7
162 121 10
38 95 15
332 338 9
361 304 11
103 204 15
95 418 22
206 139 1
73 110 6
111 389 16
180 399 20
194 112 6
87 162 5
17 109 21
45 97 21
73 428 20
160 62 5
49 138 3
149 354 10
282 8 9
154 9 8
424 20 25
338 216 2
206 427 14
104 64 8
296 292 3
296 26 15
129 260 8
393 129 22
56 157 19
395 2 16
117 45 10
280 191 20
187 22 18
133 248 3
396 50 3
283 244 1
126 395 20
145 143 11
264 206 25
194 17 6
372 404 23
326 46 3
61 196 17
177 31 22
137 189 23
242 75 7
318 349 20
117 130 22
370 133 15
25 244 25
409 190 18
107 232 13
195 272 8
2 432 8
94 432 22
342 30 14
254 98 4
265 119 18
319 72 24
154 57 13
324 238 8
276 323 17
250 119 17
69 7 4
273 302 4
116 159 6
275 129 13
179 39 3
123 31 3
135 259 15
363 104 8
66 182 24
290 265 17
262 170 21
248 267 6
130 27 12
345 236 16
422 192 22
56 8 1
149 160 8
380 147 5
141 141 13
202 44 4
31 59 25
117 74 20
241 74 21
298 51 17
397 127 14
117 122 22
41 14 16
409 372 24
365 23 15
269 329 10
310 173 2
149 121 22
397 105 25
377 370 4
330 287 20
137 279 22
182 231 12
38 284 23
150 432 16
288 139 8
204 54 21
237 63 15
194 125 8
159 276 3
193 275 15
139 433 1
163 429 22
83 186 21
335 172 24
345 316 20
78 117 2
355 415 16
423 335 24
429 226 25
359 214 15
79 148 24
375 300 21
326 261 10
97 229 17
63 143 15
310 33 10
62 35 11
301 304 23
376 256 15
87 270 14
29 267 11
358 195 5
260 228 8
169 298 16
38 360 23
148 425 14
292 176 12
211 344 24
158 46 11
405 169 22
373 394 20
268 350 11
144 13 2
88 345 21
148 311 21
174 150 11
96 105 6
154 60 24
110 313 5
106 2 3
74 333 23
326 83 25
417 14 8
231 207 2
401 320 12
19 198 22
431 120 14
131 160 6
27 257 19
81 324 17
233 403 7
407 167 5
30 409 2
422 36 7
319 351 10
44 103 24
186 88 19
62 224 19
160 138 23
152 175 18
4 362 3
339 30 20
137 300 24
161 283 23
388 397 20
400 12 10
350 48 24
243 390 21
357 130 6
156 346 2
165 148 17
369 226 6
418 367 10
113 67 8
260 362 16
421 287 16
365 37 15
355 289 22
293 100 4
128 382 24
279 382 25
76 379 21
231 52 15
264 64 9
132 276 4
393 403 10
427 107 11
273 135 17
107 4 14
283 425 20
159 55 24
306 323 24
386 176 16
186 164 9
187 189 23
238 194 8
226 118 5
361 227 22
122 316 4
239 12 17
120 74 20
432 14 16
273 126 2
412 146 2
273 209 12
122 356 9
310 60 21
319 155 9
310 307 14
49 336 25
403 229 16
364 207 16
337 311 14
262 212 11
118 51 23
355 386 13
43 360 5
240 241 8
87 198 22
80 54 22
275 205 8
243 204 15
146 200 16
116 197 18
111 297 10
381 370 21
344 413 22
265 370 1
182 49 11
308 34 1
317 381 20
416 221 21
256 92 22
360 267 11
205 234 8
4 399 16
86 223 11
343 98 21
384 162 20
143 261 13
394 302 8
309 262 8
219 369 20
22 359 24
349 45 7
355 108 2
428 375 25
165 56 14
131 175 16
353 269 8
207 382 3
349 334 22
267 83 9
419 207 12
399 228 21
395 85 1
123 334 8
109 412 14
159 268 11
328 106 4
286 64 18
349 339 8
101 27 24
153 282 2
122 118 14
240 30 25
408 164 18
56 312 23
420 130 14
68 107 17
419 140 21
12 227 2
232 306 9
95 281 16
127 224 19
35 1 5
342 117 4
420 173 18
252 55 22
135 48 14
89 105 22
340 288 14
386 244 15
311 35 10
381 286 9
390 222 9
239 297 3
173 361 25
180 224 20
94 148 2
398 7 14
118 143 18
108 170 3
279 124 18
311 54 14
74 225 5
138 74 24
371 379 22
149 293 5
331 353 22
39 398 24
42 370 18
397 96 15
217 171 24
389 180 17
270 101 25
56 135 16
144 163 13
38 116 21
288 283 20
5 167 2
101 138 15
201 222 20
14 91 23
124 380 10
37 147 24
101 309 16
49 427 11
426 326 3
35 90 25
255 25 25
86 217 7
217 282 22
375 433 21
367 25 11
239 70 16
426 50 18
223 77 7
21 407 8
251 370 23
20 372 8
324 25 2
137 14 15
179 271 22
85 380 25
418 339 2
156 141 20
277 384 8
362 270 6
90 177 21
395 423 15
367 410 20
272 237 14
227 399 18
281 234 1
16 431 4
160 274 9
18 99 24
40 418 17
126 320 13
172 385 25
34 268 4
86 255 18
103 355 23
394 145 17
170 34 2
247 201 4
379 43 9
408 359 9
233 299 6
268 424 25
46 248 6
324 68 9
321 63 20
108 195 25
96 142 9
265 93 4
129 395 6
356 391 5
146 79 19
167 208 14
52 132 20
19 258 9
171 331 8
260 139 6
26 25 21
256 87 2
157 40 17
109 279 1
188 352 15
398 255 22
140 258 25
320 210 24
395 25 22
258 140 6
54 134 8
1 416 16
337 350 1
23 219 13
179 358 24
225 18 11
151 331 17
319 384 1
266 310 12
224 142 9
393 397 25
230 166 11
306 430 14
200 179 20
27 411 19
120 208 5
250 335 7
85 26 7
171 164 9
248 5 24
31 31 7
31 416 20
66 108 7
218 238 4
401 113 9
195 229 6
29 30 8
266 15 7
192 338 21
420 340 25
302 355 12
267 59 24
45 64 14
194 62 15
367 69 8
17 316 17
368 303 14
2 288 13
275 67 1
212 422 23
264 53 13
173 301 17
78 32 7
282 64 21
267 272 9
199 66 18
83 234 10
204 171 7
22 99 22
233 135 23
364 181 13
199 26 19
81 66 17
215 390 24
358 251 10
408 141 10
100 392 4
412 412 22
16 337 18
306 165 5
251 366 18
223 9 9
259 278 13
9 133 10
219 132 18
12 204 19
11 247 21
23 166 2
418 277 6
63 94 14
93 278 10
354 175 1
181 391 20
292 371 5
67 386 1
83 109 9
285 164 4
367 54 14
239 332 20
33 114 10
103 43 22
116 230 20
282 395 9
42 202 21
59 24 5
356 12 2
26 329 21
237 89 12
57 355 12
273 225 5
407 423 22
156 226 18
378 224 12
157 349 16
185 118 3
370 365 13
245 298 17
127 285 8
219 223 23
336 409 13
323 240 1
309 125 20
230 432 20
95 130 15
175 335 14
325 72 4
27 211 3
94 242 15
187 328 19
136 282 15
327 118 6
227 292 7
278 397 12
94 99 1
71 254 13
61 207 12
34 302 25
200 294 11
153 350 9
229 124 10
298 318 3
68 422 21
367 118 1
166 200 5
350 330 15
284 174 7
87 431 11
227 362 25
175 410 20
432 42 20
211 401 12
341 351 17
194 91 25
293 426 2
283 387 20
74 231 8
48 305 17
128 76 1
301 296 15
62 237 13
376 265 24
12 223 20
197 261 20
9 78 12
411 55 15
352 47 8
45 233 8
32 302 17
35 424 7
57 293 11
130 98 4
85 367 25
431 178 9
263 409 1
201 134 5
149 83 24
433 60 20
342 138 7
67 314 25
408 42 1
153 420 20
280 76 15
430 115 9
192 226 24
96 26 20
405 244 6
132 304 1
180 75 22
203 161 9
373 396 25
226 156 22
93 165 7
350 321 25
271 210 20
12 411 12
20 306 12
135 177 23
374 412 16
166 216 18
275 379 1
415 129 11
379 65 9
232 368 4
208 193 17
310 160 2
300 42 8
415 386 1
50 422 21
292 96 17
396 275 24
350 63 3
67 432 10
124 308 3
234 291 10
146 325 23
143 387 19
44 393 4
15 423 6
210 252 13
265 253 25
406 106 1
395 193 3
251 125 21
420 232 4
157 427 14
244 77 6
210 135 10
280 67 15
395 27 11
411 59 25
20 176 3
250 86 18
173 54 11
387 247 6
29 272 22
294 254 1
127 415 10
367 39 8
283 31 13
119 319 11
185 401 3
344 357 3
75 326 17
75 263 7
262 381 24
85 225 21
408 321 15
43 357 6
282 414 8
202 263 12
339 247 2
146 215 20
16 125 15
167 10 2
121 300 11
235 172 14
330 209 16
431 2 5
69 357 10
361 317 4
149 171 18
250 312 5
75 223 21
195 303 14
100 75 3
133 374 13
148 408 24
165 228 16
206 346 15
365 397 6
41 37 9
111 257 7
223 208 21
100 396 12
274 133 11
349 426 16
220 397 13
26 55 7
406 87 17
261 177 25
420 388 19
29 210 19
168 323 20
222 312 22
42 27 23
265 189 15
375 70 18
10 228 13
411 178 8
405 187 21
338 39 7
398 298 12
343 279 5
418 217 4
34 53 10
169 83 7
318 156 5
39 52 9
209 273 13
122 117 12
152 329 7
346 43 15
311 266 17
259 157 2
190 293 1
403 259 7
299 209 22
61 49 25
256 408 4
52 226 2
82 348 2
108 180 18
200 251 3
161 54 21
270 267 24
419 97 4
219 291 10
211 210 25
101 208 6
80 337 20
404 204 17
62 294 22
48 247 25
353 25 3
166 200 5
64 10 9
207 217 13
70 197 17
52 424 24
62 48 2
167 318 20
82 67 3
132 82 12
74 172 9
6 375 4
242 165 13
428 256 5
340 74 21
234 16 18
421 131 17
238 94 24
250 77 10
152 100 16
380 179 7
427 255 16
52 321 16
285 223 15
377 47 21
355 299 3
271 264 19
156 140 3
330 305 18
42 299 24
280 392 3
252 245 5
284 47 1
251 36 23
389 385 21
395 226 4
154 140 13
78 419 18
43 18 11
105 110 6
282 353 13
249 278 25
408 204 7
360 263 13
185 382 18
369 6 15
383 265 11
111 389 4
6 356 10
345 280 21
95 55 13
369 80 7
113 210 9
102 97 4
306 295 15
189 58 11
289 222 25
340 189 3
374 25 21
381 405 15
116 164 19
178 219 21
339 201 7
10 98 8
274 151 7
241 27 13
344 62 14
71 422 4
197 205 14
297 246 24
257 269 18
299 145 1
116 266 3
168 207 14
291 261 15
174 15 1
349 142 10
163 369 19
213 426 10
427 128 24
132 359 5
368 1 5
374 190 20
41 369 7
71 12 12
401 226 6
430 428 25
313 277 21
173 170 22
333 382 13
178 261 11
311 349 4
410 176 12
216 276 25
111 1 10
191 389 7
283 398 10
333 244 18
85 164 19
108 375 23
127 180 10
352 110 24
246 375 11
25 90 20
351 60 2
81 209 5
43 257 24
151 90 15
148 190 23
392 112 16
5 70 7
46 290 23
287 79 13
136 363 11
62 403 18
375 136 17
135 135 8
185 18 14
404 17 25
410 150 23
98 111 19
119 113 2
10 318 1
372 397 17
76 130 20
35 406 25
207 343 21
128 168 17
370 363 24
67 313 9
424 373 19
368 347 13
133 16 19
140 232 16
126 91 17
234 168 15
109 404 8
227 431 13
172 305 19
375 363 9
329 57 5
201 176 9
279 380 6
196 198 13
427 144 24
415 285 24
24 209 6
13 286 21
299 229 7
284 71 18
411 318 24
246 121 4
285 236 4
37 82 4
262 314 17
219 46 14
321 191 24
363 108 4
10 403 24
105 295 1
190 273 24
45 176 23
347 103 6
227 2 5
355 90 15
160 196 8
261 413 3
350 163 1
400 163 11
276 129 11
409 375 5
115 165 4
377 278 22
322 32 16
249 355 11
9 132 10
4 61 25
156 252 4
226 332 3
139 114 10
342 287 23
176 304 11
103 396 19
403 192 9
397 151 17
166 80 21
118 223 16
163 12 9
358 300 22
188 176 6
32 305 16
403 134 8
9 380 20
37 154 3
375 96 9
231 168 9
337 21 17
164 168 21
97 417 10
78 302 6
182 350 4
164 332 20
107 200 14
355 140 2
159 371 20
150 307 12
402 98 8
394 363 25
169 411 9
1 427 10
75 331 15
245 91 22
144 84 22
151 29 12
253 248 11
270 241 3
310 231 24
211 54 22
353 267 2
144 98 12
271 101 17
408 283 15
378 115 5
44 69 20
62 323 5
374 53 23
178 426 24
76 175 15
404 273 8
129 351 23
43 98 24
208 300 24
327 103 25
37 323 22
417 286 17
73 283 8
390 363 5
4 140 17
348 280 13
390 236 22
429 63 2
340 266 13
163 27 14
166 213 7
388 125 4
321 404 19
40 296 11
139 150 22
280 402 16
84 267 9
42 289 21
195 229 12
184 178 22
350 142 10
143 400 7
24 87 11
141 82 4
335 25 19
324 113 22
350 105 9
71 370 5
228 53 22
422 421 3
399 49 8
299 415 4
109 58 23
111 394 25
145 101 18
138 249 15
143 137 3
297 240 16
300 272 5
367 135 19
46 155 8
8 389 20
115 350 1
257 20 5
231 426 11
362 365 4
99 162 23
201 184 22
319 253 2
272 203 7
372 211 3
28 217 16
57 158 1
110 422 25
401 181 23
222 403 14
130 359 11
25 431 6
400 319 14
403 258 5
27 259 1
316 94 22
423 85 11
87 99 8
290 13 11
290 189 1
201 43 22
294 382 4
149 177 8
21 370 13
323 309 25
204 312 13
412 407 5
42 360 7
313 78 22
365 347 6
408 289 13
354 399 11
303 36 18
29 59 4
361 149 24
281 226 10
79 311 7
105 274 7
101 128 15
348 193 24
346 36 13
95 398 7
371 251 21
167 297 12
317 219 19
373 258 20
430 142 24
203 85 23
152 45 12
389 360 20
205 102 5
209 173 20
219 54 1
92 28 4
109 284 6
48 207 12
42 279 4
92 214 7
265 349 23
22 152 6
184 240 4
226 326 1
217 202 20
368 237 18
225 26 2
109 286 20
76 433 15
86 1 21
345 315 9
257 5 16
388 384 18
384 14 23
353 293 4
298 61 1
240 149 1
133 212 10
300 225 15
193 112 24
217 21 6
21 356 3
112 284 11
107 42 21
284 176 17
320 21 14
57 352 23
331 93 6
207 181 22
83 204 2
307 340 17
221 72 16
144 79 10
305 408 5
300 161 20
238 146 13
18 134 11
184 305 16
67 159 8
50 180 25
13 223 20
392 250 6
202 117 8
276 87 20
401 13 17
25 240 10
35 130 9
175 174 23
154 131 7
46 223 8
35 426 11
326 26 14
378 73 4
156 316 11
267 27 13
332 199 19
161 116 24
84 59 2
238 222 2
370 62 3
326 197 25
401 421 17
260 23 15
98 131 14
146 285 2
92 225 23
384 343 17
202 248 6
168 142 10
139 151 2
107 146 3
381 264 20
330 89 25
39 312 21
89 176 21
298 134 10
221 92 16
219 10 18
74 405 20
326 270 7
312 85 4
318 363 8
346 349 19
40 253 10
9 45 11
166 91 5
409 418 17
124 197 11
185 411 17
367 71 15
377 253 18
276 77 16
430 381 11
354 138 4
286 246 11
389 413 13
147 29 17
433 309 2
227 76 13
73 178 16
45 271 6
12 328 11
2 32 25
401 429 18
256 89 12
122 277 25
245 81 1
19 196 10
239 291 15
313 33 5
220 200 7
44 183 18
9 308 4
3 102 3
120 244 23
133 7 20
407 301 5
107 218 11
45 316 4
424 275 7
339 220 5
103 403 7
224 283 22
46 22 15
170 156 9
242 174 15
266 298 3
141 21 20
259 362 22
172 72 12
287 311 8
416 142 6
310 241 25
171 160 18
3 187 5
338 65 15
13 396 1
224 83 9
346 31 6
408 202 25
408 267 12
302 299 24
303 154 5
422 361 21
55 107 7
335 262 1
191 315 21
187 159 5
188 253 22
326 404 10
223 49 21
2 391 22
432 61 23
130 71 24
342 316 18
75 170 21
260 267 16
183 170 6
93 278 6
208 83 21
18 402 1
345 132 9
10 169 6
196 40 17
390 226 8
339 344 25
48 307 23
355 189 14
93 343 6
269 175 7
171 280 14
234 402 21
229 108 12
46 49 10
60 164 3
388 396 15
16 200 21
36 351 8
29 137 7
60 100 12
342 118 14
431 115 25
70 308 19
327 193 21
369 23 14
371 258 2
42 254 23
276 223 13
303 253 7
243 237 1
207 41 17
124 111 11
415 234 17
98 236 2
29 421 9
395 94 18
331 35 6
412 74 20
429 393 14
184 103 16
237 393 1
430 417 23
291 129 18
95 16 20
80 171 23
64 201 17
213 34 11
166 338 21
90 422 17
208 309 8
209 81 2
234 173 8
144 402 14
211 260 23
200 187 9
211 128 9
219 23 12
356 279 23
24 223 23
283 196 21
298 87 12
121 79 24
201 5 23
274 131 16
344 67 10
203 107 5
17 225 12
327 82 24
106 63 24
308 114 23
127 210 16
185 17 14
235 171 15
408 171 13
234 28 24
41 200 23
247 392 23
152 265 11
75 72 5
57 20 2
218 331 22
219 319 12
214 423 1
55 161 17
351 57 16
350 128 21
98 10 15
418 224 5
81 139 4
245 108 17
125 130 19
96 357 12
319 252 14
260 16 4
353 163 5
40 164 19
142 151 22
345 99 10
377 157 6
371 112 4
281 175 2
173 271 14
252 368 9
319 33 4
213 9 21
117 76 5
253 234 21
97 231 19
34 177 6
95 137 4
86 241 13
299 127 20
394 155 11
319 276 22
361 102 7
287 26 13
433 53 19
156 22 21
134 180 2
355 201 3
214 224 24
51 346 23
182 388 1
262 183 7
304 321 9
400 278 9
379 387 5
405 312 23
187 393 20
415 29 12
216 20 8
410 56 24
115 43 20
420 214 7
111 158 7
90 294 5
62 162 21
252 365 5
11 291 19
270 99 17
77 234 2
147 120 9
335 277 10
132 55 18
53 68 21
416 42 9
251 427 23
139 333 1
331 258 25
127 205 18
45 66 14
346 322 14
433 379 7
355 385 1
366 18 13
390 83 11
386 284 5
329 301 17
136 12 9
214 291 12
398 53 9
26 136 13
260 366 13
366 423 17
398 105 4
284 156 12
191 113 6
331 280 8
140 205 5
60 208 10
372 44 15
318 371 10
62 70 17
427 241 10
232 319 18
258 336 1
190 303 12
184 188 15
272 394 18
391 264 12
262 377 16
157 278 20
294 117 16
427 418 12
6 224 12
40 211 16
261 250 5
275 262 16
29 349 22
353 297 22
173 188 11
287 112 20
343 176 17
396 56 3
78 38 19
111 221 23
415 305 16
91 254 2
141 393 14
159 177 14
418 420 11
60 25 8
233 3 19
316 142 13
146 8 19
186 8 7
58 263 15
189 75 14
376 297 22
297 18 16
384 3 22
331 353 8
421 392 21
166 105 2
146 138 3
352 96 19
6 311 13
8 361 1
367 163 11
8 359 25
229 253 20
250 107 18
387 301 6
120 143 19
334 174 7
228 420 13
355 408 6
356 60 12
355 292 13
203 233 24
131 115 10
166 16 9
251 220 7
88 188 4
384 103 18
267 99 8
427 416 13
389 345 11
125 348 14
141 205 23
208 422 12
105 90 6
433 87 18
190 209 17
430 377 5
209 420 21
338 320 20
369 178 18
30 139 6
425 219 10
173 392 12
416 145 7
37 89 18
59 71 12
84 261 6
5 58 5
50 216 21
302 312 16
128 268 21
258 266 6
167 90 17
92 92 7
115 350 11
302 198 20
127 83 12
266 266 1
109 152 25
172 272 8
145 195 25
307 227 14
294 214 14
75 61 7
4 365 15
296 359 18
256 366 9
74 430 20
82 254 5
27 126 12
199 345 10
264 158 7
26 387 16
238 111 9
425 184 15
74 173 15
192 28 22
77 141 3
46 430 22
301 379 9
341 25 3
254 394 4
157 356 19
214 309 23
92 202 16
288 68 7
62 282 3
416 235 16
48 271 12
240 54 18
106 214 14
99 331 25
208 171 14
35 137 14
291 304 23
2 380 24
315 231 1
91 2 17
120 198 19
302 243 23
3 194 14
275 300 21
302 363 19
276 124 20
318 182 14
74 240 10
65 291 23
157 128 17
116 81 15
130 39 24
230 429 3
183 142 15
297 161 9
142 140 23
254 278 11
173 281 3
252 200 17
403 123 14
9 237 20
22 232 9
293 5 3
43 376 3
218 270 11
297 365 2
148 405 14
406 259 3
50 136 1
236 140 6
48 137 23
164 196 7
309 175 23
265 429 3
170 90 23
308 41 19
187 430 23
231 416 16
399 302 9
353 333 7
380 200 14
136 159 6
10 238 7
225 428 4
7 94 4
87 139 1
324 275 13
111 208 18
95 317 15
168 290 13
187 388 10
161 358 23
98 330 19
164 62 23
242 21 7
54 423 9
155 106 13
239 217 2
371 391 16
144 208 16
359 161 19
155 63 4
42 8 17
225 39 22
330 201 16
95 13 4
229 192 6
182 162 15
32 373 2
156 136 16
355 273 11
111 388 13
114 34 21
72 80 6
25 161 4
239 328 15
120 70 2
288 157 11
413 218 13
45 40 16
43 320 9
348 210 12
308 420 16
376 146 22
281 328 8
305 2 10
302 259 17
300 85 16
29 157 21
268 137 23
95 98 7
239 301 25
419 221 19
211 15 24
279 268 25
244 345 2
138 177 8
250 380 1
59 311 6
200 141 12
291 163 13
88 231 12
55 208 20
374 340 14
186 294 21
421 345 4
155 78 24
429 401 7
52 365 13
277 421 22
58 165 19
350 261 16
328 244 22
218 7 15
333 368 24
352 54 1
198 10 14
110 57 5
415 215 13
31 125 5
168 172 18
356 256 14
75 26 19
35 428 6
235 58 23
281 151 15
183 331 2
423 174 15
242 245 10
179 161 24
56 359 19
111 169 4
237 291 9
92 324 21
37 199 14
166 42 3
150 107 6
247 202 5
190 27 24
413 203 18
335 403 18
401 388 1
52 118 15
360 379 16
313 386 9
190 309 13
100 64 12
46 301 23
429 105 16
64 55 15
335 124 17
391 238 20
126 139 17
159 239 16
329 31 1
404 212 24
248 96 22
252 119 11
416 132 7
124 72 1
182 317 9
382 346 15
124 379 10
154 389 12
414 347 13
432 383 19
304 409 19
188 248 14
319 329 18
379 82 8
15 293 5
123 401 10
131 376 22
223 35 13
53 113 21
195 210 25
37 196 4
153 195 24
94 280 19
426 68 19
93 177 4
200 302 22
92 335 6
302 88 3
155 308 25
354 306 1
209 412 15
237 50 20
96 19 3
125 312 18
408 336 3
229 22 13
7 407 18
174 321 14
259 268 3
80 178 2
366 120 2
230 428 21
72 17 18
417 292 25
74 376 8
195 189 14
192 90 9
380 160 19
322 248 11
400 125 19
139 109 23
294 241 24
251 338 19
271 59 9
426 325 25
416 282 10
56 85 14
87 213 14
425 193 10
336 88 20
430 141 11
198 6 12
185 233 1
3 300 15
87 362 21
227 365 4
349 251 21
179 282 3
201 10 5
353 19 2
76 121 1
150 10 4
17 159 24
122 432 13
391 146 22
79 293 16
197 431 19
217 429 8
328 189 1
108 261 2
180 224 21
256 351 12
283 170 23
5 301 22
83 309 17
429 310 1
66 108 18
199 99 1
231 83 5
179 14 17
70 233 24
149 353 2
94 132 21
106 342 12
47 65 5
124 389 2
75 11 14
156 416 8
331 188 21
176 419 8
246 414 11
265 306 1
231 166 5
251 58 22
298 334 17
190 90 8
89 300 16
1 235 8
411 144 19
326 84 20
316 351 7
134 49 22
270 308 7
45 207 10
51 184 3
142 160 22
226 33 9
71 345 20
271 353 25
383 41 3
238 207 10
279 87 12
4 296 13
188 267 14
371 346 25
358 70 2
209 148 23
100 416 5
386 381 5
149 374 14
9 64 15
403 86 4
325 254 7
273 45 20
36 196 14
231 2 15
51 188 15
169 13 23
25 38 14
72 421 13
361 328 18
338 189 15
244 14 11
388 219 9
19 24 11
223 158 13
186 236 10
81 388 21
392 345 18
65 335 25
287 49 5
155 356 14
83 63 14
109 226 9
22 93 4
304 295 16
171 48 10
212 385 5
363 421 9
155 119 7
188 381 18
91 128 16
419 301 9
340 357 16
89 152 9
317 84 19
302 199 13
336 404 10
262 184 24
402 391 24
154 322 23
186 29 6
256 398 1
243 352 4
265 416 11
389 178 3
27 21 9
311 363 18
28 217 8
178 32 17
172 367 20
108 109 22
155 253 3
267 377 2
205 69 21
214 234 15
371 230 1
94 285 15
240 269 19
17 250 23
26 155 18
125 58 16
255 315 9
65 158 13
267 346 14
430 357 16
251 416 21
204 353 11
227 73 3
168 221 12
338 72 25
280 246 5
102 20 6
12 192 5
72 265 23
349 77 3
204 203 24
243 411 14
97 82 23
381 127 19
287 113 6
305 378 2
257 216 13
16 57 20
328 393 9
5 148 14
198 385 11
11 327 17
319 403 11
151 332 12
253 429 5
89 320 6
61 319 24
65 323 21
415 18 7
161 180 24
328 166 14
411 386 7
342 374 4
29 81 22
96 84 1
99 17 5
150 49 23
18 6 17
349 220 9
178 396 14
52 325 18
29 425 22
432 163 7
221 385 23
281 390 25
361 135 4
145 384 13
375 284 15
34 345 15
164 363 15
420 214 12
84 363 22
342 379 9
239 61 25
237 365 6
45 65 12
92 93 6
273 227 13
320 333 1
272 337 12
204 312 22
231 79 18
419 25 3
219 385 25
290 92 19
282 204 22
228 143 9
232 85 3
174 288 2
425 56 2
320 236 25
311 141 14
84 227 23
81 129 11
231 346 16
295 312 1
282 411 25
231 422 18
228 299 7
204 216 12
293 272 18
349 278 19
280 400 21
312 221 6
287 389 21
292 39 14
246 228 20
127 318 20
67 105 25
103 265 4
38 368 6
174 176 2
77 229 21
32 409 8
136 133 17
405 164 10
59 99 15
250 395 14
381 63 1
185 290 16
109 207 17
319 326 3
236 208 11
214 137 7
24 82 9
370 49 9
154 10 2
414 310 15
431 262 13
292 156 3
409 433 5
272 324 19
389 301 12
419 101 23
31 433 15
24 221 6
186 323 8
315 408 19
157 2 24
172 271 4
425 338 25
413 107 11
405 70 18
297 149 18
365 12 9
201 95 21
64 180 22
372 142 14
345 158 23
177 308 11
328 52 1
113 222 24
240 330 15
137 106 24
214 252 9
13 297 1
427 24 2
299 161 7
233 415 3
35 149 17
182 72 4
102 352 21
144 359 17
418 81 3
207 114 1
176 272 17
312 285 22
177 77 1
158 207 6
226 333 8
14 395 2
258 212 19
139 95 24
286 248 25
63 401 3
128 62 23
254 79 2
272 357 10
9 368 20
319 244 13
311 319 25
135 327 23
335 229 24
249 10 15
112 66 1
294 196 23
387 157 12
368 92 6
255 152 7
194 415 5
38 403 19
143 169 1
50 205 1
95 320 16
271 173 6
370 208 9
117 263 10
23 87 3
104 85 20
173 277 22
106 308 22
39 236 18
317 5 6
349 34 12
187 263 13
72 74 20
241 408 23
167 395 4
161 428 21
172 230 24
131 52 6
164 373 8
403 403 1
154 214 17
240 310 22
325 255 13
311 321 15
170 116 13
125 288 24
183 173 5
137 195 12
220 173 4
261 139 4
75 328 9
394 396 10
169 130 23
82 400 19
409 54 15
205 308 9
92 378 2
65 202 19
176 309 9
315 346 8
316 149 7
258 402 11
21 290 15
309 225 11
266 268 12
312 281 7
154 375 10
314 268 21
79 383 4
92 217 25
139 300 24
220 175 13
230 206 20
119 362 19
352 241 11
312 284 15
134 339 16
114 203 9
312 7 13
361 102 9
271 9 23
6 272 25
141 27 14
96 57 10
122 197 9
428 155 1
318 176 13
122 362 1
174 96 13
2 310 7
90 14 8
200 62 22
144 76 19
106 243 23
381 205 4
392 132 10
351 227 7
162 311 7
145 186 23
5 223 25
428 73 19
220 247 6
288 267 5
340 8 11
316 252 21
265 85 10
349 350 25
383 418 3
346 184 15
72 389 22
132 201 1
247 114 13
184 403 10
230 281 16
254 219 10
100 80 19
72 118 4
275 304 6
425 221 22
205 412 11
11 171 13
195 106 19
429 182 10
151 285 15
245 59 19
108 295 7
124 401 8
157 426 1
139 181 22
344 160 5
172 39 4
351 178 1
370 178 10
212 239 3
101 186 16
176 244 7
