828 8160 652 465
364574 608150 871518 201225 962037 461071 935357 7743 226029 73938 511775 531824 474646 623875 11233 34171 287952 462811 750931 112226 42687 423258 344781 969449 347773 352479 432996 191439 8279 645945 998592 793866 256473 783140 299696 311701 488469 220573 99209 384878 486890 445202 905334 222609 522567 980160 375885 89633 337888 666926 432432 860040 77639 229908 36551 933723 869295 330840 331001 979810 44457 457468 857008 412109 918830 969291 530457 801429 849614 48479 6354 319600 631625 434436 234965 888770 482724 353575 516523 667343 122375 138303 679119 489285 510509 492847 16241 221310 314529 546320 730688 122829 348424 58317 183899 802313 260254 134354 571491 974629 781770 212928 57384 371693 709880 672192 207465 898886 875122 385451 479860 793047 163170 821860 774383 682604 276791 99135 938785 983534 439356 229666 618276 285486 249334 158551 608541 744181 564297 627663 851708 539322 110839 345429 815635 178523 856754 761343 435995 609049 755209 329195 818057 742088 542467 262423 969577 569835 818497 42636 72277 436759 153050 130576 704484 680904 872786 515025 79947 37155 222343 660689 444201 819531 67893 260066 562793 876421 666962 233780 551983 769550 569140 891935 842479 680581 196734 35201 125566 792400 148778 764882 777379 908951 214633 393163 488213 561415 640528 598153 917573 658343 449699 844000 715376 336746 527941 373298 849089 754968 430219 232034 108753 254998 767769 329023 175613 424162 385253 753689 357756 511902 134106 609694 756386 68436 313666 677060 213117 211610 75829 241660 647723 899153 56910 211148 8353 550719 934199 218945 380860 278499 402068 170020 6819 256291 994233 103992 664203 615241 80650 844632 247937 363554 95279 395571 362223 321856 663707 356816 109180 67335 127291 173240 438266 233886 24120 670245 342360 659782 991766 401713 475629 601873 744397 858212 527382 63889 947118 742505 85426 947540 868438 623542 689201 356923 632457 225049 10844 769269 92239 318455 482934 517406 85145 34960 107016 678786 51848 876186 630249 743017 631564 458951 843522 966680 472414 759616 643622 428372 799731 347643 23759 393494 501844 840533 397592 795354 817026 735763 136193 237516 498508 929034 6040 148529 542089 48636 538249 381837 517860 573083 840730 110995 225213 632695 661905 462670 592342 633006 237817 401631 421064 39350 353401 336972 221939 461532 813988 965574 364394 945908 596654 442951 460801 537217 231127 505920 628419 427170 199105 747263 290831 740829 508714 228668 302188 657247 428924 181327 51092 114403 736630 588729 813917 636449 173917 929325 718110 134923 39620 897304 828127 637135 907250 633036 535476 676719 45654 551980 403572 80637 287050 291644 620481 189369 274788 839375 43842 272191 749575 372771 462298 681585 960974 132920 456248 560550 343232 434611 781835 845432 784994 858062 595029 145361 314694 536574 652981 506945 624749 431967 65488 631382 884778 872164 669219 25521 172142 518976 568829 307371 960738 636579 521344 358410 386125 876382 702051 352512 899967 983781 901166 674497 190044 672305 938756 200851 364405 643624 325386 26828 174789 684988 871514 903291 805094 579050 239923 267315 857726 312902 104625 899910 543779 956065 615994 159440 741994 184690 733240 613362 388636 283124 673293 893409 54257 901778 501731 5025 190693 168443 284964 354082 963766 560053 827627 237902 496 979040 704153 441780 675519 818186 383724 586356 560306 95062 409057 898440 453303 137097 957876 805561 573986 948055 701927 70613 407987 915305 84859 894603 407729 231487 410822 356934 952001 852125 878172 566777 52032 703181 750051 680703 917127 170256 504679 900201 759187 178771 938901 106517 389237 292467 452426 219909 691261 443797 160663 132022 674980 369111 550523 558208 770776 147611 840526 234687 541322 20659 668777 395414 720516 425305 768222 256062 952768 230147 562695 176337 627477 997958 807277 470270 438030 696570 908225 596676 778227 276907 751200 407841 961979 472883 645425 122915 893275 264097 509899 913084 738645 146203 908587 901950 939087 748772 210206 70462 555894 698756 360113 108360 184798 477384 837032 485080 352544 88205 640985 621111 862664 976901 679947 37343 333543 894489 95265 80254 607924 822889 444351 477434 287683 573316 723703 398147 128235 152419 408500 855144 172815 682800 911807 84405 696982 392205 73495 477510 499140 581291 657215 169084 692422 471852 733607 449850 563331 472016 934684 785498 439433 238535 460087 364725 949608 549305 504922 605822 280382 877675 736889 927544 48155 208363 805716 797899 29879 391518 323679 174619 541299 836399 112904 540977 668271 519878 658523 747271 559255 55588 619775 194016 999632 409680 156868 969429 374386 496192 342026 403106 371411 346008 157293 720906 694694 467388 102715 521252 420570 397831 945663 844597 352834 653126 87880 448408 434304 348384 925816 864874 356041 803311 536563 63217 424677 549652 876770 267124 398900 928750 768483 121954 424587 28704 785493 911934 901190 314307 193981 40803 600789 983996 846866 45330 694283 562886 8096 846719 365503 955977 902074 835758 261516 534787 701401 119194 203791 222648 1215 445898 791224 461940 231990 526128 387496 545741 436178 610005 937649 545438 294492 618706 355442 848010 715432 16083 797641 724777 754781 231162 101028 543583 542974 648376 421990 627484 871252 464228 49340 235522 44271 775267 910075 221728 922921 978633 141397 490607 374928 885741 207 438681 88220 991622 477791 674641 957677 275348 592752 552202 716360 595519 82014 737584 651012 63417 655435 581254 707249 110098 387958 733393 898892 297610 72236 188949 889912 984412 131515 23390 559807 653159 284570 384327 266911 125887 283827 123280 295727 65203 935520 702242 79693 486915 589801 86549 389291 174294 55549 148358 283427 142928 854894 417930 139180 201725 228360 869764
424 171 52
144 794 97
794 563 52
799 777 66
420 40 81
114 733 28
369 274 99
638 77 2
628 613 104
203 561 93
510 669 16
609 326 85
798 823 98
537 72 11
377 527 22
532 111 47
509 153 90
528 247 123
675 555 93
130 406 70
651 22 97
646 777 108
110 199 93
443 806 61
450 220 51
317 638 19
792 416 127
479 241 17
652 343 120
244 329 36
656 344 82
677 537 42
815 99 21
402 166 16
367 661 18
320 249 3
51 567 93
101 503 78
464 150 50
465 91 59
238 136 73
536 718 3
328 145 69
717 6 28
632 704 92
32 27 21
732 179 46
29 802 84
258 285 123
152 442 60
222 14 121
249 10 55
544 714 96
143 264 71
55 366 98
793 695 47
213 166 52
12 763 59
573 650 104
761 824 118
342 680 41
65 245 28
672 139 71
593 266 72
315 560 84
288 600 119
19 81 24
110 695 37
442 736 55
365 297 27
683 41 113
663 243 91
337 598 73
576 31 14
720 52 66
12 566 116
800 575 6
437 244 61
349 88 46
610 488 72
28 713 51
561 749 18
371 662 20
748 148 60
784 77 31
259 628 24
791 498 15
579 201 33
498 644 46
285 66 36
555 46 49
547 625 19
633 516 126
413 573 77
395 811 61
743 558 70
671 523 72
1 505 79
713 530 42
628 431 93
180 507 65
555 222 59
539 439 114
451 455 52
309 353 124
822 668 76
477 60 42
64 557 46
578 28 14
660 501 82
228 800 110
745 432 67
352 131 64
138 796 94
614 7 34
575 746 67
37 727 118
638 341 16
556 265 103
588 777 4
776 780 102
129 494 54
231 786 108
619 172 38
311 309 13
64 742 76
814 178 108
722 352 58
85 827 41
29 688 123
529 805 40
820 750 64
702 12 52
180 141 85
119 449 106
113 473 68
674 549 6
663 475 74
39 246 1
671 778 86
509 278 18
779 163 78
487 284 79
755 269 68
292 358 18
250 487 43
295 786 110
547 152 3
54 253 120
793 572 73
256 339 63
299 124 80
386 229 120
178 594 47
423 108 91
76 433 91
388 730 121
277 662 2
787 426 63
511 55 120
442 25 38
26 144 94
139 753 44
767 187 58
568 530 55
792 410 96
530 184 126
543 448 23
58 134 22
593 292 41
226 393 60
503 26 91
718 218 56
419 532 59
527 489 35
424 79 117
160 182 38
371 404 42
738 504 54
678 787 4
510 574 94
213 717 13
681 566 79
598 186 46
436 443 27
515 778 104
22 133 105
347 801 24
414 67 41
256 484 21
729 32 120
169 467 86
697 79 23
299 623 121
13 68 125
614 101 107
690 17 82
455 625 110
384 107 96
400 648 84
145 720 84
615 819 61
419 281 17
330 708 76
727 31 10
569 67 3
390 296 45
111 790 120
662 357 42
433 165 32
258 672 21
477 458 47
215 589 16
525 746 35
667 264 30
249 150 36
718 361 84
821 72 20
605 359 60
621 398 105
41 14 22
269 224 107
558 753 45
666 74 8
331 572 85
242 717 20
532 640 61
697 37 116
306 177 41
155 135 49
753 161 7
132 2 122
304 39 74
766 136 61
161 735 67
239 44 83
717 813 66
29 139 26
12 444 15
588 482 27
218 611 26
463 672 94
579 650 52
119 284 107
412 227 107
273 67 84
418 738 47
717 205 75
693 698 126
485 612 47
452 319 62
88 523 96
579 674 54
398 64 126
565 11 62
641 437 105
814 587 80
632 218 34
455 749 26
314 213 25
630 731 73
570 604 86
731 718 130
283 676 115
780 471 118
763 461 99
579 689 16
35 772 26
781 251 125
763 262 79
599 475 78
64 20 11
793 529 29
475 805 114
438 486 71
447 547 4
770 773 56
214 391 95
647 552 59
84 8 73
191 664 56
255 780 102
333 289 99
550 301 88
582 211 46
233 777 56
811 525 7
731 407 54
429 85 33
278 374 22
726 59 107
717 761 33
785 345 124
182 324 26
320 299 106
294 579 121
488 563 74
739 329 63
805 437 82
577 205 11
795 447 100
597 237 47
688 131 46
747 410 30
803 348 37
272 87 116
818 553 100
216 437 102
792 306 55
416 456 64
135 480 95
484 237 43
371 544 128
304 793 102
636 490 46
153 102 31
97 639 21
294 202 7
27 351 21
168 168 124
136 130 104
696 108 68
456 661 61
712 109 20
61 351 120
324 317 54
416 43 30
431 228 108
369 295 90
706 80 124
588 475 90
779 374 54
366 432 96
270 521 103
721 154 64
205 123 122
139 170 32
825 572 8
457 277 59
233 60 64
596 567 26
29 331 69
61 112 102
396 427 63
47 223 101
127 32 16
798 87 67
200 580 90
382 400 28
641 553 21
668 479 1
820 505 66
387 172 73
16 493 64
520 41 116
766 447 23
262 327 118
601 806 11
551 107 37
245 434 33
825 539 50
660 770 9
285 673 29
454 63 100
629 825 87
135 658 129
51 58 78
590 290 57
350 289 127
238 465 79
360 563 54
337 604 89
225 337 78
108 319 65
115 570 85
569 386 123
371 556 92
645 174 70
633 333 73
240 421 49
451 274 71
826 135 106
5 730 96
799 735 64
587 307 123
526 122 4
128 281 121
374 724 65
420 290 96
222 579 90
475 320 102
72 647 49
437 556 78
13 46 80
774 573 8
68 529 1
369 472 57
745 114 74
485 46 6
26 45 41
811 632 96
580 786 82
63 784 15
76 38 98
594 221 34
153 361 103
160 656 65
699 513 122
66 413 106
641 685 9
89 306 5
93 807 57
227 484 86
277 758 67
481 131 5
262 647 89
688 63 101
638 226 70
419 474 20
575 365 118
171 662 89
229 103 19
551 796 27
281 655 35
13 423 82
721 127 12
511 121 54
272 305 63
594 358 15
119 743 114
310 383 96
139 710 8
696 243 112
219 329 59
472 431 78
671 683 23
18 645 17
452 595 77
286 125 73
208 221 41
614 270 93
78 108 5
400 423 27
1 73 94
331 205 26
128 125 37
152 134 107
525 221 72
163 343 45
508 645 27
56 235 15
47 403 119
25 382 10
527 161 82
726 588 21
451 627 53
788 622 104
105 398 101
49 573 18
115 196 41
529 565 22
634 240 32
548 6 35
104 531 48
255 61 24
476 173 121
608 77 43
425 709 61
193 787 30
101 221 20
621 333 71
187 463 74
173 24 40
405 34 108
84 328 81
81 499 96
141 428 37
500 407 67
123 454 6
47 240 64
71 167 16
259 146 127
446 707 97
498 730 64
52 717 122
258 593 115
695 575 87
448 509 42
667 710 87
172 368 102
753 619 23
231 232 91
527 238 22
408 597 57
359 302 101
473 448 71
18 659 1
572 114 1
78 790 4
551 549 75
239 419 11
399 603 59
809 341 102
250 54 130
685 180 69
471 560 66
114 668 44
579 664 48
132 713 75
717 292 79
228 406 73
496 759 114
383 64 31
573 15 116
261 175 52
129 81 40
258 679 52
341 161 61
457 605 95
280 665 56
702 466 104
716 479 96
60 156 62
155 270 13
130 589 119
169 532 75
661 567 22
451 216 115
625 638 61
440 451 15
609 446 61
441 803 122
418 672 130
496 231 2
604 828 27
815 170 68
14 718 118
311 528 69
711 611 114
39 539 34
320 525 83
254 505 113
289 572 20
517 658 60
167 762 75
630 241 124
153 307 92
661 397 35
269 214 98
328 215 122
625 39 15
734 747 102
370 613 40
157 648 11
568 640 47
528 133 106
179 448 42
54 719 49
459 187 17
59 717 67
356 703 32
597 383 89
297 423 22
310 56 112
333 626 126
393 95 8
582 658 98
748 583 79
729 553 45
728 796 113
52 103 6
601 329 10
442 467 70
652 463 53
411 525 92
823 359 67
804 219 116
421 457 56
88 752 19
458 313 53
724 469 55
220 580 101
75 693 16
470 739 12
483 154 106
454 470 115
366 545 58
438 647 97
195 194 73
49 246 110
660 26 109
586 715 48
763 326 102
122 154 86
541 269 53
297 676 32
40 317 116
178 296 23
682 190 62
733 448 46
14 408 39
429 487 10
185 468 89
379 156 1
399 58 28
414 611 120
566 650 47
190 132 64
59 577 65
557 286 62
493 711 109
668 57 97
504 215 39
492 319 62
562 757 24
587 741 11
277 247 125
749 371 43
797 448 84
143 222 127
292 573 59
561 544 44
319 199 1
605 823 16
647 298 26
625 348 38
136 28 5
111 272 97
92 280 117
156 376 105
772 411 26
24 474 72
417 186 74
684 600 30
79 690 110
63 52 59
558 172 39
480 671 21
696 410 106
540 387 7
121 686 103
576 208 4
366 357 40
423 811 100
77 678 43
115 716 26
681 478 59
461 240 60
303 519 36
69 122 90
392 124 108
588 408 32
486 76 73
424 704 111
268 180 9
635 391 92
64 497 8
570 325 107
334 578 57
123 522 7
730 130 18
626 92 69
242 4 100
612 323 128
523 374 28
376 244 31
15 318 29
208 577 34
466 118 112
188 400 92
513 252 113
34 140 13
765 332 47
225 740 130
772 271 86
638 714 48
19 706 31
372 250 14
706 516 25
569 237 38
198 356 3
462 451 109
241 752 50
76 585 96
485 369 89
578 232 20
399 692 56
435 537 120
501 255 130
502 6 112
740 180 52
5 618 36
116 362 124
459 331 22
676 378 29
395 20 87
672 159 130
250 734 22
186 761 26
333 159 41
759 328 83
807 551 101
580 611 128
261 97 55
350 716 124
351 488 53
646 76 99
68 675 120
686 483 16
31 704 73
307 286 29
541 341 70
586 480 98
717 32 126
272 258 96
753 684 1
581 708 22
673 619 78
646 175 114
543 330 74
18 512 22
706 90 79
336 137 1
740 387 33
309 440 2
158 312 105
277 757 129
738 743 22
165 539 23
551 539 99
253 751 88
560 717 32
425 685 60
70 709 55
66 76 71
699 23 7
309 65 28
444 236 122
204 67 58
495 552 16
302 61 92
256 148 81
348 23 107
625 86 115
789 736 85
150 449 114
544 791 114
775 717 7
750 199 114
395 337 82
755 629 4
460 382 113
295 111 86
170 532 12
253 366 49
531 184 67
602 803 109
644 470 102
480 453 125
470 135 123
48 133 17
96 567 114
574 78 128
514 667 118
373 128 37
542 359 1
98 741 87
653 717 42
316 658 67
303 210 36
744 629 128
58 535 27
529 133 28
543 396 67
457 641 22
161 228 73
565 224 95
296 420 129
613 635 94
740 639 31
151 233 108
494 132 81
652 214 78
68 794 7
543 706 119
352 270 23
378 539 14
90 256 94
690 392 111
595 664 5
675 345 96
653 483 109
219 208 66
390 334 100
454 168 93
413 261 9
328 701 63
318 51 130
63 509 1
252 279 65
536 580 73
291 487 130
428 37 65
249 246 129
619 623 63
21 3 102
797 825 40
703 591 79
75 712 16
138 244 101
266 272 89
672 16 49
729 470 23
349 54 35
35 470 6
729 769 44
741 695 87
358 378 119
321 585 22
58 807 106
674 809 26
650 130 32
770 282 124
290 238 107
135 364 77
377 80 48
121 48 79
293 167 107
315 758 73
340 581 4
64 671 51
170 600 96
741 823 99
217 251 70
455 713 16
225 720 30
155 407 116
93 480 17
198 173 87
748 818 103
462 248 98
243 457 115
450 219 80
784 669 101
539 428 94
734 486 101
253 812 45
601 760 8
291 611 59
228 631 109
792 632 95
670 709 126
672 671 98
44 472 19
319 446 59
581 711 71
275 406 73
68 787 73
793 644 46
146 757 15
708 64 46
81 265 3
99 218 24
621 541 110
727 635 18
662 736 21
202 531 86
757 690 41
320 236 32
303 225 110
557 275 125
217 123 23
282 789 100
598 148 113
391 139 3
150 401 35
146 422 75
677 97 93
235 696 30
406 519 96
33 382 47
328 604 66
544 346 14
440 499 104
280 173 127
696 779 82
234 3 84
287 225 100
607 462 23
103 216 13
231 426 119
168 318 124
533 806 15
378 116 17
413 541 4
345 700 57
737 237 13
727 297 25
321 488 19
772 74 98
487 271 8
68 521 105
163 127 18
140 335 112
603 435 24
533 826 114
806 621 43
106 663 12
111 554 1
542 232 7
703 241 75
42 419 109
49 694 7
167 609 29
751 343 79
529 729 125
756 40 25
579 388 112
448 645 50
396 749 38
415 468 39
79 600 74
40 507 80
729 391 120
672 691 85
619 761 81
548 498 68
345 725 116
696 167 26
370 655 127
128 574 81
742 473 23
405 652 101
375 267 95
191 636 82
552 315 112
340 543 65
134 537 40
774 747 45
358 455 101
329 251 36
377 827 120
424 187 86
361 671 116
814 215 62
198 318 39
496 479 10
724 470 51
465 658 37
198 670 7
762 542 114
241 691 108
613 531 100
310 206 102
762 821 105
300 206 101
554 105 6
730 439 5
172 398 62
73 209 4
55 204 118
49 308 12
767 62 61
609 180 102
151 611 53
77 634 119
771 822 34
549 333 50
368 218 25
336 722 31
701 490 98
284 193 49
490 39 122
657 603 127
308 112 79
167 586 22
464 619 27
383 735 107
9 417 39
95 524 89
12 111 39
392 531 113
60 289 119
526 691 85
311 49 94
290 335 108
299 164 29
585 689 54
728 732 44
789 167 105
632 686 34
215 552 99
164 631 69
314 692 39
794 492 61
329 57 72
332 740 28
170 24 68
812 659 123
739 754 114
113 129 15
339 442 40
185 418 72
810 299 64
792 342 29
404 191 79
363 225 16
431 787 100
602 166 112
386 392 22
820 528 112
733 402 89
784 81 79
553 622 109
448 748 16
156 135 109
25 322 37
286 733 14
739 718 76
174 720 61
634 552 43
128 198 56
430 563 124
539 479 61
291 216 16
239 432 8
385 26 60
4 741 62
763 708 80
609 367 75
406 652 117
258 542 12
77 675 35
243 618 10
221 40 36
90 729 110
678 514 107
259 93 88
711 737 57
39 302 109
172 556 128
210 344 94
287 421 126
127 536 14
557 509 56
715 98 51
415 283 28
389 801 105
90 17 12
619 16 28
816 450 109
651 458 43
640 622 76
174 822 25
231 439 76
188 440 109
291 214 25
699 120 36
92 359 112
800 288 115
339 820 101
252 4 60
396 739 108
135 202 85
95 241 20
520 479 19
119 187 20
53 108 118
752 614 99
412 809 108
204 776 4
545 294 101
367 739 90
815 300 15
578 807 118
245 459 102
212 7 14
364 741 22
196 409 110
679 750 13
813 593 98
89 516 1
442 568 66
638 688 65
246 326 67
280 199 61
102 630 116
514 421 62
332 711 49
272 370 8
280 129 91
416 551 117
16 501 16
259 680 118
687 629 73
604 480 105
17 627 67
529 762 38
211 823 2
317 464 39
724 409 126
201 190 37
519 490 98
468 628 90
60 106 56
311 822 46
341 472 89
698 504 107
549 191 40
147 777 101
48 504 119
2 661 120
53 262 18
681 10 9
356 723 128
674 398 130
467 252 10
330 418 49
239 384 79
731 60 85
122 652 103
346 534 127
775 585 11
562 88 64
593 437 43
552 674 75
422 627 33
750 736 92
361 800 118
275 473 88
756 182 127
696 740 120
210 166 22
413 247 12
125 103 28
239 771 40
389 420 76
613 639 56
52 411 32
105 99 54
784 495 78
304 278 115
563 756 79
635 599 115
27 628 66
752 489 70
177 303 57
555 672 130
352 249 36
503 7 119
379 824 122
403 417 127
434 505 130
788 548 90
827 616 31
348 464 23
561 436 70
602 577 28
382 68 1
312 416 111
399 130 96
761 589 85
110 579 1
568 596 113
260 99 3
140 652 111
655 566 24
726 575 48
138 330 28
170 537 96
824 329 20
282 551 118
381 493 74
644 21 65
333 490 69
145 117 84
748 135 11
316 670 123
785 603 17
458 75 91
546 235 31
192 726 67
491 546 83
44 314 40
292 460 94
731 692 60
572 762 130
518 185 20
69 573 40
808 313 105
306 697 36
334 250 3
192 654 119
748 733 17
697 371 71
343 276 4
655 207 30
14 114 39
17 352 24
296 195 36
78 235 110
261 199 97
688 389 40
652 628 9
682 706 62
68 678 102
297 49 45
279 286 58
693 69 93
754 100 53
713 806 57
761 475 118
402 11 62
203 526 94
621 90 93
696 245 97
339 386 123
126 87 2
533 66 32
426 227 20
706 621 126
765 500 34
792 657 123
117 72 71
70 185 53
753 470 41
752 320 57
322 192 92
330 443 10
367 388 125
659 427 62
413 801 3
767 358 19
787 432 123
340 421 21
583 305 64
607 68 74
590 262 67
476 785 43
167 236 97
140 606 91
664 737 87
321 424 57
750 564 112
686 783 3
83 181 11
79 400 125
681 330 97
517 429 92
610 231 14
766 681 111
248 245 104
220 98 116
672 367 20
512 681 126
68 639 53
110 675 23
703 459 105
339 45 22
216 646 72
496 450 62
610 414 77
44 9 2
154 32 76
74 348 49
495 190 72
294 439 21
315 463 31
508 754 122
196 624 114
351 16 119
651 753 12
763 78 41
766 467 120
574 672 26
810 23 115
382 287 52
228 674 23
480 22 109
693 702 2
293 336 75
809 119 10
279 269 102
681 609 22
642 425 107
30 773 119
778 269 95
18 366 90
294 825 98
643 309 112
417 815 73
411 157 127
338 758 120
247 814 106
640 301 99
783 607 29
578 765 27
811 542 31
557 285 36
15 611 24
550 691 66
546 148 73
504 79 31
774 213 9
462 394 56
749 503 97
730 813 106
99 246 125
21 352 50
584 814 55
129 195 29
633 193 114
816 104 126
567 527 90
94 569 87
242 74 122
762 403 103
140 235 52
96 497 5
618 794 60
355 617 16
396 401 83
236 426 108
308 559 96
451 133 10
530 652 78
621 538 43
436 246 69
556 697 51
472 438 31
297 621 76
319 408 62
784 163 124
246 498 108
467 734 43
425 552 42
183 363 106
670 80 4
656 707 19
742 397 127
548 271 46
189 31 68
359 165 98
353 670 33
338 356 82
125 246 123
165 516 34
370 579 129
727 576 29
345 275 6
826 51 63
180 734 21
350 774 80
143 344 115
438 451 72
15 126 7
676 282 115
79 757 1
229 180 25
825 159 117
60 427 100
699 343 18
238 719 40
695 694 65
57 56 128
39 459 25
538 381 130
37 502 76
703 209 19
651 404 8
766 28 21
576 237 35
153 561 45
134 416 79
407 21 66
86 431 120
802 541 107
657 351 88
631 163 103
270 51 32
365 615 40
561 613 123
660 570 22
766 471 20
91 23 120
705 359 9
756 792 121
761 476 59
603 122 125
751 176 63
303 449 33
358 786 19
188 52 57
408 375 25
111 374 75
245 267 114
493 555 57
589 592 101
567 287 5
386 576 108
278 205 24
145 396 99
3 524 10
551 695 32
772 642 33
814 596 89
173 523 96
676 149 10
409 20 47
344 578 31
430 237 116
667 503 46
362 186 9
95 39 47
738 789 118
521 528 18
295 385 111
318 19 124
182 409 9
154 275 25
335 155 118
403 240 83
365 306 3
665 341 36
619 730 128
47 274 116
224 244 85
513 804 115
365 274 16
279 495 94
436 494 83
97 141 10
678 782 54
80 106 109
307 181 17
151 379 105
813 678 102
538 769 115
490 153 66
250 571 117
522 450 23
494 328 76
777 644 86
461 488 37
154 274 64
159 763 31
572 38 21
772 591 68
483 777 49
20 648 8
493 141 13
249 220 94
812 489 36
143 92 130
43 306 5
72 261 15
553 78 30
815 44 55
383 401 4
92 504 59
446 825 3
581 509 50
296 111 105
594 489 100
584 266 61
259 384 20
116 697 125
587 129 22
324 792 87
308 347 122
272 427 41
143 308 58
336 185 118
440 791 88
156 761 14
467 244 32
466 340 27
356 206 106
726 795 98
787 194 100
315 298 56
483 58 72
387 341 27
807 687 42
716 309 30
610 414 18
716 445 44
530 189 33
632 190 37
26 418 75
453 184 80
301 297 46
488 774 87
587 202 60
380 224 64
612 742 87
167 93 7
7 171 53
600 150 51
24 129 52
469 714 104
691 812 72
138 605 88
272 505 61
403 427 87
460 599 71
800 729 56
702 251 110
44 303 79
470 455 24
78 392 36
789 792 111
221 141 128
132 330 34
350 631 80
377 783 90
607 530 89
149 79 108
221 180 1
217 106 72
367 130 90
176 566 69
260 745 104
109 801 54
774 667 25
576 566 52
660 175 19
456 794 16
84 516 94
265 457 57
153 437 13
574 602 22
644 699 80
489 191 79
112 17 2
332 378 98
523 365 81
75 414 19
116 274 44
670 740 84
592 169 92
327 151 57
315 426 79
422 609 36
327 550 70
246 372 26
542 56 65
110 79 48
506 713 28
675 617 83
580 755 123
685 554 48
711 285 55
177 577 2
442 540 10
774 779 92
761 810 67
53 326 32
737 221 128
410 786 74
81 551 40
675 100 67
658 577 66
239 627 76
560 765 38
360 607 92
296 739 111
720 359 130
772 373 24
632 722 75
485 198 89
142 768 128
338 273 52
719 195 7
626 105 51
69 728 113
252 747 28
438 197 17
164 563 82
669 120 2
183 153 37
439 494 87
59 150 117
784 211 24
32 640 117
505 459 71
397 788 31
388 108 118
436 745 110
809 605 25
777 227 123
818 450 64
431 782 117
209 722 16
675 368 116
569 400 8
511 108 44
199 175 63
699 309 102
223 53 17
587 1 91
251 271 104
600 427 67
388 85 125
319 426 87
317 611 31
119 458 20
799 441 126
781 206 71
504 240 39
253 678 100
123 634 129
163 445 106
229 164 122
192 575 25
188 249 42
148 704 57
543 718 67
680 540 99
90 814 128
175 363 66
451 767 90
68 246 89
32 685 15
33 822 124
536 783 82
256 391 72
11 344 65
132 72 77
247 141 99
184 95 9
183 553 64
246 620 23
358 110 16
655 369 91
594 227 9
166 582 23
558 754 29
77 156 110
465 309 3
816 458 66
610 9 77
448 478 15
155 46 31
45 714 68
536 569 110
409 729 11
161 190 93
294 208 28
225 297 112
629 757 112
754 662 111
332 280 24
401 662 60
102 725 10
818 540 34
695 734 19
306 562 126
634 732 82
243 790 62
620 73 5
185 826 109
373 676 30
148 465 23
74 409 44
107 286 107
348 55 23
744 807 77
544 239 56
403 173 70
584 120 100
48 826 77
63 278 87
654 379 44
319 354 27
667 768 80
118 685 45
23 564 63
585 809 65
160 686 78
332 37 47
817 826 27
63 555 8
165 761 42
85 796 10
323 517 1
295 472 101
294 661 23
250 389 1
19 481 1
105 299 113
714 34 31
261 578 52
225 406 128
816 483 29
354 405 48
464 410 76
818 223 75
614 241 38
12 540 57
540 513 68
92 775 110
718 432 129
287 474 58
476 475 34
141 136 126
697 546 82
589 616 86
312 311 36
307 95 41
172 342 89
361 787 34
362 574 5
141 264 62
12 516 90
52 229 120
720 30 43
409 485 29
370 179 32
596 551 76
159 793 11
262 546 55
474 150 129
429 364 88
590 261 99
721 512 68
624 375 103
278 445 87
328 572 112
828 573 120
666 194 47
403 19 19
91 327 14
68 234 126
147 768 116
184 444 62
696 371 125
532 355 32
359 341 72
36 490 63
579 169 124
103 487 30
670 117 47
143 177 118
153 587 12
58 476 74
802 648 25
820 167 127
231 138 90
306 150 98
455 754 113
401 259 63
783 731 129
123 302 100
679 385 13
383 378 59
136 660 60
610 216 126
211 36 32
765 786 99
649 267 112
685 561 78
234 405 79
768 471 53
630 93 14
383 244 79
253 800 64
404 121 120
442 88 107
796 488 77
523 238 64
391 68 9
478 176 76
378 522 33
609 136 55
58 367 11
55 441 18
25 743 10
56 256 6
758 827 66
796 756 59
214 509 94
650 62 13
561 700 29
501 595 15
32 660 20
565 101 121
576 759 103
62 295 9
4 84 17
631 604 112
115 639 106
421 441 39
652 191 62
151 194 1
416 487 107
550 362 55
270 552 71
148 446 16
366 77 129
801 243 128
108 141 37
563 282 59
10 255 38
173 197 115
198 207 47
514 756 84
28 185 15
90 83 98
788 814 42
306 178 46
464 416 129
520 767 92
578 362 99
395 533 11
650 808 47
451 294 59
608 109 38
822 548 92
67 412 9
392 594 25
202 143 73
552 532 114
338 96 84
695 144 42
78 451 2
273 616 76
740 480 7
663 540 114
27 716 92
361 298 33
762 536 130
783 439 7
720 303 35
621 518 121
496 434 20
490 108 42
536 282 105
324 735 33
267 561 106
763 627 110
131 677 111
636 277 116
115 405 114
100 632 54
60 426 22
358 308 123
740 181 92
691 155 110
401 130 2
425 358 85
428 593 42
798 407 51
773 528 22
68 652 111
567 241 35
433 443 102
440 275 128
361 782 127
359 87 9
14 209 15
798 205 2
826 284 17
445 663 42
702 679 14
172 123 71
410 461 114
117 298 52
758 300 124
549 240 35
239 248 29
108 545 59
552 226 129
249 23 64
780 402 119
255 18 18
1 432 85
274 247 130
716 726 75
801 579 41
161 574 88
787 765 40
474 389 47
443 710 34
184 19 21
118 117 74
753 145 128
116 560 35
333 677 40
18 84 50
201 649 73
401 597 127
210 499 54
518 191 84
696 188 108
348 434 72
583 777 76
20 825 105
363 4 118
595 108 51
129 737 38
415 516 60
532 674 87
616 416 73
180 421 80
574 290 45
470 640 86
14 265 5
144 280 11
794 419 116
437 296 71
174 122 79
640 445 59
75 472 68
202 211 90
4 828 92
704 751 50
72 537 32
604 605 126
13 724 106
601 67 50
768 31 63
122 315 109
558 267 65
744 213 80
440 391 32
249 318 101
153 377 127
601 566 75
651 703 103
537 485 68
308 483 92
784 827 38
119 386 36
29 426 120
663 120 89
724 160 127
618 507 75
817 99 12
538 694 99
116 155 49
568 49 108
302 474 129
278 524 86
827 692 15
229 559 74
111 168 67
112 112 54
114 432 25
613 450 100
243 479 2
10 190 104
484 557 65
568 535 114
255 414 100
651 417 15
686 260 69
112 86 76
148 541 12
465 242 76
708 275 74
348 277 7
159 43 103
726 421 99
49 533 12
500 752 21
107 364 71
62 487 103
28 775 76
800 47 103
320 223 37
85 337 25
276 498 110
543 519 105
137 10 85
78 412 28
14 468 125
75 688 115
760 778 14
73 147 130
814 668 117
766 406 116
813 606 106
119 5 73
636 524 102
17 151 50
337 208 70
415 100 5
647 609 15
416 499 34
54 41 64
685 572 70
20 113 120
355 428 21
492 179 79
25 521 59
591 60 130
586 536 60
50 453 129
670 136 39
805 413 22
563 350 74
84 723 102
658 735 83
429 193 14
165 486 95
349 828 110
485 529 14
33 727 46
84 287 49
579 100 8
231 476 47
22 408 69
398 223 106
729 808 80
711 169 81
378 31 101
239 486 5
786 573 61
382 217 105
601 234 94
641 558 13
12 486 109
21 627 125
320 698 105
175 249 7
451 441 124
436 445 87
97 480 44
392 139 96
692 564 13
564 524 79
382 614 81
407 816 84
429 631 113
332 163 39
299 114 125
818 440 102
177 102 34
317 644 74
534 761 21
544 128 29
479 47 119
373 577 85
181 366 73
825 58 100
165 528 102
16 216 117
16 121 117
297 215 115
354 254 43
484 240 40
98 537 16
299 810 75
406 155 46
5 514 36
102 191 88
116 427 79
329 463 15
401 55 95
643 768 63
119 185 95
684 577 55
205 310 61
826 339 79
817 150 78
558 734 42
550 510 49
793 305 84
535 497 65
237 559 41
525 2 11
699 256 115
783 129 22
166 240 42
668 16 37
25 255 98
10 455 4
319 311 97
801 303 25
42 151 124
586 103 66
779 521 129
406 70 111
815 485 68
298 267 4
725 677 89
419 411 119
710 635 113
579 702 69
106 506 42
125 416 68
590 175 97
655 482 18
695 283 5
824 604 29
793 431 20
313 169 63
408 413 113
825 728 113
670 441 105
228 19 102
329 301 84
88 723 22
156 422 72
201 190 127
9 198 110
504 45 116
114 723 98
16 155 21
329 534 113
531 502 4
77 445 49
397 552 37
772 329 126
288 522 64
756 176 31
470 616 18
733 688 98
800 88 123
252 20 33
621 208 92
14 149 82
232 593 111
628 230 65
794 131 71
133 520 30
332 591 46
739 214 57
638 707 125
440 257 31
417 67 25
532 658 36
193 189 87
107 679 109
323 393 54
152 383 80
707 210 68
777 196 34
78 325 80
125 20 71
417 541 22
810 824 37
143 268 100
677 528 34
47 760 118
755 294 103
25 630 78
50 272 96
666 138 57
244 217 102
283 552 70
592 798 129
511 803 62
389 180 60
90 818 46
128 519 69
17 522 41
393 540 45
136 543 98
148 252 70
128 490 115
500 281 90
272 672 118
199 390 110
678 328 2
435 76 90
42 265 95
810 695 41
353 184 102
7 344 86
768 159 124
81 525 9
61 703 43
583 631 2
736 206 117
522 161 33
467 691 49
35 661 14
500 409 105
731 379 106
635 361 40
339 119 116
445 638 129
207 226 22
79 743 126
677 486 20
539 640 80
704 13 25
25 380 55
320 430 56
509 231 44
533 40 73
248 151 35
298 508 15
649 134 51
477 674 44
759 262 35
55 408 91
410 534 13
173 618 31
176 224 78
502 291 35
481 108 37
707 279 37
631 358 28
9 218 50
77 397 27
306 339 12
501 212 103
688 343 88
289 206 106
360 736 72
66 302 31
689 10 2
422 37 38
779 614 45
147 322 16
134 420 26
118 685 82
823 482 35
785 375 77
818 460 29
85 228 58
522 303 36
625 677 126
765 93 121
413 83 66
781 826 53
627 622 93
251 110 117
776 599 129
215 796 117
751 134 16
759 366 93
362 714 71
452 97 7
778 207 94
617 136 85
707 212 51
518 609 32
567 392 48
163 206 1
119 419 80
561 570 50
579 134 25
192 216 21
629 129 110
34 359 95
437 668 65
142 223 126
676 465 76
185 164 7
321 556 52
99 2 122
263 455 14
82 744 1
110 534 3
658 631 27
437 464 109
388 156 68
791 735 79
86 471 96
387 717 125
10 604 99
582 312 125
785 36 87
697 189 81
244 552 52
409 76 102
570 336 33
61 228 126
315 235 125
397 769 89
645 414 27
317 761 24
539 149 124
41 400 99
762 355 111
445 688 85
752 329 37
624 386 108
100 638 116
728 607 22
647 722 67
521 339 71
234 281 106
535 234 127
671 32 50
431 370 37
453 699 11
404 479 64
226 114 31
352 181 71
405 510 60
783 433 15
597 286 80
761 814 130
192 69 28
94 13 86
180 185 33
545 226 62
619 179 83
600 150 29
427 572 103
425 12 121
34 814 115
538 505 62
593 692 68
677 598 113
17 406 18
730 294 24
722 584 31
81 814 72
453 343 60
281 699 28
593 141 26
497 454 84
669 608 54
573 1 119
697 229 100
165 604 19
677 596 21
426 680 61
724 713 83
10 485 120
716 784 35
313 33 85
531 766 56
414 84 18
640 631 107
800 791 49
595 22 34
68 421 53
650 316 52
299 279 1
97 808 70
761 442 48
700 229 88
440 517 14
288 670 10
650 219 109
55 426 18
574 529 101
265 678 35
570 535 34
586 175 1
669 675 103
701 702 47
447 350 89
43 117 73
492 713 52
209 405 1
668 566 97
357 317 123
432 428 121
192 658 113
243 504 14
749 541 39
572 272 81
552 121 23
814 544 22
414 327 116
178 77 97
458 674 27
827 270 18
817 172 119
818 473 46
45 176 95
428 414 121
145 717 2
819 282 36
362 486 65
72 743 43
305 515 76
259 519 46
135 1 62
647 415 102
710 32 45
303 440 49
407 158 113
389 317 36
263 584 26
163 113 41
704 757 48
381 584 123
195 214 107
143 11 62
721 99 23
123 346 73
674 118 92
325 157 116
635 354 11
710 535 114
568 680 82
525 578 30
106 353 103
58 662 94
430 781 104
792 522 50
648 463 23
56 329 64
640 112 45
445 674 107
552 569 25
189 226 84
637 812 75
411 637 82
379 195 116
468 32 77
627 392 71
474 291 50
349 597 20
566 84 62
209 641 59
51 284 72
106 180 103
645 21 8
531 543 69
755 122 30
762 574 65
570 289 91
594 432 32
795 666 81
761 163 61
715 438 37
333 271 112
745 541 94
179 457 91
193 552 86
396 265 12
590 266 16
201 109 24
200 234 78
374 148 92
441 568 85
496 404 39
55 268 63
804 282 51
122 102 78
818 604 24
105 419 98
493 395 97
584 297 54
52 704 7
169 668 91
218 740 79
315 556 77
95 570 13
706 312 122
453 779 128
713 44 15
767 170 26
204 17 108
2 114 71
434 706 43
336 570 88
520 709 8
602 751 31
319 49 46
728 624 7
35 62 34
70 372 40
803 796 40
750 688 86
729 667 102
628 113 63
73 408 127
449 48 108
12 90 94
205 550 33
127 22 105
507 550 121
241 801 75
25 218 40
685 117 105
449 233 5
115 1 103
273 36 105
813 3 19
248 561 41
451 499 36
625 179 53
276 27 63
637 137 52
815 113 76
816 434 97
563 711 99
638 187 18
178 254 15
89 49 78
93 669 12
691 445 93
644 510 37
473 465 106
163 384 123
406 494 126
321 745 31
458 52 91
101 623 29
284 589 76
796 454 76
302 629 130
388 797 92
294 128 45
278 314 53
369 230 21
543 313 111
720 551 77
598 7 28
311 584 7
591 236 9
340 268 89
48 200 117
454 52 78
624 664 52
238 676 102
642 139 22
656 135 43
542 336 48
422 315 117
444 749 27
412 215 16
528 400 55
67 84 21
306 341 103
211 323 32
469 655 24
776 623 71
738 465 3
777 707 8
403 582 117
126 750 4
433 443 1
290 420 108
13 161 90
612 628 88
290 34 128
467 345 97
408 235 122
470 783 55
584 688 47
417 330 7
243 321 49
424 738 102
123 228 83
516 585 98
676 417 125
683 275 113
142 48 82
659 493 47
549 220 37
177 18 85
718 306 80
683 298 6
178 40 77
2 366 119
721 443 96
664 569 53
546 779 118
154 714 51
187 731 67
69 542 42
46 581 113
685 708 56
765 60 119
674 113 64
98 339 42
522 534 61
623 532 22
503 544 73
810 459 34
323 651 74
755 683 69
27 117 56
351 735 101
621 505 49
630 208 11
140 795 108
112 247 90
248 482 68
427 746 64
101 2 60
556 490 105
508 616 19
687 749 120
291 370 23
311 361 89
531 309 102
10 283 120
414 484 13
164 252 57
690 194 47
125 496 111
222 242 61
472 772 44
398 322 60
214 824 12
619 619 69
776 418 85
440 604 115
684 729 25
744 634 65
211 616 80
729 556 28
749 512 53
503 207 34
350 515 108
147 155 90
31 188 43
272 363 67
86 142 109
806 676 54
650 63 68
459 628 18
537 143 112
458 696 122
287 510 55
125 186 13
310 598 41
30 807 38
35 364 61
768 812 98
217 371 20
170 308 108
645 441 109
139 552 122
174 702 24
2 267 56
313 117 79
618 597 57
148 448 58
238 361 27
806 228 67
559 645 48
769 812 87
710 286 127
644 692 60
73 342 125
635 282 9
762 495 33
180 14 35
394 773 60
592 149 17
370 747 91
170 337 74
555 611 70
263 728 92
755 491 81
295 289 36
592 573 31
635 455 52
201 553 122
457 215 97
809 340 70
688 16 27
467 174 117
495 716 100
568 473 105
675 339 65
54 134 98
107 815 108
484 79 126
639 816 91
754 204 45
428 680 3
167 83 67
268 40 44
215 172 60
289 294 43
774 10 64
689 605 48
672 286 49
640 233 88
785 81 40
411 426 26
160 132 81
802 232 11
728 223 116
662 213 10
738 289 120
224 759 46
41 654 11
512 33 89
796 812 108
185 120 110
216 596 3
246 439 47
742 739 68
63 82 87
270 38 117
482 536 102
253 88 79
811 47 7
110 748 85
480 148 2
436 562 18
342 194 109
57 559 62
147 437 28
389 716 28
823 764 38
325 400 15
375 423 130
1 461 23
197 356 49
469 329 33
642 493 114
145 28 56
321 133 112
522 45 2
193 437 95
547 290 21
672 118 8
133 309 49
562 246 50
97 491 34
475 24 93
175 332 76
251 691 64
92 718 16
600 740 23
425 310 32
378 746 95
370 177 82
495 24 25
294 265 2
541 370 55
216 52 55
39 12 94
57 802 113
235 261 60
540 547 90
760 569 66
348 826 83
673 451 117
270 522 82
170 237 85
513 122 10
101 236 70
501 619 100
375 313 35
570 350 86
591 386 87
160 678 78
703 650 58
475 3 62
332 260 70
26 146 112
409 371 22
366 222 15
475 636 94
400 792 61
154 307 46
379 811 40
294 355 104
166 670 24
22 119 98
451 672 88
181 360 76
108 613 119
37 731 101
190 138 97
198 603 128
119 15 57
440 296 29
790 688 36
326 766 38
373 323 37
260 738 129
442 481 13
11 660 122
750 147 41
713 295 62
219 345 106
158 468 71
400 459 54
400 2 8
805 334 39
119 202 66
318 728 39
628 127 14
437 398 50
585 468 9
296 530 48
727 165 63
629 520 61
602 445 120
379 785 120
479 116 16
549 216 85
806 594 123
483 52 31
636 551 3
802 582 116
350 80 105
329 425 52
185 223 78
737 233 130
606 575 38
197 91 56
596 586 1
363 563 27
70 209 127
563 500 9
56 696 79
80 801 79
647 781 13
647 302 88
662 205 95
673 655 129
743 239 87
793 773 40
157 567 76
276 548 15
523 253 63
157 721 26
241 735 26
390 126 44
363 683 128
325 643 31
205 134 129
267 604 87
827 214 90
698 700 115
402 292 35
586 185 108
94 169 44
419 115 121
121 776 45
93 61 115
191 790 11
132 53 129
722 125 86
821 9 80
137 176 52
519 254 18
91 392 91
482 662 57
669 425 38
282 357 11
416 228 62
144 194 83
733 613 101
327 397 106
388 114 93
744 101 27
714 662 38
390 559 60
79 553 69
520 414 71
566 497 98
661 264 4
695 37 71
491 37 88
279 472 117
21 66 61
498 825 82
650 442 64
174 805 42
230 441 90
459 422 100
353 391 28
720 595 49
230 63 38
116 669 120
470 607 124
476 665 3
489 152 40
72 335 13
583 7 18
769 617 9
313 608 52
34 780 3
142 5 33
782 33 90
733 90 119
236 418 113
100 527 27
665 20 103
324 620 117
507 712 56
710 343 84
88 379 23
418 374 56
762 802 26
252 17 20
465 576 106
759 7 52
667 416 111
694 763 101
394 654 92
483 215 74
685 499 26
406 475 14
3 555 63
382 363 21
320 114 6
387 679 95
626 381 32
750 133 46
104 634 100
642 274 84
609 515 72
192 376 25
409 148 73
815 78 109
163 298 37
1 588 94
517 514 115
790 507 9
693 120 93
473 776 83
92 203 128
433 234 82
756 815 113
294 577 91
274 397 22
465 414 56
386 130 29
450 38 73
687 631 8
139 394 92
313 475 86
639 619 88
755 808 15
304 750 67
639 414 51
725 67 89
600 826 104
643 592 71
193 800 96
106 492 74
525 55 46
227 426 59
609 676 101
42 369 74
355 523 36
521 819 72
11 58 69
809 91 102
823 314 12
241 281 52
564 15 9
194 543 56
348 83 129
292 163 30
289 407 9
243 774 106
146 526 27
338 748 119
269 13 96
113 520 87
596 605 93
728 187 112
661 805 120
150 317 2
61 695 77
13 534 60
390 606 90
195 580 30
338 389 109
294 397 123
791 636 112
220 419 86
651 660 99
506 509 10
753 408 66
649 281 58
496 642 1
68 383 88
98 86 81
649 54 127
46 467 82
519 125 53
548 173 101
378 271 26
554 815 84
444 671 110
41 638 38
458 760 69
260 401 47
765 339 42
209 65 69
102 616 33
734 574 77
299 652 80
408 553 60
653 678 100
641 441 28
724 401 48
811 108 62
671 172 8
242 801 55
687 564 26
477 15 2
680 153 97
447 724 94
734 143 68
84 487 70
735 80 110
515 133 129
594 96 71
559 375 60
436 495 114
109 619 54
588 565 102
822 322 88
639 166 64
574 578 14
635 703 105
65 793 76
495 674 40
187 369 56
18 770 88
55 434 81
338 311 95
410 141 7
571 451 97
819 619 67
827 648 16
468 478 84
306 20 116
724 519 22
772 711 26
376 168 31
304 468 127
85 571 7
19 769 44
435 296 27
791 771 61
227 359 41
446 655 59
764 596 73
356 725 27
775 161 122
224 276 66
142 14 113
402 178 35
439 530 12
147 186 73
754 502 83
81 394 124
689 129 3
547 478 108
458 771 11
85 16 64
278 741 86
102 403 100
301 463 57
331 112 86
455 212 13
432 246 35
8 369 94
213 536 57
802 806 78
69 466 35
188 248 46
322 795 81
381 701 30
797 210 15
417 362 103
197 113 8
466 83 61
406 562 7
561 138 104
738 648 20
623 662 16
32 123 25
752 532 84
289 327 39
414 451 120
414 333 1
3 364 97
736 490 37
193 804 65
812 358 116
255 685 101
225 199 113
657 29 90
591 101 121
182 372 64
357 329 27
254 654 73
188 65 63
775 167 44
546 544 70
805 295 115
204 68 47
828 574 58
599 88 75
739 532 99
78 653 60
130 753 79
30 249 55
64 753 48
309 214 17
341 70 92
229 360 116
54 413 46
507 709 113
479 153 72
127 97 60
644 66 108
693 398 127
253 683 77
569 394 121
92 815 122
238 377 54
349 750 29
25 608 88
760 490 77
125 201 64
225 285 125
673 319 85
635 522 81
403 3 52
693 611 106
113 527 129
822 314 66
523 532 109
543 173 111
164 819 64
754 606 29
16 774 44
681 343 5
291 49 57
501 827 39
496 245 73
38 77 117
354 289 109
612 72 113
725 47 58
555 628 105
562 397 108
282 442 60
288 745 105
468 353 101
104 521 33
130 430 6
23 263 22
107 393 90
565 459 32
523 440 29
290 284 23
159 6 20
305 542 69
209 224 122
350 462 19
246 74 80
713 472 45
210 72 93
561 668 18
348 22 126
296 542 69
446 802 12
574 771 122
355 207 39
231 814 29
821 74 130
717 679 16
828 131 61
272 826 112
94 791 101
305 202 15
805 50 66
811 50 55
734 102 128
59 113 68
684 436 117
137 729 39
363 18 112
536 313 92
171 91 45
274 659 28
308 408 117
319 635 11
577 731 104
478 148 30
25 134 113
708 744 9
327 365 37
45 737 107
732 651 124
493 270 84
211 474 105
604 765 85
447 116 119
774 209 123
819 658 11
804 261 40
342 227 110
646 96 59
605 795 46
395 686 60
164 192 53
154 98 109
398 46 5
263 25 113
823 221 102
627 171 97
646 723 50
637 747 29
153 137 59
136 456 74
375 541 26
681 809 23
739 816 20
673 524 79
312 118 86
265 483 14
745 485 13
703 306 20
574 724 128
700 351 102
766 625 47
718 238 5
446 367 104
745 735 110
372 804 36
476 359 99
42 335 4
377 541 41
693 131 114
195 710 44
219 703 10
336 572 26
358 619 98
759 383 11
790 192 57
712 118 36
791 150 60
51 7 56
693 85 71
150 647 41
538 748 26
734 507 77
541 618 90
592 272 85
708 348 3
377 332 102
352 645 122
585 394 40
105 33 74
294 53 115
317 462 35
50 169 26
567 573 109
797 396 111
136 178 38
817 131 95
231 10 130
328 581 49
217 413 23
740 278 87
26 601 106
145 534 10
185 53 116
807 664 110
395 194 36
686 159 44
622 174 90
17 9 68
454 728 40
448 114 114
715 627 125
16 533 1
493 746 47
675 446 54
467 405 105
348 776 74
484 254 18
54 258 58
308 615 23
576 580 55
617 167 74
255 536 129
545 601 122
360 453 115
825 761 40
684 142 56
162 355 13
173 643 90
575 587 58
556 187 130
423 72 121
576 53 110
704 432 65
249 693 15
809 655 51
500 517 68
95 708 78
168 209 12
181 698 107
786 739 54
506 224 19
93 223 54
618 795 79
357 122 31
426 561 114
188 425 13
588 301 18
674 385 117
479 687 47
343 209 15
361 378 121
709 159 19
345 391 10
342 19 39
646 548 34
742 84 18
472 780 29
620 92 62
88 597 105
721 660 109
527 536 95
587 519 52
142 626 109
208 459 122
152 306 61
313 49 29
759 724 37
232 240 6
131 114 77
525 626 50
518 798 102
268 679 8
519 48 97
581 378 102
219 119 31
133 537 86
664 391 8
701 92 26
716 116 16
188 173 17
522 380 119
732 647 112
533 230 103
329 210 59
603 64 104
643 774 66
123 177 4
415 247 22
820 582 49
603 418 44
610 67 109
795 461 62
59 260 54
322 18 22
95 96 104
757 350 68
137 117 23
21 338 90
189 729 55
653 648 30
145 220 90
678 144 14
610 767 57
231 422 11
308 309 120
194 355 32
598 746 67
634 116 58
349 63 1
455 699 106
253 647 17
501 328 58
470 270 67
344 694 8
498 804 84
656 160 98
682 623 106
661 609 55
564 736 11
7 670 41
332 150 85
707 215 42
250 293 126
398 811 44
478 358 74
136 474 9
169 539 23
735 31 9
642 698 30
6 397 96
180 708 53
103 653 52
441 585 19
63 538 46
717 440 130
333 335 61
184 713 3
214 348 99
443 551 48
419 737 71
787 88 60
8 740 38
111 315 60
319 122 53
224 505 30
728 477 63
76 215 69
561 600 27
471 711 49
410 323 22
82 157 123
585 50 52
193 618 45
278 212 47
592 211 30
24 822 102
437 3 62
806 634 92
575 817 18
487 378 122
365 425 28
56 776 82
28 73 6
779 800 111
361 674 16
248 622 110
394 246 40
473 596 108
549 52 66
369 440 10
447 428 9
351 739 40
270 437 50
191 748 4
206 160 96
535 758 112
11 696 82
531 155 16
165 394 85
423 422 79
89 2 130
333 633 104
268 237 116
67 734 124
58 656 27
739 635 113
666 276 82
601 720 113
560 794 29
688 476 15
772 420 76
209 32 54
156 64 69
575 200 114
2 546 102
21 657 19
37 302 28
213 258 21
647 466 76
638 85 24
233 136 80
89 545 9
544 612 9
172 401 59
456 232 79
182 170 127
297 704 97
589 682 118
223 651 30
436 687 29
680 687 63
25 206 58
345 715 22
531 220 16
559 733 26
774 537 5
10 71 2
550 627 119
694 549 82
695 509 80
595 559 43
659 506 72
370 333 124
155 752 89
568 654 93
85 296 12
112 449 51
83 561 41
491 314 6
184 611 50
46 122 104
178 219 60
762 494 62
213 550 50
763 85 1
675 472 46
427 465 66
738 649 48
702 413 63
488 130 81
501 477 118
461 16 106
766 531 34
515 568 50
622 755 101
808 651 39
349 764 120
651 821 4
43 209 34
93 435 55
150 447 52
161 817 79
787 160 125
111 479 35
95 278 101
424 714 28
586 718 83
345 427 53
623 238 16
167 138 12
255 475 76
241 815 7
506 155 10
101 275 56
668 14 78
273 636 120
147 99 25
466 351 67
181 621 28
532 628 72
503 22 105
687 9 130
413 575 112
579 246 26
232 18 19
87 203 22
550 342 40
9 22 59
497 123 53
765 51 8
326 128 122
774 734 79
423 515 68
370 764 117
732 371 10
667 147 23
290 418 90
296 319 50
439 603 51
467 300 64
390 276 94
361 129 116
730 768 76
673 312 56
760 754 78
746 591 111
698 524 63
292 57 101
424 336 88
117 180 9
356 825 63
196 182 56
587 75 59
291 56 12
290 448 94
465 709 57
108 91 63
722 643 5
802 515 34
292 523 17
286 560 130
733 612 91
711 702 44
638 86 107
108 752 13
86 138 74
194 756 24
97 604 16
701 569 28
496 209 63
639 719 119
114 155 64
631 135 32
824 320 116
696 806 116
220 616 89
233 668 33
506 175 100
782 149 26
699 759 8
109 9 117
151 704 4
497 416 111
227 790 67
435 769 79
547 490 117
509 475 28
669 318 97
731 727 75
624 287 129
609 208 38
766 394 16
634 745 7
627 581 111
800 387 29
288 642 2
575 63 112
823 451 30
656 612 32
566 154 126
737 213 64
721 366 108
135 254 10
455 738 11
810 683 124
210 233 86
566 752 47
633 542 113
548 767 96
547 479 21
260 266 107
318 104 13
595 336 63
627 637 105
473 181 112
814 567 103
299 646 104
421 539 73
631 665 39
437 335 85
754 515 72
333 447 14
478 775 71
541 554 127
802 159 28
227 620 49
5 423 32
47 368 101
641 668 100
553 335 105
310 194 117
93 271 12
218 565 62
257 821 72
184 773 23
478 682 71
337 670 55
614 190 89
86 119 75
621 452 1
125 312 10
343 21 72
150 156 26
194 681 95
474 332 66
292 794 69
595 442 62
419 628 18
645 798 119
209 247 128
78 283 104
114 310 70
113 327 5
535 816 82
595 810 84
300 751 81
396 78 83
720 264 92
775 569 46
103 467 64
294 786 122
429 168 80
237 409 65
44 467 98
424 162 54
526 671 7
474 246 114
464 226 119
59 653 125
31 605 107
145 97 123
461 253 20
237 207 123
706 209 44
83 802 21
256 522 74
752 792 119
309 220 51
278 627 115
583 162 52
371 683 102
565 272 79
276 732 70
185 388 121
687 597 81
38 447 123
333 411 23
313 266 89
527 15 4
590 66 110
825 368 3
716 323 19
257 173 24
600 589 53
17 806 124
58 750 64
791 662 112
536 217 30
782 438 80
85 724 121
515 130 123
271 370 101
433 740 115
299 483 23
284 116 11
700 414 100
254 430 57
717 713 108
726 598 61
58 495 105
763 625 55
621 710 130
698 698 127
179 763 2
709 181 7
114 400 113
243 806 21
499 825 95
63 173 35
753 665 55
496 432 100
32 184 77
758 823 27
433 594 21
198 188 43
653 34 22
653 218 37
758 775 58
310 540 117
770 255 81
83 603 63
161 520 89
195 47 4
41 135 57
114 33 96
10 14 96
530 291 9
191 700 8
407 792 47
734 825 19
372 152 89
214 172 116
568 149 71
179 564 95
574 612 32
176 682 85
485 243 125
231 37 15
549 661 93
246 465 30
130 764 1
645 548 98
179 20 109
533 171 114
641 279 76
745 31 103
172 152 88
277 651 125
217 164 119
782 735 86
603 68 111
689 813 69
677 366 103
360 104 26
136 357 37
748 785 61
212 1 79
814 272 121
259 476 9
196 727 9
108 152 52
288 435 130
96 162 12
296 304 87
653 209 86
479 36 87
102 504 127
620 413 2
737 713 95
527 790 10
680 811 84
229 116 73
43 633 54
703 732 82
252 415 125
448 316 21
805 728 68
61 706 112
464 777 126
255 133 35
678 109 15
366 714 127
794 376 75
115 241 20
693 399 90
658 207 102
700 649 102
658 134 106
478 207 110
694 597 86
289 329 129
346 557 49
792 467 105
27 261 23
621 701 118
198 818 118
653 25 72
18 204 33
655 323 23
72 399 80
600 759 60
320 774 31
156 752 65
490 667 52
184 420 65
97 308 87
143 224 18
734 777 95
520 762 7
101 329 31
601 74 67
543 364 67
267 240 125
454 446 85
688 674 98
225 542 11
433 308 121
500 188 78
96 738 114
583 225 82
745 737 20
261 253 93
35 406 98
384 90 21
439 762 49
548 768 54
684 285 11
131 568 48
15 762 57
49 400 4
13 258 106
522 725 101
821 209 86
72 109 66
572 746 78
25 510 32
237 132 95
104 559 51
533 434 40
404 402 74
692 355 112
278 101 13
137 487 55
163 487 78
414 497 120
721 249 103
820 407 115
565 755 29
121 687 105
139 697 121
59 709 95
143 593 82
174 614 130
310 479 34
709 347 37
740 758 42
178 564 13
455 262 33
462 387 64
434 482 61
59 128 109
231 374 15
747 384 51
484 763 118
125 781 54
414 423 107
376 118 48
632 591 50
378 550 78
247 219 38
751 3 106
714 463 24
437 97 24
792 173 111
312 543 77
620 232 1
78 271 34
247 83 49
801 561 96
670 272 42
568 464 63
405 215 2
226 713 107
791 311 86
391 691 104
179 70 75
722 599 72
654 153 73
404 742 86
155 58 72
574 374 127
598 556 24
172 793 112
336 692 127
459 11 67
398 117 77
7 692 6
372 754 95
533 564 75
250 797 111
725 50 57
557 315 28
782 500 68
359 603 51
435 103 116
448 5 26
25 717 52
576 383 93
419 538 68
527 554 105
58 711 63
707 240 123
347 418 118
770 362 21
254 264 96
267 355 45
553 503 125
675 411 26
65 526 63
100 562 20
247 462 116
695 233 94
277 765 90
417 794 90
576 401 58
346 298 51
224 679 104
619 675 61
125 328 94
79 332 35
467 80 82
313 637 2
51 267 78
436 33 3
403 44 81
789 178 30
741 794 52
223 625 32
600 40 85
31 245 35
228 180 91
491 635 34
634 298 43
669 287 63
30 328 100
822 241 69
5 129 110
58 209 4
230 560 107
758 402 117
366 607 84
267 541 63
8 812 26
330 62 67
384 509 45
348 440 51
294 721 60
812 599 57
460 620 12
124 738 42
722 220 74
325 69 65
349 727 32
769 407 89
138 296 44
65 334 31
433 557 32
161 474 71
760 438 74
468 201 112
743 244 36
52 26 25
99 59 84
384 658 113
396 132 88
624 538 77
275 646 65
543 380 1
302 823 40
518 79 36
341 102 22
694 822 27
537 79 39
108 237 104
342 59 79
644 608 19
555 374 94
276 165 38
771 616 104
171 288 72
457 93 103
329 434 33
432 826 81
535 768 7
293 161 110
82 744 5
26 96 83
425 266 60
548 627 41
295 652 57
754 439 28
282 218 70
686 586 2
178 595 119
170 790 101
241 406 107
176 470 124
425 404 31
174 586 32
669 323 130
482 394 36
494 524 12
662 604 29
820 39 45
532 578 83
619 694 74
385 642 7
766 332 65
661 580 110
816 27 23
785 557 104
514 771 59
702 315 2
789 449 124
631 189 103
2 387 77
332 764 44
228 514 96
647 638 31
207 709 88
3 355 42
36 764 100
176 442 30
225 31 100
85 536 105
813 90 16
298 614 128
77 299 81
211 646 47
146 750 37
527 404 112
239 571 49
245 114 88
630 613 30
436 62 4
400 553 60
271 354 21
727 248 38
237 664 92
41 727 108
75 288 7
664 100 104
199 436 127
373 387 15
323 216 116
293 383 33
286 156 101
485 460 25
272 821 29
282 70 121
266 800 94
450 161 59
29 432 29
508 303 110
203 741 34
27 141 84
553 216 63
272 78 124
747 742 73
408 172 46
758 106 3
564 495 97
369 223 127
241 470 105
802 131 92
85 470 103
125 335 105
784 636 95
719 68 112
58 738 74
750 387 130
285 57 6
424 188 72
540 330 63
609 668 29
534 497 68
100 319 84
733 184 122
223 778 7
569 386 66
186 3 70
390 311 51
123 181 34
212 579 117
216 542 79
822 51 116
340 301 38
591 224 97
347 817 15
566 7 23
370 46 100
610 817 121
214 331 60
326 211 111
730 600 67
715 810 102
131 56 32
316 681 22
279 722 60
253 326 44
364 724 109
612 203 56
430 754 34
23 677 63
265 454 71
697 819 26
302 674 89
464 159 81
706 240 9
168 289 42
459 824 2
477 706 96
510 615 38
266 555 99
687 123 55
608 332 45
682 778 11
193 822 8
472 162 57
397 773 46
584 611 15
130 264 53
637 558 108
467 687 70
54 413 14
213 664 3
595 573 86
530 93 105
704 281 107
1 54 122
570 328 77
677 542 59
542 646 90
656 360 77
789 629 51
225 323 97
172 589 110
280 702 128
306 703 119
254 191 24
744 786 79
738 334 121
170 345 49
395 644 121
360 283 25
807 706 50
415 45 16
305 785 83
727 476 29
451 826 70
732 152 30
39 719 108
736 574 57
433 239 115
715 227 20
224 57 95
8 324 58
407 493 55
434 715 60
160 137 76
694 1 109
203 445 122
490 568 1
131 634 60
28 703 93
348 738 70
493 792 11
251 791 116
42 20 33
706 791 109
425 489 59
775 460 22
236 68 6
805 621 4
576 545 9
473 492 6
378 402 43
14 142 65
753 67 14
243 230 93
120 600 25
702 245 121
429 789 79
300 201 13
478 554 43
112 64 93
757 549 48
7 774 32
175 17 89
320 352 84
687 634 14
296 143 120
532 765 85
654 383 10
256 67 41
316 224 79
632 75 126
523 270 48
786 607 118
134 42 86
654 579 112
637 705 12
358 50 3
827 200 84
636 483 112
199 4 104
788 356 124
283 695 60
553 562 67
184 171 68
315 757 126
563 454 66
47 290 109
112 419 45
643 826 59
778 147 114
232 606 46
171 567 69
192 657 85
204 5 24
487 727 78
63 439 33
272 231 103
439 616 54
659 634 107
769 409 75
435 645 109
141 133 72
710 483 91
163 100 23
776 450 21
220 126 85
310 571 37
102 18 47
365 704 53
333 664 2
207 544 114
81 583 61
76 370 75
157 37 102
86 811 110
114 741 70
30 282 70
314 453 35
111 7 107
643 774 27
760 2 102
35 460 116
322 624 50
553 468 50
720 624 81
527 298 2
484 159 29
802 96 31
271 607 14
801 309 108
690 705 96
114 760 56
117 405 48
667 417 6
405 612 60
454 579 35
423 217 8
429 478 53
97 620 56
268 225 28
337 174 130
68 441 7
642 821 19
230 481 127
452 785 51
802 240 64
267 587 113
576 167 113
59 377 56
135 194 7
398 623 111
215 39 106
46 639 77
539 780 77
787 774 92
227 90 104
416 322 64
264 567 52
523 503 88
218 201 17
457 815 122
458 97 85
294 167 86
337 540 121
664 78 68
256 549 61
436 610 51
710 522 109
665 524 111
241 711 104
541 528 59
100 522 69
191 27 73
607 107 105
516 632 125
205 61 36
90 746 92
149 176 128
550 596 61
335 460 84
824 175 15
89 578 60
499 238 125
805 317 103
500 585 66
446 185 87
268 352 66
84 426 18
484 89 33
145 184 81
398 537 35
702 820 72
326 41 57
184 734 106
219 58 124
710 362 100
369 648 61
472 708 31
243 744 37
90 516 65
36 367 87
434 576 94
234 229 71
744 551 22
643 646 75
479 232 78
543 25 86
302 203 4
434 134 84
82 403 29
337 504 84
135 141 66
250 355 127
496 678 55
288 310 103
485 156 124
560 159 45
509 169 56
89 399 76
64 656 44
734 167 130
425 539 13
718 75 111
349 277 90
214 337 4
30 460 118
440 589 64
328 488 60
630 73 8
511 54 106
761 142 109
276 277 48
382 745 86
250 543 66
439 778 9
663 530 44
329 533 92
788 229 29
699 148 89
562 618 37
652 258 46
288 225 97
542 387 127
405 279 4
186 770 53
100 766 78
253 819 33
239 499 18
640 120 4
351 660 92
740 400 4
329 112 99
165 737 73
303 678 81
685 3 50
766 777 7
470 347 2
281 297 34
123 48 120
732 78 102
439 187 128
90 568 51
441 180 127
168 742 30
444 477 51
456 721 76
724 503 31
733 567 52
330 214 64
818 246 42
32 291 57
183 25 25
475 576 98
552 75 47
818 544 5
57 82 114
30 232 11
517 303 48
166 625 120
504 393 53
303 28 101
73 116 79
552 750 9
372 96 20
167 260 87
627 762 11
10 535 88
284 261 120
662 388 27
128 403 106
813 423 62
439 313 102
391 535 17
311 190 50
605 261 3
205 216 62
799 440 35
723 321 63
686 330 118
610 371 58
51 234 106
97 256 51
160 381 110
134 20 115
485 551 102
467 23 95
223 544 15
606 350 113
113 530 41
194 549 40
311 255 59
595 659 63
117 510 75
267 687 27
768 543 2
689 116 61
419 212 28
534 818 86
355 458 113
567 271 71
41 275 129
250 503 3
825 403 54
753 259 58
51 586 8
335 547 91
575 701 123
374 343 130
7 396 99
572 811 47
45 469 116
778 646 81
457 445 69
208 826 89
524 333 106
386 704 101
582 125 89
253 254 19
10 126 121
770 304 58
804 737 86
161 591 93
544 351 90
558 469 2
698 765 25
4 540 21
473 371 123
346 819 116
674 202 103
645 98 68
685 414 79
244 605 119
73 201 93
628 515 9
101 10 47
680 819 127
766 757 60
51 329 85
315 261 108
56 171 85
183 687 112
414 418 119
146 50 37
586 795 96
226 535 71
188 408 125
629 697 90
358 424 49
810 730 73
162 439 17
805 83 13
519 589 110
6 137 123
478 526 82
645 147 62
227 704 78
634 136 119
775 632 9
655 259 126
717 320 46
122 615 81
781 12 23
234 152 35
732 556 29
414 409 50
92 679 102
818 519 23
352 332 82
60 775 77
511 824 68
734 613 32
345 4 14
492 759 83
357 777 9
397 417 25
251 462 62
605 321 127
128 478 46
660 326 13
417 788 125
110 37 12
288 275 117
87 180 76
371 224 27
813 616 4
567 106 22
579 125 14
41 105 6
411 355 95
719 10 14
446 571 14
389 207 29
330 672 73
538 443 18
507 747 71
352 377 6
493 723 56
378 306 15
652 694 62
550 101 74
407 402 49
617 500 84
406 412 43
518 499 47
123 656 47
582 821 48
769 9 89
621 652 127
760 743 33
267 170 83
454 454 50
339 29 95
707 598 8
821 210 45
158 122 129
794 83 16
530 125 96
621 31 7
112 131 9
58 557 7
348 527 71
505 111 48
679 116 52
623 550 70
782 743 64
476 733 20
118 165 61
618 643 34
369 693 81
643 618 101
498 591 45
284 661 113
385 622 17
535 604 97
286 817 2
625 50 80
809 292 23
56 787 107
336 600 94
587 479 116
144 660 76
198 541 85
203 62 93
719 192 62
562 735 95
766 731 45
539 118 103
780 510 71
543 125 38
695 711 66
65 42 106
115 727 69
497 760 34
293 640 79
98 255 56
722 152 98
766 440 107
464 374 123
99 704 39
57 145 38
592 249 75
126 571 6
641 722 90
662 349 16
287 289 3
254 302 33
34 378 76
747 28 22
785 624 27
411 494 54
200 35 96
92 177 103
666 92 23
564 366 121
399 578 128
520 392 89
121 559 49
57 92 86
333 571 124
215 787 34
84 506 112
155 331 7
429 783 128
49 540 63
70 800 56
6 187 111
827 598 23
527 311 61
532 273 129
32 390 31
514 678 1
424 72 2
320 499 49
214 478 45
622 673 34
437 304 29
505 14 85
448 569 2
384 355 82
197 344 96
309 376 17
627 631 5
50 464 103
303 502 75
525 828 56
781 243 63
233 688 87
761 428 30
330 638 69
122 437 16
428 43 43
432 459 69
190 16 69
781 385 78
169 161 108
595 526 108
273 463 28
300 469 3
23 20 1
404 592 100
442 383 122
123 554 66
14 705 16
728 45 60
219 56 59
317 167 64
810 139 35
122 311 62
280 819 1
659 496 47
420 185 116
673 36 15
127 664 76
154 394 85
271 532 15
194 730 39
130 472 118
291 527 28
631 622 35
161 204 79
622 810 95
434 436 72
217 432 102
449 582 27
341 418 63
405 627 69
51 780 61
682 49 55
453 262 28
186 757 28
512 665 128
669 69 126
241 449 98
467 752 10
63 310 19
219 760 114
111 382 35
270 767 99
213 51 70
569 526 100
501 767 24
32 440 65
440 594 95
106 544 72
674 642 90
684 789 82
248 572 103
479 813 30
390 816 49
818 595 73
597 569 67
468 235 10
60 578 22
159 294 118
70 701 17
703 106 84
328 204 68
503 356 55
780 463 105
510 330 37
760 318 8
784 462 63
478 192 46
591 324 126
59 764 50
523 27 63
680 615 42
783 524 1
66 122 25
81 455 48
210 56 3
56 787 74
644 206 121
135 491 2
766 576 106
91 2 32
737 323 4
825 774 101
337 30 100
158 474 84
115 27 119
326 511 119
337 750 43
790 718 74
291 532 26
262 57 31
624 84 118
512 433 122
637 242 110
750 770 48
154 299 10
336 700 21
730 358 125
199 17 74
218 329 29
302 485 72
85 569 3
528 66 130
242 572 104
625 146 37
2 258 28
728 576 91
452 420 33
289 94 12
739 452 12
390 61 47
770 702 32
264 236 116
155 596 94
80 649 61
31 788 75
23 164 74
421 377 116
31 775 101
756 312 46
32 651 34
645 825 31
319 383 117
275 579 45
583 289 5
282 24 19
778 802 6
149 657 95
530 501 129
641 718 58
92 280 90
29 486 104
810 196 64
255 27 119
611 28 51
590 769 121
163 109 53
608 344 69
132 114 47
297 372 35
70 266 65
285 635 15
488 763 29
192 214 22
515 758 84
557 545 109
213 30 65
643 598 102
301 764 130
763 438 80
469 109 73
359 295 24
682 325 126
520 517 124
764 648 17
469 726 25
354 447 19
338 336 21
526 78 12
125 174 38
802 101 72
105 672 37
650 823 126
118 798 129
807 613 96
699 660 119
355 578 84
511 6 9
712 37 89
200 715 81
635 2 8
223 556 43
429 436 106
794 628 125
754 773 44
114 730 49
255 60 33
325 707 35
511 464 122
588 729 121
797 288 26
615 608 39
554 269 130
466 825 87
547 439 52
777 525 123
80 348 19
640 736 119
628 617 64
116 463 126
389 541 87
702 505 105
278 557 118
723 136 46
776 710 16
321 722 31
738 42 42
58 223 37
478 461 49
245 28 81
482 278 89
6 3 127
499 452 93
319 822 17
328 87 12
113 581 19
71 465 22
413 109 49
135 263 125
586 742 89
571 322 63
550 373 118
636 689 66
155 39 17
122 475 105
663 109 128
570 591 130
775 458 34
74 16 126
656 674 27
187 19 119
41 159 67
544 188 81
31 573 106
48 417 37
203 195 93
418 709 99
596 152 59
372 168 70
53 66 6
102 690 71
796 330 129
828 286 39
793 380 90
319 591 111
727 818 46
645 411 121
395 495 130
225 574 101
529 331 125
427 424 111
311 150 103
733 712 44
670 151 123
209 292 36
672 549 106
402 157 35
194 78 4
414 543 43
303 642 15
678 709 103
576 180 72
264 142 106
545 189 70
596 236 85
725 448 63
38 520 55
826 143 79
147 795 94
538 417 47
465 597 30
287 781 54
385 601 55
497 361 35
62 47 22
725 360 77
54 736 56
193 636 29
80 343 110
794 806 30
379 52 71
801 180 114
382 102 7
367 49 56
428 424 91
812 466 1
225 536 37
573 22 59
494 576 35
773 691 99
763 52 17
726 703 6
421 275 113
83 802 16
716 465 41
281 477 87
138 552 121
449 300 52
195 628 62
62 777 107
602 421 81
201 443 82
72 258 105
467 3 53
277 425 71
445 51 108
718 249 14
630 185 65
316 91 129
12 295 121
738 46 112
128 108 27
358 211 10
250 378 100
673 408 19
795 194 79
476 474 71
510 734 30
474 725 51
672 568 111
749 9 66
203 102 89
180 213 80
804 596 14
323 142 117
136 572 35
143 261 102
23 778 99
517 149 43
756 238 55
786 263 54
764 90 20
51 510 104
657 377 33
402 553 24
55 654 53
17 287 118
471 517 1
651 465 99
299 724 5
500 541 70
706 273 47
42 200 86
687 19 130
212 124 24
361 419 41
332 699 123
264 193 119
654 342 18
151 651 75
765 795 123
596 292 108
635 434 98
357 754 75
373 180 105
545 556 126
134 180 30
460 480 20
605 473 130
822 398 86
535 730 101
27 143 128
392 415 29
271 792 45
724 117 107
173 121 41
639 89 127
532 243 35
329 9 124
826 723 113
46 347 96
337 160 122
767 111 112
408 236 29
356 661 88
793 78 121
218 329 58
634 129 14
358 401 22
202 258 83
812 55 45
296 16 83
567 389 49
194 95 66
263 556 115
791 179 14
657 356 50
484 722 23
60 278 81
667 507 89
317 731 28
419 432 18
165 80 51
787 382 60
540 627 69
700 562 114
172 166 97
260 239 51
679 86 32
64 561 40
765 597 1
32 759 113
806 211 51
318 748 27
588 360 104
148 467 62
484 72 45
608 689 104
482 824 9
90 111 47
557 570 95
806 818 63
645 493 27
774 662 65
376 149 9
480 334 25
88 622 130
736 807 72
86 83 88
307 491 24
322 424 5
105 172 62
310 583 62
444 142 54
575 423 33
148 147 86
670 821 90
609 459 56
551 70 71
689 356 37
645 172 16
369 562 86
285 548 129
449 95 46
664 34 45
476 372 76
167 631 78
572 81 90
410 353 23
611 536 9
259 29 13
98 224 81
458 385 91
513 732 114
286 755 113
257 12 96
646 752 118
541 568 29
787 300 124
395 602 21
788 454 10
164 521 100
593 756 116
644 457 75
15 521 70
492 790 69
34 818 81
31 253 37
572 35 103
279 786 13
219 100 89
678 523 13
680 792 116
825 288 126
160 189 34
352 77 70
710 87 48
787 685 61
261 121 90
19 62 54
17 245 43
702 667 83
676 765 56
483 8 129
236 650 112
555 67 102
200 518 61
512 65 113
717 592 121
243 306 91
540 361 71
786 645 101
395 183 103
463 736 129
364 103 95
739 379 22
1 401 49
244 693 11
676 702 107
753 659 33
130 544 60
189 505 77
223 497 105
666 577 8
19 186 44
150 512 26
585 798 35
137 12 56
614 756 14
168 235 6
16 827 44
106 63 3
683 802 117
469 819 91
142 309 3
338 7 80
781 584 107
585 71 130
279 317 26
127 230 77
518 511 52
98 235 7
314 68 29
136 794 81
161 203 110
716 565 11
162 549 78
633 307 83
509 707 64
388 470 15
465 336 64
131 373 122
638 49 107
437 29 54
313 758 31
593 802 106
768 804 127
652 257 89
634 227 129
34 95 92
537 194 117
354 742 79
292 18 20
176 181 63
413 323 76
491 715 116
500 749 9
103 175 102
807 295 21
519 705 109
410 813 56
299 245 91
820 205 68
717 652 61
614 170 95
779 240 28
465 790 77
784 158 67
89 658 43
740 384 113
503 60 72
447 53 50
560 427 109
195 34 76
610 477 2
461 425 67
11 180 9
268 354 108
120 685 106
712 508 89
556 827 87
690 151 86
106 268 89
45 309 60
307 526 36
353 140 5
712 703 79
544 642 61
38 725 130
112 332 43
164 714 82
13 274 77
780 287 33
459 109 102
160 656 12
231 770 93
36 680 51
406 249 16
103 81 5
367 220 39
561 445 101
35 410 99
633 539 16
693 653 87
794 413 54
18 251 64
332 650 67
302 335 65
278 335 53
642 338 97
813 54 78
699 106 74
708 265 43
468 795 74
66 448 57
737 422 126
98 128 101
13 340 77
172 691 65
652 260 35
440 681 32
765 176 4
53 304 35
786 685 76
215 434 100
418 508 111
55 118 83
447 362 125
99 547 10
17 547 87
92 138 55
590 541 54
417 520 16
595 558 19
633 609 31
337 651 114
343 514 107
84 144 81
444 514 81
141 744 96
171 746 108
686 165 128
424 748 110
155 201 102
435 125 7
410 795 118
584 223 65
9 338 16
672 137 99
92 493 119
706 188 122
615 469 68
620 419 95
429 436 60
568 704 95
785 349 124
712 579 129
323 302 33
52 768 95
181 255 31
656 414 27
545 110 6
127 648 112
578 278 104
43 170 82
471 612 3
187 90 103
456 507 120
657 146 66
39 239 127
244 308 62
812 589 17
30 567 30
704 760 44
677 279 42
656 133 84
204 611 63
214 607 130
329 524 83
814 643 3
657 71 5
516 176 53
413 673 71
602 190 92
616 791 80
269 741 115
121 414 101
440 196 23
71 610 8
572 808 85
147 597 71
450 468 52
301 135 68
254 649 73
184 294 10
279 742 42
84 357 85
176 184 65
761 390 13
272 116 87
111 259 77
69 129 42
727 251 87
85 66 90
252 584 97
182 202 4
190 185 89
257 343 74
211 797 20
450 789 113
108 35 12
285 584 36
539 411 28
427 226 107
651 13 18
157 610 72
221 659 12
673 166 61
606 400 52
519 69 3
398 334 24
319 156 27
144 12 47
340 216 64
682 84 101
666 444 41
784 223 7
165 113 51
670 578 52
584 644 127
623 707 27
235 733 7
447 476 124
50 280 115
213 191 73
516 489 43
758 648 34
812 377 67
623 344 124
481 434 35
306 513 5
671 602 16
673 694 42
706 517 32
317 90 58
413 231 31
557 636 108
220 231 20
324 216 10
437 719 122
745 132 123
121 396 88
431 347 64
826 341 84
40 93 14
339 619 108
507 239 47
176 681 85
735 54 63
76 180 16
111 664 12
504 297 53
719 182 115
263 613 129
645 641 63
687 759 114
270 211 31
292 639 82
714 400 68
705 329 97
255 792 15
602 140 130
687 633 121
522 19 114
505 306 90
677 343 79
42 654 105
290 159 43
481 135 80
150 582 39
486 730 18
271 226 65
753 708 120
331 492 62
29 68 62
546 539 4
623 40 53
723 542 16
162 461 6
792 600 29
321 716 86
467 342 29
229 215 2
194 17 14
500 382 116
349 783 99
448 226 29
699 108 84
158 69 26
789 722 20
25 525 82
609 558 4
213 582 30
295 141 121
347 746 12
615 672 19
373 168 7
50 100 118
122 601 7
385 271 79
524 427 11
436 52 124
362 294 105
470 179 46
450 562 19
148 177 100
702 276 53
162 650 68
390 477 43
620 552 33
117 453 85
70 420 23
677 733 129
1 405 88
137 331 64
686 157 59
403 135 38
31 79 23
695 260 1
353 798 65
167 700 83
665 629 61
640 81 28
827 255 22
556 186 20
732 164 37
386 65 27
590 788 64
441 307 46
384 508 39
326 261 1
769 179 9
224 772 108
433 67 41
97 58 2
270 666 125
34 516 62
188 32 7
765 192 89
76 246 110
73 815 40
428 797 48
36 720 6
742 429 106
495 821 126
559 229 25
795 434 90
614 288 90
808 95 105
84 568 83
241 282 130
812 77 104
284 601 98
303 37 95
816 649 36
700 493 64
577 205 72
386 104 116
78 283 50
437 763 107
117 230 99
467 523 93
165 634 64
452 429 1
391 246 80
301 383 75
485 333 83
484 639 64
662 120 106
367 749 99
479 273 36
770 496 128
705 630 1
345 764 53
672 260 70
196 358 78
687 339 81
652 520 25
409 585 33
434 527 101
119 430 71
552 739 44
309 180 70
526 230 28
246 550 52
365 536 90
24 518 94
250 336 4
614 565 108
230 106 104
335 601 32
608 538 119
423 376 122
654 414 41
160 213 61
656 523 56
742 465 87
684 298 106
828 655 14
225 786 12
781 498 101
206 201 59
194 304 66
824 40 56
478 507 33
293 83 81
405 598 91
259 344 120
311 167 86
234 362 117
544 480 2
7 65 70
289 656 127
287 279 63
637 338 3
633 220 15
819 186 31
222 346 14
301 324 118
189 337 36
758 697 70
594 386 130
724 233 68
371 511 102
408 72 79
553 432 119
717 209 33
334 721 52
281 507 28
421 454 23
321 332 14
782 471 84
528 357 73
699 536 100
680 369 3
284 22 9
646 81 5
127 803 92
414 20 38
485 124 34
548 153 3
504 809 3
799 787 96
70 685 39
500 467 14
153 709 105
24 682 125
171 549 98
526 554 65
267 516 83
456 394 129
280 476 81
240 790 126
72 568 47
635 267 21
356 590 108
718 231 54
377 160 87
822 537 76
512 230 116
566 638 6
326 371 84
435 693 11
209 103 7
597 419 118
40 773 71
640 611 27
474 351 65
522 230 69
508 188 50
374 308 48
400 516 9
825 507 58
619 821 83
140 522 127
466 467 96
631 317 98
495 708 72
353 522 81
688 657 87
666 330 22
576 64 118
38 225 47
693 819 107
171 187 66
182 751 71
367 734 91
555 319 13
605 739 44
261 328 71
530 481 1
488 451 6
292 342 59
257 313 118
352 352 121
227 76 121
732 167 98
491 370 4
538 310 69
773 444 39
174 248 31
781 302 7
539 546 3
235 635 13
596 313 3
681 475 45
769 573 8
426 800 12
38 647 117
140 756 89
302 118 54
88 452 121
66 389 108
735 639 121
547 60 48
454 340 105
240 704 24
162 679 105
313 223 129
778 267 63
459 353 16
807 46 51
186 157 86
20 334 81
432 297 90
87 73 50
462 256 9
350 240 117
315 370 87
32 33 5
660 372 57
444 358 13
726 822 83
239 80 48
10 491 118
97 375 84
455 262 65
348 111 7
526 263 93
504 380 90
157 399 109
335 286 27
505 569 18
305 249 33
704 618 58
681 654 107
605 416 118
660 647 44
349 445 60
773 343 22
73 91 79
794 80 80
146 465 52
811 514 2
717 334 119
125 432 79
97 599 109
424 255 128
593 713 106
557 755 25
93 522 46
476 317 74
522 497 68
647 514 18
776 68 120
779 455 80
14 106 16
802 751 112
531 370 11
410 175 51
328 494 27
510 525 64
601 79 70
265 232 15
14 165 89
16 549 17
297 652 63
226 134 38
238 632 12
642 661 53
481 51 21
96 493 73
94 565 49
657 44 69
824 81 19
708 726 116
696 90 93
211 642 11
178 313 123
525 133 18
506 131 129
780 182 129
377 29 79
484 643 85
591 502 126
803 266 16
189 821 96
217 632 123
807 206 105
358 441 84
698 539 28
599 821 6
677 639 110
169 403 130
462 412 39
738 428 1
219 562 97
574 19 55
497 226 89
249 504 124
513 355 105
583 57 117
497 797 54
752 178 62
655 494 128
814 89 74
822 653 17
813 515 3
182 334 111
777 484 86
130 231 69
273 334 27
580 565 81
587 726 49
83 631 22
390 149 26
527 820 57
464 690 78
157 58 43
459 459 40
583 424 66
339 801 86
367 348 40
690 337 85
556 291 27
543 22 49
501 57 97
235 639 62
486 139 57
762 351 10
533 17 37
367 821 113
250 735 20
266 445 80
383 14 56
781 554 64
319 197 63
508 748 17
287 18 108
416 2 91
818 147 5
270 36 23
748 776 124
263 322 93
520 464 80
186 682 91
107 764 102
801 49 71
612 782 127
659 610 99
333 24 3
246 241 58
278 532 59
467 821 73
143 358 5
566 646 12
51 16 98
329 181 119
153 820 68
726 644 94
356 229 116
232 443 60
570 217 42
761 793 128
157 115 25
775 598 104
85 283 8
189 653 79
706 191 108
742 775 58
314 351 69
614 503 114
434 300 108
292 770 80
209 178 15
741 256 119
434 232 82
186 362 45
353 557 9
183 318 10
336 196 112
552 654 92
731 514 36
199 355 36
159 249 91
772 456 19
299 365 59
630 74 51
801 121 72
747 239 53
248 164 99
654 806 78
765 739 75
14 723 33
338 640 32
617 761 47
107 26 123
185 663 96
254 493 70
95 520 105
421 39 1
126 303 89
471 531 26
373 725 40
653 44 117
99 388 26
389 602 5
219 6 33
191 591 69
473 210 47
576 243 76
152 94 38
746 369 58
616 554 19
70 519 81
646 15 96
365 570 104
390 499 123
60 440 101
153 586 130
516 74 127
488 705 23
623 548 75
213 565 38
545 783 38
362 826 83
176 514 30
235 40 35
664 135 84
715 390 11
399 552 36
199 475 73
671 806 81
173 416 26
11 609 95
564 363 112
103 230 81
663 250 55
614 508 54
174 778 16
384 74 114
583 750 62
813 1 70
488 189 52
344 782 35
817 399 43
429 232 20
625 94 16
600 798 48
799 89 125
598 93 77
427 333 113
570 499 69
330 779 13
170 134 10
408 688 28
272 434 117
347 766 9
82 637 79
38 656 59
681 239 40
344 684 10
715 752 71
643 465 101
132 670 100
801 380 69
591 227 62
732 610 29
512 105 5
770 413 89
131 291 103
258 94 63
756 348 127
819 216 94
95 493 40
369 295 75
438 675 44
38 217 62
473 255 18
304 667 126
15 59 92
585 551 46
717 114 88
340 532 112
15 670 109
330 465 33
783 161 93
403 680 38
648 567 44
143 532 104
517 446 107
542 617 69
327 765 129
278 735 42
562 140 74
558 263 61
554 111 12
387 548 32
163 407 117
12 409 119
564 361 124
702 756 33
404 638 115
119 613 52
493 370 17
501 469 76
267 786 81
621 68 88
303 333 9
605 167 56
244 817 6
776 41 84
336 200 31
9 594 113
193 483 19
225 13 50
100 828 118
513 323 112
705 712 36
691 739 2
133 201 51
805 156 50
408 90 58
72 796 108
50 529 126
568 346 40
562 217 44
206 446 35
227 559 36
79 346 20
775 582 71
132 629 107
20 579 128
322 722 47
427 283 1
808 676 14
771 407 54
51 10 5
334 290 22
47 823 88
272 329 35
812 500 3
1 643 68
520 278 34
636 399 75
324 821 89
173 721 48
598 242 3
484 48 108
497 512 33
709 697 36
616 764 23
550 284 38
348 55 12
379 7 90
529 694 114
710 52 117
21 171 99
553 609 117
541 171 4
782 80 69
499 477 33
788 406 40
257 213 70
605 473 34
640 343 47
214 339 125
567 245 64
512 544 83
520 153 51
165 770 45
763 725 28
67 422 113
100 721 100
804 304 23
217 142 11
539 338 103
330 85 3
116 50 70
86 291 92
63 246 111
621 639 61
14 333 78
188 655 104
183 306 104
566 119 63
338 472 34
195 581 38
401 224 102
227 421 89
791 552 105
826 714 30
689 366 120
774 820 19
803 182 127
483 319 17
195 556 96
770 773 97
303 65 2
597 760 27
82 17 86
400 822 59
550 158 1
250 395 29
605 649 52
234 779 27
1 227 100
490 644 95
614 687 93
318 767 98
87 168 44
305 203 115
490 354 47
289 209 124
55 365 59
6 769 27
359 625 9
477 555 38
33 332 54
301 289 124
393 662 112
682 604 101
553 699 101
727 452 115
698 31 116
617 649 32
351 575 65
351 16 15
189 744 61
295 585 20
692 542 29
424 677 129
734 379 5
529 552 25
617 242 29
762 422 2
349 261 20
146 94 4
795 598 18
299 507 102
141 301 3
562 186 117
496 551 90
495 267 48
800 606 53
647 476 129
615 630 18
810 765 41
413 90 119
444 395 63
337 733 87
227 604 57
530 163 122
111 263 59
295 83 95
344 822 19
476 738 130
636 51 29
768 195 119
166 443 7
644 556 22
468 666 67
665 155 24
157 612 96
316 720 122
201 609 129
536 324 76
579 697 97
774 225 73
606 135 103
380 132 126
121 276 11
453 613 35
365 649 90
481 810 90
613 595 99
700 331 9
543 758 118
50 650 83
754 317 18
734 76 73
740 258 69
463 555 79
580 29 30
652 623 127
776 774 17
148 267 62
707 623 37
450 175 17
684 359 75
199 54 109
33 159 49
557 770 27
539 27 39
560 286 60
15 818 89
127 606 121
399 701 72
209 704 6
237 364 74
676 149 82
177 49 41
300 343 95
631 687 29
314 247 29
513 662 83
700 228 69
622 510 121
221 445 113
413 378 68
145 300 10
757 195 24
636 123 24
390 684 9
223 625 93
44 158 45
530 512 20
372 364 81
352 153 126
775 464 90
568 159 19
646 593 99
524 189 49
649 237 8
386 523 109
700 572 110
413 600 22
692 802 96
550 414 94
37 460 103
218 465 26
673 772 25
821 772 60
770 742 26
668 598 41
531 127 17
794 361 5
228 206 120
18 211 37
220 353 32
696 454 53
759 491 1
660 431 38
504 788 108
750 662 63
260 192 30
13 770 18
639 101 98
365 540 75
527 634 99
824 367 30
577 521 130
756 693 71
790 574 45
565 712 47
239 214 78
700 35 73
344 578 91
114 326 88
399 504 69
558 344 52
67 679 51
365 454 12
509 647 105
538 385 99
330 371 72
388 371 52
738 193 6
610 145 105
444 518 83
404 311 91
90 142 11
335 130 49
618 169 107
24 133 121
362 227 49
439 83 130
94 85 33
428 754 23
420 570 107
142 781 56
340 726 76
693 135 101
786 534 55
136 562 83
623 270 103
184 8 56
560 351 99
581 673 107
10 623 91
154 80 101
497 99 33
699 131 109
66 730 88
188 91 31
222 124 9
281 155 91
163 440 68
75 621 118
101 651 60
676 719 112
546 139 80
761 40 45
428 658 92
195 32 8
434 21 7
764 437 4
428 357 47
68 787 116
589 369 79
669 185 12
481 811 112
390 796 16
13 488 7
804 512 53
412 101 25
296 78 105
616 640 38
127 714 39
623 345 96
606 688 14
169 627 93
99 315 121
604 14 85
629 284 65
134 256 81
301 419 51
426 352 93
804 307 6
472 242 59
54 609 46
71 155 130
779 807 114
116 523 105
710 803 60
774 215 128
476 148 53
553 395 112
529 536 7
275 51 92
451 103 38
312 346 21
424 81 13
353 739 110
572 454 50
364 444 3
89 704 85
421 825 2
227 666 27
380 591 38
103 233 78
19 248 63
646 702 111
754 374 129
265 736 101
228 126 108
731 296 47
277 589 91
50 17 122
799 156 8
773 660 80
172 460 114
411 186 89
499 140 74
170 395 17
815 781 41
633 699 96
553 236 41
771 315 89
139 800 102
228 139 52
7 200 68
421 214 88
286 565 58
468 135 34
76 194 6
781 30 57
370 566 72
614 504 46
38 341 85
478 476 93
775 713 124
608 187 122
262 606 94
795 214 124
287 367 35
575 458 119
122 61 72
166 597 112
332 10 104
222 318 21
510 60 84
449 705 25
680 404 127
307 570 95
319 454 87
808 653 42
50 509 48
408 590 78
329 248 62
108 81 80
518 631 44
695 140 65
411 49 40
411 406 37
784 750 119
474 41 36
116 316 95
388 265 62
395 698 60
80 72 6
690 703 73
192 718 10
639 110 89
180 764 130
397 480 130
135 65 25
801 443 65
255 566 30
696 607 104
506 150 24
503 197 82
798 492 94
280 188 60
334 71 13
651 729 72
816 824 42
660 503 33
5 796 31
365 145 63
614 58 34
776 451 46
54 581 19
106 472 8
607 661 121
506 582 75
64 83 118
391 165 51
220 552 33
798 389 121
320 272 130
66 804 99
782 536 5
145 545 57
309 382 8
608 694 124
273 609 120
818 793 70
616 550 16
163 600 112
667 141 55
344 253 32
2 519 26
65 786 64
230 232 52
806 770 120
669 35 64
711 704 91
41 10 42
108 439 41
163 653 118
253 289 63
645 429 9
347 12 25
63 27 88
400 667 17
32 39 20
803 347 47
58 560 45
400 443 112
515 586 36
631 258 26
139 378 106
33 332 90
120 296 73
141 423 49
730 96 45
484 363 26
540 526 59
410 530 49
595 294 126
118 656 76
261 660 122
201 408 30
535 569 94
90 647 118
451 506 60
179 516 45
57 106 31
81 575 121
298 293 130
59 684 17
693 701 130
41 49 100
545 212 126
87 580 9
555 388 117
564 147 40
82 334 33
400 259 105
618 774 72
606 651 4
128 148 122
593 135 68
387 372 70
261 239 19
269 423 118
586 121 26
470 416 101
397 58 3
51 534 24
790 793 105
540 247 50
572 446 66
513 48 102
130 99 45
476 795 24
66 596 22
636 817 125
787 665 38
362 31 29
204 554 31
684 572 31
760 572 106
110 151 109
448 195 65
117 137 90
643 359 43
679 596 83
381 780 124
352 740 99
525 41 7
509 738 27
350 441 100
599 151 108
591 323 2
129 42 57
301 577 130
320 539 115
642 700 112
684 113 3
362 312 77
578 301 106
473 305 3
268 125 71
569 310 92
616 405 13
427 584 122
50 289 118
202 144 34
234 344 53
374 516 90
816 153 72
9 232 8
327 461 105
543 641 70
176 720 16
681 510 61
232 5 64
32 31 126
209 309 83
242 618 116
792 418 91
1 657 70
236 369 37
763 526 3
502 649 10
604 624 33
215 148 66
513 638 23
505 267 64
284 316 4
235 533 68
42 262 74
181 423 63
107 171 96
821 559 69
292 725 41
446 361 8
205 150 127
713 562 39
647 213 49
708 89 68
569 185 8
658 616 25
265 104 9
275 570 81
205 772 29
775 315 40
254 516 126
78 114 21
792 701 88
630 325 70
557 602 121
18 386 102
812 190 115
624 428 61
626 74 122
582 269 85
54 475 67
633 170 2
805 733 2
394 542 69
776 589 112
740 494 30
44 779 57
128 604 48
640 451 11
222 605 73
184 792 81
256 19 80
181 73 63
452 593 8
155 510 8
507 141 61
176 143 111
210 707 39
775 398 79
535 762 68
141 54 118
93 148 3
363 755 102
499 348 11
60 47 25
813 135 94
70 637 81
83 307 56
652 414 82
741 705 72
585 397 89
133 471 8
43 762 101
528 578 48
375 502 2
820 717 30
35 204 26
365 58 5
749 223 5
596 353 31
530 595 6
769 586 67
235 417 16
517 299 60
181 453 63
595 755 61
716 450 100
140 67 124
275 261 36
817 389 108
218 90 104
293 228 97
591 9 30
583 335 11
729 736 32
143 828 33
663 301 84
516 785 107
234 707 125
281 590 113
133 33 60
489 604 3
195 825 96
368 500 34
495 312 110
177 722 75
417 739 17
34 524 79
214 173 101
772 327 25
17 432 49
567 116 30
6 2 100
215 561 12
315 199 45
382 433 107
525 195 118
674 21 106
365 630 69
289 746 5
805 593 26
699 679 51
83 479 128
213 808 20
226 358 39
224 525 29
620 646 12
187 330 58
78 18 72
123 400 60
222 569 109
165 379 84
22 596 52
562 335 3
210 491 59
52 343 11
509 525 76
231 739 26
36 225 105
444 77 11
510 109 34
188 570 112
438 570 73
618 303 59
469 178 127
469 293 36
451 395 11
250 181 74
512 581 84
212 63 108
411 621 84
535 146 3
384 5 129
290 799 61
762 617 16
519 739 43
419 520 120
69 160 111
828 615 110
178 732 88
156 613 92
50 812 21
455 485 89
726 550 117
642 703 47
762 362 114
803 207 27
797 112 58
398 24 18
593 573 73
571 637 15
234 77 17
186 821 91
620 54 122
386 317 111
94 310 58
639 809 21
196 627 31
786 401 32
551 707 51
646 128 113
214 430 113
192 208 127
185 294 10
326 131 101
288 515 86
701 813 56
688 371 19
774 720 22
825 44 45
57 365 65
400 277 111
558 664 77
369 31 13
175 541 79
264 346 112
405 706 31
377 576 130
546 31 84
8 596 84
429 792 68
406 777 97
464 348 51
98 721 10
486 486 7
289 20 65
521 303 74
785 562 25
815 671 50
172 45 52
498 704 33
699 265 12
733 179 57
795 457 48
741 140 101
527 722 10
398 683 102
21 213 20
636 516 114
8 239 99
676 440 69
155 669 128
339 33 105
30 605 61
360 389 41
747 688 113
306 665 45
649 28 95
70 29 11
814 468 83
746 439 32
361 634 106
783 319 72
153 533 124
92 542 11
67 308 21
807 357 117
652 309 33
373 746 54
259 571 63
397 53 91
648 639 39
694 750 6
391 13 10
265 306 119
533 700 109
269 289 56
28 780 123
207 617 121
716 460 124
316 460 27
58 435 66
823 331 67
316 348 2
554 203 104
464 534 75
771 329 45
586 102 95
683 12 67
476 230 15
329 571 21
222 599 51
11 460 92
531 540 47
754 743 59
342 448 117
478 763 130
469 231 35
302 279 107
698 36 48
684 509 41
806 216 4
442 553 66
508 236 52
417 185 75
6 760 70
712 462 14
528 140 52
436 13 49
301 614 17
4 808 85
174 173 48
451 626 109
27 444 51
341 439 88
138 605 77
243 456 35
206 436 48
175 722 52
418 227 102
556 432 1
816 380 82
531 765 9
59 464 12
213 794 99
782 198 48
309 463 30
68 526 8
821 195 33
363 522 84
262 386 90
32 690 127
100 642 41
82 315 59
332 796 70
286 112 17
133 602 56
595 471 8
380 427 75
740 441 92
550 579 27
44 596 97
494 647 112
514 819 61
195 214 82
77 353 6
666 112 48
138 663 94
459 494 84
694 686 117
641 136 10
687 681 32
61 744 95
142 117 104
435 294 98
108 804 40
303 337 37
218 178 99
18 268 72
46 693 88
238 221 68
532 557 46
729 393 2
242 379 92
402 51 43
683 263 93
114 583 39
655 705 54
57 591 46
101 450 11
364 519 96
378 13 110
614 305 78
145 292 125
207 549 114
785 564 99
789 289 98
279 101 126
63 103 25
453 199 51
342 113 100
11 727 10
734 499 18
693 618 125
4 294 91
249 621 121
756 12 57
176 541 110
688 629 21
683 237 108
237 385 52
88 99 25
35 693 9
801 341 64
391 123 125
503 463 52
143 195 16
781 84 41
366 706 16
3 85 96
449 295 77
58 18 118
49 391 126
191 303 56
283 814 59
629 37 26
140 330 37
377 616 114
521 624 81
11 43 37
528 521 108
372 370 48
736 590 116
422 30 129
816 439 109
661 228 84
603 215 66
540 666 27
726 562 82
720 817 125
280 777 1
616 801 77
232 364 90
758 82 6
368 716 37
259 372 38
511 276 106
342 736 35
128 528 93
495 785 75
325 590 127
137 133 9
138 112 103
408 219 61
552 49 1
433 131 75
66 324 98
246 778 82
71 80 29
672 710 30
438 766 66
759 661 121
11 600 10
580 213 77
777 350 35
679 301 41
116 54 69
630 107 63
613 646 27
294 312 98
777 447 32
827 492 93
698 103 56
239 617 16
470 425 121
105 147 20
113 158 28
132 513 13
619 69 18
482 162 88
303 752 91
419 249 26
154 729 130
673 56 6
555 538 7
271 67 36
348 23 21
805 301 46
186 191 11
683 242 8
674 296 121
369 275 47
44 81 27
651 645 89
755 25 128
795 266 21
454 608 96
236 646 39
230 393 28
132 810 106
211 442 104
185 93 106
404 812 119
80 341 43
462 581 4
602 92 5
486 548 87
263 712 106
786 508 95
100 138 23
340 148 68
243 256 79
316 495 46
658 698 87
249 408 8
196 813 89
827 445 92
69 736 46
645 120 111
203 215 105
565 473 69
740 825 38
524 790 25
818 60 35
772 348 6
380 481 38
101 6 121
734 459 20
244 239 89
245 176 86
150 697 89
784 43 28
382 664 126
774 200 87
332 801 96
588 24 8
95 327 86
327 648 111
139 167 105
402 24 35
80 167 60
177 447 113
242 347 9
415 457 49
675 1 87
276 158 126
425 48 78
235 622 17
248 676 122
274 384 55
686 281 37
399 22 98
700 215 111
280 643 58
555 489 63
516 737 34
772 418 78
101 128 34
759 498 108
156 55 108
219 612 52
619 8 71
550 594 70
723 572 49
606 692 8
314 105 4
102 395 120
19 180 110
296 63 101
817 213 34
263 4 45
222 305 12
253 806 32
632 278 119
803 570 108
685 716 95
191 248 109
749 120 116
521 259 88
578 113 63
765 110 33
565 394 84
538 755 110
469 509 72
402 84 57
142 257 117
227 372 79
252 681 80
82 72 105
73 374 81
216 420 87
552 815 37
496 245 26
821 747 25
669 41 104
38 760 125
767 534 41
729 592 122
402 14 112
678 751 36
271 578 14
757 37 65
189 44 128
823 515 17
465 46 19
51 169 103
701 223 93
42 782 33
648 43 25
530 644 29
194 426 15
282 393 30
78 19 90
805 461 96
3 206 113
358 416 42
217 493 49
759 819 23
96 268 76
609 253 63
5 369 117
796 275 68
813 242 96
597 456 94
613 783 63
667 262 130
186 356 28
118 784 124
725 541 120
464 727 87
583 550 103
627 138 12
234 517 107
643 437 83
672 250 109
783 183 44
804 21 113
174 640 2
141 451 10
401 200 96
136 305 76
659 277 127
690 85 94
354 361 107
84 336 63
487 553 97
619 338 74
39 663 89
10 68 8
737 657 37
558 60 86
478 752 61
612 232 128
687 311 108
731 499 36
20 470 97
451 387 77
323 173 26
325 459 5
579 612 115
87 476 48
567 760 129
271 200 37
157 40 55
646 813 36
566 623 87
662 428 120
803 681 116
415 649 118
176 99 47
453 400 123
453 458 54
25 43 102
746 801 41
334 221 76
623 711 89
95 277 55
735 56 87
512 5 110
577 336 128
410 793 110
196 371 78
790 354 58
320 70 36
242 473 49
747 734 40
334 440 8
177 157 93
349 260 10
577 150 29
543 136 41
386 51 118
105 734 112
532 93 42
546 822 7
536 462 26
212 593 2
37 253 36
116 368 3
176 312 38
585 588 24
495 554 3
712 719 117
455 393 67
475 203 82
730 472 26
635 11 33
307 517 30
268 205 20
547 86 121
751 152 117
780 617 40
682 231 104
116 402 31
540 673 111
735 49 114
444 574 119
11 312 38
202 594 89
786 455 12
23 814 88
471 9 42
81 640 52
739 453 74
712 307 103
802 546 3
46 241 15
747 746 95
141 235 57
117 36 8
70 253 124
136 432 11
604 87 101
58 823 23
112 481 25
478 501 119
203 253 87
678 730 129
731 116 48
296 454 67
384 253 107
72 197 112
827 91 125
267 267 97
723 745 74
263 50 21
400 337 110
232 202 44
809 145 112
95 815 97
165 716 112
823 778 9
124 463 72
442 562 105
524 496 90
472 419 32
664 287 68
197 799 31
642 412 76
553 409 106
592 380 53
521 734 128
674 525 128
35 77 129
788 745 102
176 190 77
409 661 112
119 659 9
649 135 91
751 511 117
491 528 49
516 734 44
67 291 95
735 338 53
622 548 41
130 130 36
719 592 103
523 462 23
802 162 97
447 322 13
511 589 43
139 612 3
232 314 1
676 139 118
721 44 44
307 584 60
731 577 46
75 665 62
81 798 85
128 147 42
225 640 46
600 177 97
384 220 18
164 771 84
423 30 80
547 820 84
84 235 45
737 826 57
687 705 59
811 509 27
134 531 124
359 207 83
57 192 70
238 691 115
746 114 82
745 514 94
403 61 46
398 76 77
422 40 104
523 532 12
823 320 20
186 513 5
760 822 84
587 207 29
339 366 117
4 667 46
62 703 116
160 228 118
198 791 24
539 57 121
600 307 26
21 439 108
312 559 89
151 648 85
8 243 30
677 383 23
161 464 110
825 272 69
6 346 66
124 140 77
580 776 129
732 382 100
336 16 11
508 380 56
502 619 44
584 438 102
658 347 56
701 217 62
522 141 29
548 444 121
741 469 58
236 74 53
222 248 26
656 746 29
73 12 26
159 500 86
698 292 78
408 306 3
84 816 15
130 403 27
251 157 27
494 651 85
736 152 35
8 708 19
224 430 48
530 414 67
706 667 105
345 594 87
215 171 21
463 518 75
425 707 14
771 791 65
752 772 126
192 787 31
93 452 108
173 619 119
150 575 62
117 587 83
784 177 31
11 476 54
271 418 117
358 149 114
51 823 46
528 585 121
132 29 64
139 822 9
618 668 87
716 523 123
535 55 113
417 54 47
237 366 34
750 520 86
333 325 101
297 245 6
542 211 69
687 499 92
311 661 39
595 623 15
416 39 20
184 438 55
722 230 19
806 377 13
755 674 18
350 124 82
350 356 110
703 481 98
758 583 94
811 386 36
255 280 29
616 265 51
201 671 92
600 511 99
143 137 69
692 665 4
536 819 22
585 366 54
309 394 21
158 63 73
524 467 58
419 739 88
740 37 75
14 601 27
295 221 76
77 77 90
117 562 99
566 671 49
463 659 78
194 440 44
650 181 113
397 641 60
278 463 103
556 270 86
91 359 20
795 450 100
502 612 20
140 507 58
346 762 64
684 588 128
24 241 23
725 194 125
565 144 28
38 531 9
629 799 118
791 618 122
652 167 45
826 576 3
394 555 70
65 639 69
31 79 116
28 787 84
155 338 22
759 660 62
187 92 62
749 147 22
776 797 115
776 286 95
592 105 77
463 682 45
570 675 27
330 91 51
492 644 121
271 488 93
404 603 47
470 644 129
136 177 28
820 398 26
4 590 106
578 168 27
503 433 47
175 789 72
595 306 113
182 293 36
5 219 30
473 747 90
247 489 19
87 396 108
306 738 16
111 809 52
817 96 8
370 360 24
182 64 16
111 490 51
348 316 119
802 500 84
581 787 19
317 345 70
226 499 17
12 504 9
518 686 125
410 14 76
636 624 50
230 759 104
687 750 25
797 672 122
489 385 83
661 593 89
338 5 48
355 610 21
25 825 113
641 644 127
634 474 124
250 396 34
656 154 7
61 137 108
300 257 72
48 416 88
695 386 126
483 557 40
323 377 99
476 208 114
713 828 99
620 439 88
273 477 54
367 64 114
512 64 30
341 704 97
421 418 45
537 182 105
361 690 120
115 336 124
652 670 47
404 530 2
325 125 27
204 771 16
263 520 106
15 717 75
435 668 82
494 650 80
206 796 82
32 242 82
606 97 54
534 707 93
548 647 4
147 485 31
697 218 46
708 538 112
673 294 65
623 238 1
62 162 84
10 642 40
653 292 11
485 173 20
785 406 123
55 95 63
812 592 104
632 142 75
544 534 97
774 514 12
290 741 60
411 91 119
542 106 59
333 69 1
734 400 35
102 750 95
657 760 64
139 481 19
7 354 39
547 416 44
731 12 23
593 780 7
702 125 60
695 758 63
411 614 75
394 606 60
328 277 119
601 690 115
614 335 8
361 95 27
551 650 39
676 519 20
527 783 14
574 15 83
414 197 42
249 69 81
382 764 124
522 660 52
768 731 106
606 606 107
496 424 79
30 314 42
273 438 63
183 603 117
24 347 125
704 154 7
386 769 50
437 49 82
131 657 45
120 753 117
278 464 93
792 734 86
745 364 14
196 787 15
453 345 72
49 707 22
628 493 58
687 735 68
787 94 94
254 251 61
642 250 10
61 625 8
419 733 17
393 342 46
227 2 102
395 441 13
475 592 110
432 477 112
215 373 22
12 462 111
39 372 15
163 236 7
582 504 67
342 261 55
157 756 110
46 176 56
300 580 47
179 272 41
307 3 55
35 237 112
190 345 67
197 130 35
389 203 102
380 433 21
130 45 100
144 498 22
620 108 98
423 218 80
419 710 94
646 806 80
805 679 94
713 95 92
230 568 110
674 639 106
268 105 8
3 580 84
173 366 125
165 125 106
714 74 124
559 718 99
736 353 94
517 9 88
601 74 100
34 65 113
739 719 103
93 540 115
608 749 127
366 618 24
740 428 90
271 823 84
703 52 4
824 170 71
692 650 31
736 775 38
562 797 26
415 226 92
564 247 19
420 506 124
828 594 68
489 617 4
499 503 37
484 683 92
551 201 60
46 661 110
207 782 112
427 585 42
405 167 14
614 481 114
761 701 79
557 515 5
339 750 100
262 686 10
21 97 56
322 567 104
826 321 46
172 738 113
438 546 97
80 476 91
456 253 15
772 759 17
77 180 125
243 762 103
529 166 98
288 367 10
600 607 114
20 179 123
481 733 103
579 325 128
361 21 74
371 472 17
600 288 75
801 825 116
270 114 46
181 548 65
243 427 23
19 216 12
474 766 10
706 131 112
529 723 1
771 386 27
214 238 16
150 365 11
637 691 43
235 749 11
692 526 126
334 542 108
371 384 119
401 682 48
169 661 8
524 348 61
751 122 105
228 9 97
711 370 53
671 226 14
385 488 126
121 340 125
348 620 112
105 25 17
571 319 64
805 345 95
369 689 129
784 696 21
753 335 116
602 351 42
17 326 76
281 314 126
387 743 16
171 7 20
609 611 96
254 497 86
671 114 2
35 741 110
202 422 15
134 353 122
430 772 16
161 188 17
751 498 94
389 496 69
54 461 107
604 604 10
233 508 19
735 552 130
15 475 39
710 236 87
160 788 61
728 686 2
28 426 6
262 768 117
365 256 47
600 248 129
522 434 20
68 430 49
798 323 89
317 411 112
823 740 19
218 60 51
42 821 21
279 783 26
373 366 93
568 814 106
348 134 117
563 613 83
759 209 113
327 678 106
723 471 17
186 823 86
828 637 113
754 65 92
730 12 122
52 587 42
757 824 61
421 378 128
639 63 64
594 179 26
428 180 19
367 575 37
821 25 27
772 89 66
112 109 115
465 317 121
436 384 31
686 91 113
499 716 83
582 385 91
384 726 125
673 257 105
59 352 96
722 444 57
11 538 15
221 602 109
313 358 102
162 577 105
226 713 74
471 325 27
532 388 66
254 335 93
507 151 74
678 523 98
568 380 50
462 696 130
793 513 64
526 627 26
41 159 109
714 123 91
614 734 80
599 628 125
560 247 105
722 185 48
245 452 42
602 294 9
666 628 14
78 515 95
331 708 7
646 40 111
726 406 113
307 541 123
416 380 47
264 444 54
731 274 86
416 611 6
147 183 11
502 56 34
349 685 123
177 615 75
26 718 43
153 29 109
580 268 35
613 122 97
410 536 41
317 773 91
451 108 47
304 712 85
705 123 8
678 381 79
483 798 60
609 335 15
779 819 59
22 753 64
217 35 58
173 736 46
574 562 77
543 217 32
45 115 36
493 647 109
331 821 18
175 580 26
349 629 109
337 265 104
466 323 46
187 391 53
256 471 3
540 264 56
822 550 46
32 119 19
424 694 77
434 276 74
272 713 71
717 171 65
1 799 109
155 616 44
434 709 24
130 287 48
693 40 27
772 222 22
349 813 83
456 176 61
733 682 105
226 463 125
93 637 48
26 525 34
264 60 104
166 537 74
496 184 41
739 218 86
614 121 48
479 459 76
259 792 59
50 637 22
470 352 13
521 254 39
385 783 122
360 805 52
307 630 68
151 395 18
768 410 88
659 686 46
283 785 9
618 791 45
743 749 93
65 401 47
230 643 58
159 245 79
137 807 53
346 231 92
208 500 33
17 76 39
215 429 69
694 110 63
761 436 9
282 339 42
528 349 69
122 326 101
270 233 63
380 728 95
12 505 28
815 666 81
215 302 129
232 152 103
202 498 96
435 231 112
265 264 34
86 602 117
89 439 63
122 198 20
353 485 107
111 725 55
630 786 102
288 782 53
216 85 63
57 764 5
769 704 19
773 502 56
378 483 47
812 713 75
283 221 46
122 494 7
180 545 73
620 510 46
60 191 69
769 464 36
571 209 12
403 801 19
321 410 86
57 774 49
76 173 8
347 467 76
260 130 119
329 604 14
804 128 37
91 465 13
628 108 21
187 344 102
204 400 68
500 460 39
586 407 72
700 685 122
674 312 108
406 236 90
746 72 93
674 623 106
350 216 6
473 469 45
289 344 61
59 288 49
467 179 38
360 149 113
106 300 121
280 814 27
314 182 81
748 490 87
111 572 116
517 274 92
416 247 97
122 470 123
346 241 65
372 3 89
451 62 109
135 643 23
176 70 8
67 670 117
367 96 120
416 654 28
312 415 39
67 516 86
290 370 101
720 185 111
560 666 113
213 611 61
393 602 76
37 516 47
174 763 66
442 187 9
494 307 8
70 434 92
209 747 61
185 688 76
186 396 48
707 562 68
560 672 15
452 244 15
725 97 44
46 50 104
441 464 48
415 234 97
77 180 75
482 183 19
139 283 3
744 25 10
625 641 28
340 606 14
406 566 88
680 258 81
660 692 6
108 716 58
325 592 34
84 777 7
780 88 64
203 506 2
127 427 31
314 300 71
102 694 58
28 47 92
556 450 114
442 215 19
343 126 40
722 109 10
300 184 87
622 789 31
489 149 16
425 166 63
292 63 49
739 374 87
1 633 58
136 799 85
673 435 111
426 77 130
300 760 115
656 517 38
766 236 106
231 196 87
357 374 56
157 178 45
225 664 61
185 220 70
190 465 99
495 700 128
728 441 30
176 433 103
328 256 84
483 743 75
430 795 122
291 593 21
373 459 37
206 286 72
230 300 50
153 526 3
450 742 73
425 158 48
452 334 76
543 190 63
720 471 84
6 643 57
202 296 61
816 66 83
533 504 115
315 811 48
559 457 97
271 593 34
449 440 73
407 396 28
80 286 55
582 391 7
21 364 108
1 220 40
222 228 76
239 528 17
389 677 53
36 134 64
474 418 120
248 138 108
180 655 19
395 117 68
652 757 11
261 65 13
312 369 50
103 592 129
329 526 78
184 628 19
740 423 43
343 18 59
215 242 114
196 191 7
319 602 113
118 424 11
284 447 57
731 199 65
541 1 6
35 603 13
404 508 40
548 555 82
526 373 101
241 229 39
653 380 98
71 558 27
387 269 59
546 414 69
32 696 7
84 14 18
1 808 24
398 442 126
719 557 44
341 740 116
426 547 88
179 633 72
389 299 78
164 543 63
761 464 25
344 662 3
147 350 20
239 366 126
192 253 72
713 205 120
273 720 74
195 140 56
435 157 2
81 334 67
658 119 120
549 420 118
36 76 66
174 305 58
398 381 51
649 97 61
392 397 64
219 361 45
280 721 10
754 247 76
354 96 51
70 205 4
631 397 52
408 799 119
111 586 23
46 766 69
45 53 108
229 420 29
456 417 58
81 104 1
39 162 107
615 359 115
92 574 59
367 773 62
189 112 60
722 232 126
69 419 26
542 462 130
555 687 101
655 576 94
214 197 46
729 568 66
508 485 28
236 200 127
313 169 57
683 452 12
741 109 47
650 687 34
405 423 103
263 582 123
704 754 89
126 352 116
287 480 91
406 437 42
410 758 83
230 602 130
612 147 57
422 498 78
268 119 43
355 815 14
429 775 23
674 152 5
324 263 109
184 313 19
713 730 93
778 679 117
148 548 105
107 738 123
687 201 89
724 64 82
714 102 99
591 70 6
390 597 97
41 152 41
118 772 111
735 281 10
161 687 48
143 610 3
543 816 79
499 720 98
377 421 44
