617 7724 655 443
85264 523201 358428 818264 160473 701040 705384 743705 618089 972511 737171 820949 949871 149950 971733 570934 4069 874399 476290 168135 992611 560007 403638 190046 764217 43347 892616 842967 167974 692124 71440 767581 375095 22641 123358 524590 557249 904971 200749 851289 798163 367002 871166 486803 512600 327688 632306 93513 882780 495597 197815 931412 43770 261450 940271 26250 255399 948593 832718 216426 938156 583826 832043 399464 486327 460195 461891 322795 366022 120633 490363 787951 322112 928326 260356 977415 692695 728306 98121 946778 899715 960610 844920 204384 60482 788654 442790 671958 378419 445271 993802 968020 549201 434617 848393 246417 94876 768522 972055 550999 835575 471793 540731 479734 739313 817710 921881 275551 773612 248075 251393 700743 390998 486993 647773 839622 884753 370029 912718 982400 375275 794894 561856 59111 82377 803498 194527 87831 126912 527674 309096 796422 504694 803835 13121 492570 754591 322849 932115 384507 541289 322542 898348 502601 725743 561728 727243 619293 25436 809141 302265 8444 797292 620397 493761 95038 475386 99160 827222 778931 368429 797011 720367 843527 657548 72418 753388 275302 876577 494972 394073 775624 993076 397702 901090 791969 87784 274062 92995 146234 267537 885723 84603 614436 832238 48109 284045 710235 449324 601779 374894 54926 885898 356494 428758 929488 56971 393273 415290 510788 545537 825460 48518 554884 293984 568753 334598 844902 273807 335607 703009 819900 567681 761071 451014 129395 873006 463680 97915 233735 899246 372216 590118 693642 754613 460294 845083 210294 720380 465370 995704 339863 438512 230441 172595 829422 384707 704451 287310 180797 209786 521166 437565 983642 18855 861841 463664 443380 858388 606244 528894 963688 653045 354078 835341 597531 883879 908738 549583 316765 485611 758312 81491 991048 237421 682913 560396 373521 726721 917163 384884 320796 570663 542961 465925 371940 335787 228320 107154 655106 402927 249303 295659 436317 463861 462658 603152 249442 812034 206049 93227 127726 559432 399035 223656 401659 897968 236148 860699 634414 265494 811306 242253 421646 456693 85659 404882 835439 247456 262647 536232 22699 105141 878065 894094 122378 248674 752227 586453 503924 452307 734107 373877 875220 176917 429896 372196 533240 579252 383264 94661 330341 584904 399043 462298 624970 760234 715112 647330 854467 582128 801739 573230 868867 684593 590646 338985 670908 992131 914161 73185 575432 181461 841731 771189 252043 492246 886054 534939 383302 764825 65150 632421 56827 681849 913806 553323 975948 336781 525479 789371 235160 117168 816237 56234 219054 952259 593212 782467 952523 967634 584106 11841 267703 336359 674676 880271 770447 900636 905547 320328 648506 517668 838986 196240 250987 598746 558142 807062 687750 560297 23022 844755 541965 73253 999269 235303 94525 151576 402491 528051 193194 331606 150208 272961 385544 109343 298237 417669 372828 72739 273256 402901 305321 434480 161312 273766 608145 931240 636892 315095 597296 364363 105603 413221 334743 312331 879253 430372 419171 335536 371828 977750 327494 152959 676034 209908 703937 796343 432012 436597 29658 719380 283478 597237 616178 361006 601139 130612 619796 865395 143181 976023 36761 127689 317392 221173 488882 641569 34419 145259 146363 589670 391401 85791 650029 716440 754947 729761 884272 239206 234977 770068 403828 811471 692229 794016 456853 261976 428052 875491 37764 417064 936996 515976 997978 537641 309438 422897 831901 407692 505996 226357 922191 950964 638837 999094 257606 335357 431863 396703 393485 293168 785666 311546 376252 238450 964693 199712 387399 101790 372099 82651 381629 128997 976878 507085 893077 565782 154224 689259 56177 199035 822933 962399 167748 952604 190307 452542 124504 997201 583004 275396 458195 633960 460351 416232 503392 840832 358902 764473 249016 809459 980661 103614 413518 953512 509686 763901 100721 433685 889920 183888 570463 674877 237465 426798 532389 140539 297027 912966 66353 589142 745515 44451 971086 379755 31015 65785 288831 10156 587843 718253 367777 571482 830378 886229 676310 503439 459589 605647 141705 971219 757793 534008 977833 537413 698865 985448 679293 163881 359487 640124 360083 386563 561243 801409 112415 967222 247849 706185 117759 499635 94713 143059 528637 382208
173 384 96
177 570 80
230 334 84
253 597 92
585 356 115
261 245 97
35 139 91
307 67 19
131 341 110
500 586 1
23 301 18
524 389 106
189 615 17
448 65 24
160 285 63
519 562 37
599 339 88
575 194 13
444 496 76
33 449 37
476 506 6
136 550 94
524 345 46
454 98 124
557 399 96
36 383 52
193 463 103
148 508 71
564 125 123
167 399 4
197 608 50
474 495 70
605 34 115
245 306 42
124 19 76
34 496 116
347 42 100
133 177 32
617 34 30
399 276 67
451 424 70
68 203 88
455 504 90
497 12 43
325 508 89
514 537 5
267 289 29
100 325 39
418 422 11
480 292 3
448 573 21
317 538 87
15 187 6
273 223 22
153 594 68
392 591 1
111 389 90
132 251 28
366 341 128
473 549 57
53 249 57
162 415 48
499 307 50
500 532 100
283 474 60
133 510 81
357 440 13
156 562 16
214 385 5
387 508 37
12 122 53
207 616 65
380 62 68
474 449 102
179 376 64
6 288 26
94 264 87
279 499 108
206 100 66
2 469 73
390 300 71
612 75 58
459 3 126
506 213 46
169 2 130
497 513 104
483 576 41
431 147 44
27 479 58
52 298 103
43 436 28
337 343 127
130 584 49
66 91 109
136 531 122
345 349 49
133 79 19
420 350 117
356 278 10
606 575 15
457 98 73
234 57 22
329 555 58
372 412 119
506 252 22
416 303 66
153 237 17
591 189 78
337 67 128
256 54 19
565 44 34
31 431 92
504 5 22
271 52 37
105 71 104
505 299 54
439 578 4
11 400 18
563 57 131
345 346 78
289 203 26
277 498 103
577 204 75
453 399 53
282 443 65
433 590 95
227 357 11
532 342 27
502 83 85
514 456 90
487 235 36
395 427 59
607 260 34
519 67 80
252 479 120
306 427 52
103 547 36
426 150 91
277 14 52
528 57 84
478 473 96
473 481 59
238 92 67
479 335 98
191 359 131
288 235 29
15 123 122
188 206 98
593 279 47
462 111 62
83 269 21
442 314 61
516 382 82
617 521 92
615 516 73
272 11 80
267 43 114
139 175 57
435 140 118
210 371 90
211 297 113
329 263 55
102 511 43
71 514 34
242 53 106
513 564 112
360 78 34
23 280 94
159 471 94
408 98 93
251 538 32
150 479 78
495 301 48
301 128 117
327 112 39
439 174 131
578 100 120
216 455 90
414 141 23
497 534 8
276 141 8
349 31 14
5 477 2
173 324 12
296 247 61
331 169 77
245 151 115
54 474 9
246 605 122
542 106 12
221 204 45
581 279 13
297 544 4
594 414 13
349 457 15
43 450 32
191 76 13
455 502 10
286 69 44
447 505 1
400 10 15
277 544 108
608 194 57
232 36 103
589 458 34
50 74 43
138 274 122
59 516 103
113 211 107
348 340 102
239 307 32
475 546 97
261 525 18
62 267 65
360 277 94
43 133 77
97 140 16
108 414 48
103 377 81
181 498 21
502 79 6
217 566 127
465 36 106
471 136 47
473 48 113
477 134 70
335 453 8
315 584 84
389 52 19
180 416 38
600 8 27
251 115 119
163 487 68
368 67 32
271 315 53
591 114 11
507 584 121
488 189 71
537 359 36
610 497 29
172 92 80
159 250 80
114 12 122
297 239 125
284 464 22
474 190 73
334 416 54
292 297 44
292 516 7
2 324 107
222 367 2
463 252 114
190 336 94
7 375 44
437 599 36
219 32 122
500 511 25
330 582 88
167 126 13
430 393 93
492 98 34
52 429 118
287 50 12
299 407 126
407 201 59
421 242 11
578 353 47
427 581 131
92 305 31
593 331 6
544 347 34
198 612 86
427 553 33
254 2 88
112 436 83
49 89 71
135 30 103
91 513 43
36 116 4
378 428 103
27 548 2
237 167 93
325 27 66
169 268 11
275 573 119
90 76 127
321 581 107
342 466 53
569 173 59
57 470 29
225 335 102
556 595 102
438 317 113
353 507 51
353 217 93
472 592 93
554 97 56
400 71 37
334 5 27
114 536 39
167 553 87
314 467 19
203 101 23
550 553 21
433 578 63
92 311 14
228 3 22
46 201 77
220 357 8
137 20 78
520 562 25
203 491 45
327 547 108
522 540 41
166 486 7
418 224 90
22 166 33
157 510 32
333 121 6
83 491 104
156 189 37
609 590 107
540 430 104
592 100 33
263 378 122
310 428 30
77 215 118
340 351 125
148 493 12
417 470 11
294 198 43
91 15 45
317 182 121
97 32 16
343 68 95
100 243 112
308 206 11
312 305 125
498 574 77
78 547 87
228 435 5
346 497 6
441 461 61
275 239 80
329 425 28
585 91 80
536 129 4
369 545 14
72 340 67
300 192 115
143 509 126
268 614 103
365 129 99
501 97 120
78 346 42
336 440 103
531 166 102
318 379 115
589 177 27
223 163 86
185 36 119
151 384 10
526 49 59
299 33 91
420 153 125
569 488 122
23 96 122
363 267 40
407 354 112
508 560 38
19 523 16
303 485 18
378 485 95
68 275 49
520 81 25
417 487 92
421 72 13
160 393 11
293 161 84
607 29 53
184 574 72
12 89 128
159 249 26
111 233 13
205 450 43
594 162 125
65 442 5
62 523 81
543 113 108
500 567 40
62 8 12
354 411 96
337 28 97
123 205 109
557 279 105
475 433 129
333 45 111
288 411 41
345 429 40
220 434 90
218 519 35
436 364 92
78 101 70
444 119 86
39 162 50
510 526 72
138 391 125
191 21 102
55 357 84
344 484 60
184 616 118
244 19 34
545 120 1
534 125 57
591 451 71
522 186 18
220 564 69
452 492 78
173 240 72
303 237 78
144 415 112
589 489 120
616 411 117
236 15 18
125 390 101
516 263 43
398 291 24
174 606 76
180 344 109
321 68 100
484 343 89
298 254 48
312 138 91
445 146 71
285 33 68
220 303 5
3 543 29
532 484 83
614 3 35
159 134 123
82 91 29
28 214 37
82 248 70
229 234 25
466 230 62
378 375 118
304 202 108
577 138 60
602 495 74
119 491 60
366 538 57
578 144 46
116 108 58
484 218 7
127 20 93
53 596 6
254 277 90
31 434 91
163 377 83
67 446 27
115 405 99
613 190 61
19 32 102
44 605 8
76 349 89
504 19 124
506 406 38
163 143 33
399 577 125
196 28 40
79 444 35
594 348 56
52 299 4
553 241 19
263 239 78
344 68 106
527 213 107
565 284 55
508 562 33
93 542 95
335 36 9
199 437 5
101 353 82
584 243 33
158 229 51
268 53 117
114 69 28
604 122 108
457 223 112
193 63 22
555 299 95
592 512 126
29 598 73
458 571 1
113 589 96
198 410 1
283 373 124
197 587 126
317 481 4
589 280 90
617 21 42
343 19 17
313 592 24
190 81 59
393 176 8
60 336 73
127 277 116
425 337 125
66 265 81
466 494 33
368 366 58
110 451 52
112 226 58
453 543 73
239 417 34
578 73 86
86 99 60
432 95 107
102 307 55
522 483 130
28 423 131
329 61 81
275 442 30
72 88 113
533 137 111
234 152 127
322 180 101
280 317 4
49 202 53
134 411 121
85 608 58
505 521 24
441 608 69
349 107 10
7 73 110
191 240 110
193 518 53
481 612 49
498 328 68
536 417 14
515 191 10
36 444 25
493 417 77
36 261 123
140 85 106
442 112 58
170 224 95
352 136 100
369 78 71
552 514 15
23 170 104
249 479 91
495 5 93
501 532 92
194 147 101
201 409 66
521 118 97
345 10 65
260 111 77
540 86 92
110 509 46
107 162 43
478 281 54
174 562 79
41 29 47
532 302 101
396 437 50
109 481 62
426 574 16
587 60 34
137 465 123
2 179 104
572 353 17
210 466 97
361 80 118
119 577 98
209 585 90
532 452 69
190 299 9
70 492 2
36 473 47
617 57 21
523 452 113
594 387 25
460 425 77
243 407 33
507 459 98
203 576 72
456 76 126
379 217 49
565 338 11
118 264 115
587 506 57
4 443 74
430 325 90
129 79 71
64 456 42
403 503 27
214 573 40
398 574 46
445 14 40
227 57 124
15 377 28
413 377 122
441 506 128
383 530 10
99 34 30
520 46 22
389 62 122
583 569 96
299 284 108
412 380 50
533 563 18
524 354 19
580 194 22
204 498 33
36 505 72
85 553 71
199 238 85
209 453 53
235 42 76
261 13 51
397 588 101
341 565 128
45 190 89
467 605 123
408 547 44
254 240 58
519 353 75
538 507 131
120 419 82
490 466 2
433 273 119
92 318 76
357 21 96
435 405 58
310 547 30
463 390 108
491 282 106
221 131 81
399 239 16
129 452 81
251 22 67
193 132 69
368 255 13
355 420 10
223 534 120
16 471 47
196 411 81
52 58 37
580 73 63
205 201 83
229 612 107
189 77 117
170 546 89
243 142 20
128 581 106
604 357 119
222 425 9
218 271 84
612 414 9
596 235 106
113 548 127
177 181 129
53 79 19
275 463 122
229 174 40
198 39 74
401 133 89
83 142 109
397 431 96
341 57 51
585 141 63
375 32 48
310 536 128
565 253 96
489 160 96
516 189 10
101 19 8
182 245 37
282 599 125
513 321 37
495 533 129
363 500 126
390 605 62
177 342 108
368 468 34
319 493 8
512 238 34
573 585 10
435 592 27
265 527 38
550 300 33
425 135 40
73 194 114
244 272 102
269 110 1
40 84 30
357 60 29
547 372 126
292 516 117
71 587 40
185 537 40
539 108 3
390 431 21
176 559 38
251 420 68
37 568 116
249 562 95
350 255 59
238 576 114
39 75 131
424 451 104
330 225 23
606 180 24
566 373 108
583 3 41
174 91 118
293 6 106
461 87 23
602 31 60
17 260 91
425 499 92
550 606 103
599 230 61
590 115 106
142 203 51
12 312 69
311 382 77
585 331 3
241 46 79
243 365 87
94 29 62
332 31 51
54 204 15
50 93 51
223 538 42
4 18 71
389 69 91
538 57 102
324 551 51
408 517 126
291 479 104
574 538 98
189 81 83
287 34 74
234 30 26
342 254 121
443 9 5
585 367 76
585 343 106
500 531 68
362 305 84
602 154 7
563 574 124
513 288 8
606 563 44
259 55 55
453 231 94
259 36 113
453 25 83
77 493 27
112 188 26
422 164 1
237 442 44
508 391 92
294 348 78
216 322 92
184 305 97
203 159 78
562 220 60
9 272 129
38 75 21
565 511 74
461 515 43
27 451 80
282 43 40
154 298 61
225 57 51
147 55 12
88 382 115
547 338 117
85 467 87
483 91 53
379 97 79
52 456 75
313 117 48
160 422 33
551 570 58
205 510 116
550 497 94
70 435 101
549 4 72
347 308 62
508 529 71
232 482 123
3 224 119
66 93 89
34 278 127
540 576 87
106 298 101
430 371 86
92 456 28
591 122 64
349 41 130
13 244 34
558 13 89
595 430 95
540 275 40
384 473 95
506 608 86
220 253 126
298 13 130
484 296 27
238 144 25
520 451 28
27 236 122
470 249 120
261 116 116
253 241 107
574 155 81
20 40 55
46 509 27
279 528 4
317 3 34
14 421 67
473 104 1
559 586 5
279 386 63
303 387 96
74 80 120
571 105 33
582 532 49
548 519 103
2 534 17
256 519 69
53 128 51
120 435 102
548 476 57
296 372 7
69 472 97
445 80 99
223 608 57
466 232 52
269 419 56
341 309 106
66 314 25
290 569 15
110 329 52
607 67 60
206 105 35
107 497 66
567 116 13
227 435 26
428 104 46
340 244 119
424 569 80
274 350 78
320 461 82
170 162 77
164 84 42
367 555 45
208 21 41
419 68 72
310 178 43
461 2 100
111 294 55
368 461 107
87 348 77
446 548 127
30 339 17
213 486 59
366 367 101
490 542 64
607 525 56
450 49 94
103 365 97
111 470 9
334 441 65
66 133 38
46 38 131
595 235 76
442 287 125
51 530 93
138 502 73
299 113 76
407 334 69
220 364 9
169 396 105
555 109 108
48 84 118
406 3 13
141 171 121
469 276 9
219 604 118
342 583 23
585 576 85
111 240 20
474 438 59
503 449 122
60 587 102
53 521 75
428 611 66
145 327 89
355 556 125
538 376 12
375 156 83
470 456 25
460 225 73
541 109 98
609 353 40
134 603 29
365 267 103
156 180 20
98 303 113
603 584 119
295 501 65
456 448 71
492 230 53
588 50 85
144 260 93
265 18 30
96 612 9
426 434 124
253 498 114
37 331 26
514 419 111
148 450 112
194 45 85
344 128 52
238 109 85
283 146 17
482 586 36
206 499 112
191 358 89
487 594 109
365 497 23
378 421 122
584 397 122
243 117 59
115 49 7
155 398 120
561 315 118
275 492 88
295 248 98
488 333 85
167 82 44
577 76 84
213 570 48
182 431 113
196 577 112
371 380 45
444 456 121
18 356 92
255 264 63
547 604 47
261 400 62
432 308 77
202 28 129
294 260 28
358 30 7
143 557 61
79 508 65
151 591 97
15 472 112
580 531 25
389 530 129
190 409 44
553 39 26
425 455 38
479 567 8
47 82 70
273 440 63
498 232 64
477 418 84
248 17 101
539 244 16
187 440 124
50 249 107
305 495 23
168 594 39
326 317 131
593 406 97
44 204 84
449 420 9
574 451 55
557 56 76
532 564 116
214 583 93
192 400 46
488 297 67
475 414 110
37 517 52
102 537 3
159 214 16
295 147 121
565 209 21
480 334 9
121 36 116
574 349 64
210 38 38
263 444 79
306 398 118
557 24 49
544 113 79
289 573 75
267 399 25
119 545 128
263 311 60
331 184 94
279 432 81
387 421 67
542 587 96
565 390 37
201 294 88
316 100 33
323 517 127
458 94 119
296 173 93
193 228 87
69 24 32
361 290 62
565 389 130
189 358 128
607 257 26
225 589 102
182 139 53
244 392 20
2 411 57
48 4 82
71 183 112
360 177 38
372 88 97
308 281 82
279 419 89
269 566 21
604 232 63
73 177 26
474 19 71
292 193 38
336 549 46
421 219 8
294 101 107
538 184 67
65 103 127
180 81 62
73 547 64
6 208 44
3 274 70
348 145 106
253 440 63
116 555 40
438 573 125
14 209 126
518 203 118
190 27 126
441 273 87
180 39 111
429 422 64
198 101 113
163 394 68
23 177 42
218 281 108
299 245 35
255 565 63
7 96 74
309 502 9
499 227 101
114 264 108
475 603 36
513 287 75
233 31 15
287 570 33
7 17 90
501 199 117
295 363 128
183 601 99
134 254 127
5 80 104
615 471 120
398 77 54
309 309 19
461 142 112
464 178 75
168 431 61
106 149 105
100 427 73
92 368 76
398 46 80
302 436 44
91 36 37
380 467 70
560 272 52
83 59 40
513 431 3
211 159 27
4 435 22
55 532 76
13 209 44
184 510 118
413 377 85
438 95 72
180 481 77
230 469 109
496 143 52
101 105 74
291 534 25
552 104 12
209 577 75
463 519 64
188 548 108
161 350 98
183 6 28
411 173 118
10 350 76
583 345 11
93 375 39
316 371 61
449 230 103
185 436 25
530 128 14
491 536 4
505 254 127
296 439 20
105 530 77
267 452 91
158 303 122
323 249 93
107 154 51
184 129 108
83 8 63
335 541 5
264 326 30
107 98 59
121 286 64
157 515 27
197 251 122
245 324 14
460 439 109
448 477 24
437 593 90
99 125 104
104 56 65
4 360 15
316 230 47
384 613 32
500 606 70
133 574 51
411 318 5
30 549 103
53 173 104
163 323 122
253 310 61
555 436 53
508 396 85
574 97 32
247 114 15
459 199 101
10 406 108
306 187 113
219 262 86
292 103 83
357 501 26
503 544 131
556 527 53
32 224 27
389 596 73
316 215 35
175 591 84
223 323 105
61 276 60
172 400 62
551 568 16
141 330 82
138 422 37
474 192 50
433 451 115
540 373 2
553 266 17
499 476 131
191 323 53
135 516 79
345 535 126
424 237 105
275 134 127
41 187 87
296 548 42
200 538 78
590 17 127
256 507 98
527 235 131
329 604 102
156 237 38
343 93 7
561 85 87
413 414 3
17 381 101
322 167 4
559 353 14
396 142 35
190 598 115
458 62 95
526 440 115
520 154 126
503 65 83
26 204 61
601 582 66
505 54 128
149 472 31
134 548 30
485 22 59
86 459 66
553 130 81
223 88 17
121 6 71
536 586 39
186 58 89
356 324 54
501 259 24
607 446 38
1 510 51
617 536 42
53 385 95
565 318 105
607 490 130
529 18 25
18 48 63
133 13 9
460 328 46
24 155 91
364 184 89
313 506 113
286 348 16
506 437 70
501 432 127
560 5 101
30 315 75
453 275 95
421 460 23
403 48 87
30 269 126
19 63 96
23 570 89
183 515 80
9 78 42
147 23 41
6 535 41
494 6 118
202 214 28
182 429 122
175 421 55
464 389 30
49 557 50
413 165 39
305 21 78
124 451 14
486 465 64
200 225 37
460 216 67
518 295 25
11 148 19
324 31 120
381 172 34
470 269 67
112 371 20
567 491 91
238 428 101
380 506 72
565 335 128
587 370 92
364 313 78
382 521 94
600 171 57
420 435 64
87 465 27
121 281 20
564 531 95
474 64 45
402 245 53
174 425 97
249 492 127
494 187 20
410 546 78
51 507 72
17 333 43
423 120 65
477 616 2
370 58 73
459 363 64
92 49 65
66 117 48
530 343 11
126 179 106
317 358 99
3 281 24
557 191 10
370 293 75
58 424 42
366 302 28
551 81 47
267 253 74
478 561 43
353 28 68
61 15 65
128 143 89
551 91 126
202 381 44
303 283 70
575 414 55
9 205 111
506 395 66
500 39 45
510 203 87
230 613 113
249 353 66
384 327 90
429 415 53
52 414 33
249 505 95
115 371 80
46 337 86
439 117 8
545 364 66
69 462 22
575 454 120
534 549 19
569 100 3
593 244 65
125 607 93
460 226 78
217 513 95
81 101 128
100 114 37
277 334 124
608 549 15
129 262 9
491 268 40
260 151 12
53 609 70
269 102 60
59 346 90
134 612 75
458 58 52
550 459 82
472 159 64
602 4 91
257 429 82
160 344 83
62 231 20
217 442 126
415 487 31
236 59 84
480 94 39
229 366 17
395 209 54
520 109 129
278 563 13
238 444 52
515 546 106
531 285 127
595 234 102
297 519 101
482 48 50
80 147 106
343 85 98
274 384 1
558 166 80
341 373 130
474 7 1
68 117 46
444 468 25
243 442 46
541 510 93
155 311 76
116 54 57
98 433 105
1 548 4
95 156 93
415 265 117
521 200 59
160 437 56
189 354 21
470 12 9
501 40 40
443 538 37
340 131 121
225 183 60
347 473 103
432 287 91
493 118 33
56 199 70
606 361 113
99 249 62
372 417 109
587 309 125
15 207 130
451 534 61
583 353 26
380 444 126
203 202 103
232 411 10
342 311 93
77 37 6
460 266 128
453 38 82
342 398 60
137 579 96
588 545 2
20 534 38
177 190 90
431 510 58
283 345 33
155 93 94
464 496 10
40 21 112
589 311 97
569 417 72
549 525 99
361 377 76
404 93 117
42 537 114
344 398 56
403 511 32
63 53 66
593 344 43
614 332 37
562 13 24
545 607 43
401 567 93
452 490 90
189 110 51
26 371 83
180 98 20
355 91 10
129 273 42
286 209 85
466 563 31
144 26 96
469 151 121
401 62 115
178 181 103
407 497 82
178 102 19
152 38 98
456 493 121
65 356 43
18 571 49
518 84 80
62 247 82
389 309 12
576 372 19
123 300 70
593 97 2
571 14 54
179 76 25
476 47 64
8 64 74
534 607 80
568 390 2
111 596 103
493 191 13
285 377 78
237 276 124
335 502 92
504 613 59
43 232 37
478 106 16
149 123 113
73 263 52
61 21 81
258 446 11
427 212 55
291 602 62
187 611 52
477 545 43
300 170 111
172 441 116
115 463 118
391 596 47
300 88 51
171 341 15
425 263 48
147 170 96
173 58 119
70 148 65
453 299 45
392 539 99
145 109 65
394 329 112
462 462 123
220 306 57
500 380 69
225 4 43
416 271 112
133 571 17
314 482 20
129 553 3
542 310 61
359 327 19
289 51 56
462 32 63
330 59 55
579 592 49
416 510 83
193 466 49
429 434 102
288 73 130
394 435 99
522 385 77
614 201 28
130 574 78
468 130 36
36 235 39
349 69 13
277 395 67
47 513 85
32 472 71
273 222 58
16 512 2
47 502 25
286 504 93
498 204 61
515 227 32
171 29 131
598 506 56
70 439 93
352 543 8
35 478 63
566 349 108
540 233 33
557 581 92
1 606 64
279 476 102
39 608 33
443 81 20
441 409 46
508 371 40
232 198 128
286 362 27
183 93 17
350 317 90
108 398 21
146 593 101
596 414 74
508 523 105
445 570 64
239 543 50
69 154 116
169 338 99
416 142 98
55 165 93
232 595 95
165 109 4
583 202 99
439 306 117
606 404 9
459 255 96
58 374 45
187 518 49
187 474 24
239 258 91
351 51 128
200 51 90
342 6 129
577 489 116
486 338 59
198 572 114
52 506 48
338 69 67
441 383 54
216 556 25
299 444 47
452 74 56
15 394 39
91 194 36
169 68 118
424 222 125
166 587 19
249 243 13
547 526 51
106 293 39
444 310 114
172 320 76
299 372 57
129 213 2
354 417 118
233 176 2
443 559 90
374 249 121
42 571 24
156 169 99
406 203 11
226 435 25
133 415 33
223 567 22
589 277 8
381 250 42
589 134 105
492 302 8
493 322 80
55 521 99
413 529 112
316 545 115
90 287 19
169 334 116
469 328 21
350 176 18
503 395 42
198 195 16
415 434 102
269 24 30
201 503 71
10 534 32
302 397 82
316 214 124
27 290 63
364 601 31
505 488 13
119 60 96
499 155 15
234 52 71
144 237 85
225 118 63
312 113 87
91 12 6
168 501 47
54 424 103
602 270 77
367 515 58
212 553 117
578 368 20
137 475 74
21 184 86
266 428 19
483 26 130
364 613 122
607 208 7
516 178 54
37 193 38
499 351 39
378 192 57
377 310 37
237 204 102
311 377 122
132 258 113
395 532 21
280 360 124
514 68 8
353 225 95
593 510 66
217 396 55
444 10 55
261 84 129
583 240 70
131 438 96
288 548 49
518 429 117
561 101 122
108 417 81
23 514 65
475 217 76
566 567 12
50 431 72
65 364 72
324 336 34
103 131 95
340 113 107
71 69 26
108 445 114
556 528 86
268 333 29
597 302 25
592 344 111
436 276 1
294 79 14
419 374 3
337 273 5
131 145 15
590 171 37
247 394 88
75 18 102
588 178 87
67 117 1
346 534 113
63 172 67
524 514 127
396 102 7
288 313 53
21 561 27
184 480 111
384 423 121
341 530 35
310 614 99
225 550 75
298 345 64
423 366 34
517 112 108
181 253 128
492 345 113
19 348 22
176 57 88
4 346 103
46 450 50
263 401 117
287 548 79
185 435 98
377 585 51
285 35 92
501 321 71
339 295 9
437 404 28
534 120 21
589 232 117
95 232 32
528 64 5
132 75 46
281 250 33
320 286 27
526 141 1
386 220 127
445 10 110
501 437 97
44 285 112
258 532 39
244 61 44
461 249 4
196 219 8
580 595 9
463 523 3
514 19 25
334 250 66
408 577 68
407 502 48
127 485 74
573 615 69
295 127 17
48 529 48
424 413 10
251 362 125
590 303 126
111 537 119
455 249 48
542 107 120
440 345 34
251 334 55
614 527 122
487 603 44
341 278 48
594 166 28
118 123 77
190 191 26
39 573 15
249 449 121
600 473 7
260 462 63
108 117 7
351 253 124
81 220 51
568 464 71
457 534 69
57 319 82
559 268 55
514 443 52
26 415 77
36 127 66
546 103 109
295 463 97
299 262 110
18 438 27
310 369 66
85 361 15
541 374 122
121 536 107
463 148 75
560 234 73
449 496 22
228 9 118
315 405 31
364 314 10
358 88 71
562 18 78
268 49 95
469 204 33
57 9 29
583 463 98
505 132 71
364 121 102
514 24 124
608 575 111
105 170 1
485 312 119
442 575 127
395 172 89
349 510 58
204 612 55
336 171 85
542 70 110
259 444 59
217 305 124
39 510 39
319 279 15
300 320 116
209 476 57
362 351 37
264 614 102
575 195 103
130 523 54
114 589 84
208 388 23
456 523 56
431 516 25
388 351 73
212 347 7
9 149 95
262 557 79
389 385 104
138 542 6
210 311 3
522 1 38
534 300 32
309 19 106
446 14 90
26 237 40
294 396 73
286 36 60
260 179 11
90 591 103
69 580 19
1 101 67
237 275 101
9 304 108
551 309 110
40 454 50
58 55 100
457 136 17
489 205 54
259 595 35
64 231 74
461 106 12
535 131 10
1 60 102
424 529 25
30 325 4
300 25 123
541 75 95
505 129 10
304 264 38
497 558 70
42 421 100
43 276 114
26 248 80
46 147 96
516 359 54
134 286 58
574 405 24
197 186 39
292 311 71
548 130 61
537 551 7
185 413 38
161 433 122
60 435 47
529 159 30
580 351 24
438 466 108
538 541 31
388 292 7
300 410 99
323 295 106
491 365 49
587 434 68
13 467 53
282 393 5
316 206 30
396 63 29
607 162 54
352 128 28
519 282 106
505 598 48
186 415 100
215 194 11
469 304 68
134 444 11
319 11 37
58 459 82
327 91 68
586 504 88
208 212 10
127 116 36
3 493 23
610 382 75
125 493 61
277 252 106
376 186 127
182 471 23
607 121 42
225 208 94
248 555 130
193 599 48
551 95 18
496 104 111
441 196 28
591 555 103
358 524 15
456 151 70
123 67 55
318 492 63
57 315 84
143 177 107
64 611 10
8 151 128
426 133 89
280 484 46
600 496 127
147 274 46
484 249 88
186 110 15
26 79 19
94 61 103
184 309 44
482 182 106
343 282 7
326 285 125
227 563 39
560 86 110
242 426 78
583 612 129
520 569 57
546 518 94
319 57 16
325 182 73
99 55 56
593 555 92
29 202 89
551 262 101
337 260 120
551 353 24
594 530 87
65 416 34
52 478 35
70 589 44
367 507 86
397 493 110
381 362 59
549 453 17
47 5 49
498 102 99
12 124 65
177 354 51
18 110 80
573 450 45
178 325 101
61 599 23
293 513 74
561 261 5
252 245 38
123 595 9
304 360 38
577 366 60
54 154 76
439 331 80
196 16 79
437 98 84
454 406 30
71 59 105
180 38 72
476 576 70
39 237 59
26 413 51
94 39 107
450 474 63
566 467 104
610 110 56
275 177 74
453 189 69
103 51 45
376 155 54
613 439 121
344 426 86
99 431 106
349 347 128
470 596 102
117 133 17
183 59 126
358 278 109
73 408 24
85 357 20
478 14 64
162 483 16
64 123 111
105 338 5
198 257 109
470 559 127
313 91 24
53 182 54
118 334 80
446 494 11
545 19 106
419 102 83
350 290 126
303 355 15
507 412 12
25 431 94
393 585 100
377 132 22
258 452 18
353 430 5
362 344 71
115 19 44
294 261 23
587 162 12
394 253 33
449 512 114
147 604 95
477 121 23
422 211 77
517 577 117
413 593 45
222 282 66
258 439 115
525 167 20
295 318 101
38 36 41
70 560 130
139 177 50
133 561 43
179 147 14
405 410 29
329 154 92
80 156 58
348 198 44
194 9 83
588 39 87
227 536 89
212 410 100
374 157 88
177 473 91
493 432 90
189 192 84
508 87 70
316 437 80
466 391 32
519 464 76
394 147 7
184 168 90
560 190 54
426 412 29
113 501 122
333 617 48
511 515 33
360 222 130
320 275 71
493 18 126
483 424 111
307 81 115
176 168 95
50 134 5
242 529 117
50 412 80
498 171 84
34 53 129
64 482 101
336 603 130
210 85 29
542 150 90
342 505 109
182 516 119
509 142 123
45 282 56
227 416 112
144 459 89
53 213 49
342 292 128
184 448 59
268 568 82
529 468 28
609 552 25
510 328 29
133 342 38
428 290 54
152 58 5
450 524 64
595 597 110
103 294 96
107 584 94
270 166 16
583 606 46
592 455 75
470 483 51
595 342 39
289 461 94
458 19 30
443 311 22
381 119 82
63 44 41
240 547 61
484 293 70
345 33 104
240 146 73
55 554 76
512 294 126
169 12 23
160 409 46
427 605 119
153 409 74
464 249 39
433 169 22
78 246 50
455 85 55
37 336 16
446 416 126
615 158 11
292 101 123
283 64 97
459 16 13
20 460 114
63 116 98
158 185 93
387 284 110
108 428 28
546 517 24
568 168 38
206 364 30
313 93 82
360 599 51
163 238 44
561 447 122
134 31 20
336 458 93
408 221 41
335 145 16
506 372 114
566 333 107
312 302 18
26 61 116
32 71 31
85 17 42
561 438 17
102 511 90
397 323 43
477 165 38
298 390 121
548 10 33
427 266 109
594 486 98
297 481 46
477 230 32
132 153 115
251 194 60
414 430 118
199 315 7
404 432 59
287 303 33
480 202 31
424 223 102
105 250 75
402 254 74
40 254 37
549 489 106
139 556 49
481 369 80
45 527 89
300 168 2
352 72 86
557 529 51
271 26 50
584 410 77
433 500 111
138 53 65
492 574 78
269 237 70
617 511 53
78 352 78
109 311 53
105 401 15
79 191 100
527 34 98
276 280 15
478 599 130
280 369 85
563 299 76
20 16 51
564 326 88
334 78 5
257 397 114
228 403 88
560 296 44
44 599 92
433 505 45
551 34 6
595 581 89
607 447 37
482 388 67
365 97 123
156 153 30
232 265 123
301 20 104
199 564 122
496 611 10
367 95 128
135 505 129
417 441 7
486 388 11
616 520 55
269 317 56
349 230 88
102 267 104
322 554 58
444 148 97
350 267 71
598 15 58
112 373 45
49 293 29
529 562 19
538 469 74
144 318 31
77 427 17
198 267 119
415 274 27
302 152 47
57 102 115
135 454 17
282 415 5
310 330 79
29 499 22
85 48 28
372 542 103
152 355 46
559 483 116
179 545 125
496 474 45
327 309 46
244 6 53
564 122 85
461 468 119
429 14 102
406 512 116
504 598 55
16 596 76
40 180 5
108 566 37
214 321 120
43 538 68
457 138 104
475 204 14
413 46 22
173 31 10
18 573 77
484 272 6
500 35 35
372 66 51
165 423 27
176 106 87
9 229 87
154 560 88
479 90 126
614 181 4
481 91 38
348 275 68
410 33 123
341 231 37
488 297 22
351 27 95
596 427 16
133 350 7
141 487 123
62 74 12
583 593 71
375 585 19
232 531 56
453 387 68
5 2 45
477 560 58
491 22 83
564 165 44
585 23 36
299 224 114
7 371 2
342 227 12
588 304 42
187 204 27
492 79 35
133 112 58
261 217 24
600 114 119
409 267 41
594 385 65
299 155 13
603 16 17
441 605 40
346 126 39
293 596 12
106 611 23
56 303 82
335 125 7
611 465 110
519 245 26
120 399 28
336 377 115
264 579 62
382 447 103
118 118 96
319 498 70
504 45 26
257 425 20
84 32 92
363 383 92
464 267 56
586 229 101
161 327 72
434 20 21
522 156 7
400 325 54
177 428 4
182 431 111
316 405 60
505 373 2
46 601 21
461 573 49
301 17 98
540 59 88
372 113 114
171 471 47
109 551 59
576 484 106
290 218 25
151 601 15
588 528 116
559 286 110
21 20 39
268 219 45
140 367 10
382 449 23
153 177 78
438 604 23
577 355 108
461 422 56
333 46 110
508 386 35
467 617 79
48 480 61
380 53 102
250 239 104
365 344 76
334 317 92
262 79 8
211 331 1
375 580 39
557 244 56
249 192 55
117 482 10
566 332 25
311 382 16
568 258 98
179 232 34
90 589 72
81 319 113
1 558 39
510 173 56
280 329 20
532 495 125
573 544 75
568 140 124
432 118 22
151 335 8
238 279 32
304 317 76
434 486 66
32 518 108
304 293 129
333 264 60
31 433 66
605 558 69
429 343 91
62 53 30
393 500 61
476 66 119
224 240 11
229 388 4
234 90 72
123 365 95
41 311 43
382 415 89
498 487 13
236 178 25
523 169 54
43 417 101
599 368 87
288 438 79
112 183 110
331 540 108
464 119 89
308 42 69
570 81 30
4 340 59
564 418 39
90 412 94
271 367 52
536 250 43
21 319 129
476 248 120
28 530 58
4 208 108
342 402 28
323 267 130
463 476 72
18 421 45
199 605 3
42 226 76
512 96 50
444 185 98
182 355 34
276 397 102
390 606 89
601 405 124
281 199 43
155 550 130
371 566 95
209 492 77
381 71 115
208 161 123
302 133 43
342 86 16
55 17 49
456 43 129
126 100 104
540 358 100
536 425 105
149 64 99
318 102 128
544 390 111
170 177 104
384 178 106
578 323 102
554 397 9
375 269 3
194 295 122
616 490 101
15 447 113
126 453 33
57 453 54
440 78 39
119 412 106
307 387 90
341 286 96
457 327 1
60 281 88
469 40 38
484 564 11
609 234 118
216 378 115
556 388 50
60 276 73
123 598 129
253 572 77
406 384 127
244 374 66
221 477 97
506 291 124
49 438 78
187 494 62
42 264 66
381 272 39
225 328 47
143 301 42
173 514 32
284 136 81
486 536 55
188 382 82
382 39 88
439 540 33
419 207 63
317 218 97
275 8 125
272 168 69
39 13 115
267 359 57
449 400 2
413 418 38
572 397 33
424 543 64
274 385 64
207 585 75
273 237 128
288 30 112
103 228 101
217 385 62
439 94 30
55 333 22
126 391 106
143 530 13
500 529 4
613 551 86
202 295 105
11 314 93
158 136 30
406 373 114
325 103 121
492 379 42
28 573 87
213 342 119
505 616 79
565 504 77
97 566 26
561 524 57
308 149 127
604 78 58
154 53 85
199 131 80
147 233 17
582 41 72
21 305 29
291 536 28
17 342 1
614 601 15
532 199 74
392 342 56
288 289 68
276 425 58
289 595 120
270 216 106
545 338 19
498 607 56
212 526 44
564 156 19
255 491 14
421 180 107
516 63 35
196 449 3
464 34 26
222 481 46
315 165 113
601 214 109
555 548 52
607 41 25
411 239 4
173 267 4
286 358 125
289 21 55
86 538 50
219 272 84
545 370 8
462 106 91
389 389 102
396 180 96
439 119 124
120 108 4
363 418 40
359 430 102
7 533 88
573 501 76
435 494 5
550 399 91
591 295 41
606 439 111
227 578 90
181 173 36
183 302 76
37 428 87
568 10 111
196 519 49
609 476 101
598 298 14
4 205 128
239 282 128
549 47 77
465 597 15
582 307 65
67 440 81
116 46 95
298 138 131
245 349 79
34 150 64
126 601 51
102 351 74
491 60 47
268 586 124
288 462 44
191 51 17
269 45 117
301 250 86
611 107 16
65 13 27
520 139 3
516 119 76
40 74 128
176 170 67
220 480 130
85 88 57
550 170 55
495 16 25
34 414 3
150 380 31
585 586 73
480 53 110
363 121 26
101 566 124
204 316 8
605 239 45
330 576 38
349 360 16
608 180 114
205 123 32
324 418 41
146 507 19
24 124 42
186 318 49
183 60 94
244 156 120
225 361 128
429 347 76
30 481 111
594 255 113
509 268 88
342 169 51
361 217 11
188 282 70
533 187 89
448 568 71
46 68 13
14 66 57
357 217 19
195 374 112
44 498 6
225 163 21
204 49 79
334 185 99
487 22 86
318 606 97
578 59 71
163 57 41
446 559 30
325 481 16
206 582 23
13 368 44
260 159 62
612 615 126
59 299 96
64 337 73
261 68 11
191 292 3
594 320 35
616 506 37
134 535 52
173 47 122
555 121 44
309 279 70
214 458 79
71 76 12
529 378 73
389 23 123
302 280 36
549 550 72
45 213 97
496 327 95
271 12 117
436 444 61
315 243 91
9 6 102
27 1 83
534 284 78
296 453 80
138 553 47
397 464 55
352 545 106
611 458 114
518 583 127
615 158 3
406 250 57
378 143 102
598 552 131
469 338 114
489 155 15
367 187 31
295 414 52
351 588 60
75 159 94
3 114 22
37 407 19
442 464 23
229 222 5
429 600 128
415 100 41
412 583 42
488 305 58
253 105 21
377 539 46
40 392 122
562 126 117
409 572 10
406 312 67
372 473 52
579 602 38
594 441 62
260 470 16
206 602 6
167 164 45
127 459 33
274 148 33
418 46 84
202 341 90
579 381 3
107 363 127
4 472 115
172 239 88
611 75 116
31 161 22
159 439 39
323 616 63
441 279 57
219 102 4
152 49 54
320 329 116
200 388 40
489 231 97
367 133 68
96 607 33
600 50 129
49 426 89
418 589 95
287 26 80
80 402 115
403 51 107
594 12 8
50 538 99
76 117 33
164 150 77
440 307 117
488 202 5
369 215 35
248 216 106
141 158 13
530 233 67
147 463 87
109 51 74
237 528 36
140 239 24
123 537 37
282 340 68
279 63 56
122 167 50
167 100 114
475 297 9
386 501 24
482 487 80
495 226 86
46 531 76
440 555 19
604 353 3
421 189 68
148 270 131
172 160 91
604 440 52
156 111 59
10 81 23
494 442 128
54 5 20
362 108 34
186 416 107
482 425 110
408 463 87
532 265 124
200 225 48
405 165 103
87 408 27
43 555 118
346 198 124
583 123 9
337 326 7
169 380 99
23 55 32
580 494 31
60 615 85
584 166 27
299 457 130
146 321 128
175 134 3
45 271 126
178 286 120
89 28 88
452 549 17
33 427 58
13 226 101
430 39 8
421 296 7
61 573 80
194 602 122
356 82 122
570 457 16
383 141 10
281 152 104
330 302 21
68 286 1
156 376 30
256 287 69
124 479 12
260 475 63
129 343 125
525 122 10
274 378 29
496 444 69
65 368 102
374 67 54
7 153 2
310 546 118
320 280 6
51 207 65
515 598 3
445 607 11
189 166 58
299 527 82
352 166 9
160 180 18
258 158 101
213 276 52
392 91 113
452 4 74
556 19 117
459 384 30
383 149 94
107 327 24
411 469 50
10 14 78
31 148 70
141 426 83
154 7 57
254 572 61
518 438 98
561 2 46
547 243 13
137 6 109
80 63 7
319 304 28
571 265 101
564 591 17
460 122 29
68 73 82
63 266 86
131 168 18
367 102 122
153 252 80
55 150 13
303 186 73
527 338 18
263 148 96
86 234 22
109 356 69
146 347 23
441 10 41
43 106 115
273 467 53
173 549 47
367 208 107
342 138 9
227 43 7
391 388 129
67 279 31
179 286 86
462 36 57
586 290 52
533 539 1
528 18 23
446 60 27
545 603 82
18 501 80
213 519 91
442 327 50
450 440 7
84 136 73
383 135 128
360 77 117
196 76 121
41 65 21
556 576 71
174 329 102
250 216 86
94 82 94
31 556 124
191 73 101
32 18 4
258 127 130
441 597 116
569 227 131
550 42 108
235 497 11
384 604 104
479 36 6
86 440 119
573 93 27
295 352 102
406 49 124
188 334 1
33 161 82
423 188 106
202 304 75
233 157 129
512 139 82
330 170 101
40 573 110
275 301 84
213 318 55
129 21 28
129 277 27
15 22 101
302 109 76
48 11 131
362 406 67
586 427 41
120 34 27
429 359 82
242 362 47
127 328 125
393 439 85
63 424 57
520 305 63
48 76 28
335 174 100
140 62 37
219 587 93
66 80 99
249 500 3
388 14 108
386 615 21
460 371 10
528 198 124
548 3 18
555 129 67
147 42 118
503 495 100
237 339 76
283 574 30
432 19 83
235 295 24
310 330 57
365 65 85
451 424 14
31 388 104
460 517 83
472 522 84
226 483 53
211 101 122
430 116 28
11 537 4
356 567 43
599 615 77
189 241 91
194 109 128
589 131 77
505 204 115
469 596 60
167 160 10
33 107 100
144 138 130
532 290 71
411 241 123
616 579 9
542 103 50
413 162 95
137 553 76
85 431 15
383 349 3
8 266 128
564 575 94
382 398 60
177 469 36
232 335 100
100 335 47
55 428 115
92 279 129
410 544 49
298 305 59
145 465 5
409 373 107
357 12 106
11 19 70
490 391 52
139 435 128
542 496 87
81 53 50
310 492 2
542 225 101
490 257 99
143 333 108
155 139 16
355 367 68
314 544 90
494 333 95
29 324 61
64 398 109
216 95 70
292 408 109
375 460 122
611 492 113
207 498 120
580 510 107
18 616 11
519 150 20
251 317 91
258 179 72
149 512 12
426 18 54
331 370 58
272 130 99
502 297 63
101 195 64
240 617 1
312 234 91
230 611 40
525 218 88
39 189 107
74 421 11
49 607 110
331 601 14
186 301 5
51 77 118
498 138 109
105 580 8
123 65 130
336 326 93
94 4 11
128 144 103
595 544 112
540 605 119
307 129 98
467 602 62
442 206 29
441 111 108
65 70 78
375 604 77
405 421 63
228 405 89
244 366 9
411 435 81
560 508 22
518 591 129
205 469 7
553 259 29
203 544 27
147 313 60
112 439 34
328 529 76
48 45 8
29 222 91
595 187 8
554 120 123
600 266 96
94 266 42
580 371 70
166 339 55
308 462 4
137 399 125
239 180 125
105 154 122
538 27 26
536 601 84
357 28 80
417 413 33
460 140 46
44 29 105
317 533 5
217 510 80
571 126 69
336 167 115
584 251 71
539 45 32
191 272 129
201 415 102
591 239 119
342 349 109
487 518 20
406 398 107
26 58 37
92 322 70
407 560 131
212 396 20
336 455 4
460 539 4
137 513 88
602 352 57
570 243 105
213 386 79
336 269 70
355 349 82
302 231 9
410 52 62
576 457 23
399 513 6
433 219 88
382 526 71
174 274 102
366 28 34
282 533 89
389 29 40
500 462 45
88 458 109
83 148 48
70 559 129
478 532 84
328 519 127
333 429 41
584 247 2
578 342 31
44 514 85
590 345 59
505 341 95
301 143 9
399 263 106
375 70 63
14 317 60
181 547 130
523 54 125
268 397 122
291 416 89
201 259 36
38 109 31
551 3 50
371 483 3
294 87 88
81 548 118
384 422 72
168 98 95
52 367 120
418 469 37
383 348 31
424 498 127
265 364 9
150 458 77
75 148 46
486 219 85
52 44 54
399 363 55
380 76 86
252 136 103
544 533 41
43 305 63
402 133 94
472 240 30
170 48 118
239 224 84
12 62 60
321 200 67
341 113 98
104 192 74
28 50 70
88 318 47
405 405 79
553 469 72
419 178 54
267 340 68
227 207 68
91 281 71
64 441 113
4 131 71
371 333 74
27 326 87
306 278 85
500 389 102
103 344 2
355 513 88
71 287 34
82 481 11
289 545 42
65 271 9
275 186 38
547 392 123
98 362 120
563 209 105
575 107 4
164 96 78
521 558 29
404 17 109
104 556 18
158 584 86
15 613 111
28 390 60
325 371 18
536 594 123
434 109 52
172 92 93
507 273 101
549 141 36
315 125 128
480 356 33
409 181 6
87 312 99
326 599 112
174 254 52
142 421 53
366 510 129
158 22 30
298 285 35
609 399 128
413 345 6
211 458 13
410 379 56
590 407 72
29 339 75
424 117 93
558 81 25
252 446 72
519 230 15
283 93 122
379 171 46
580 476 87
493 212 60
337 163 37
509 353 20
349 380 130
425 419 18
140 522 68
186 9 20
255 611 47
193 161 129
341 540 62
323 489 93
183 397 7
99 427 50
190 160 117
156 405 128
286 207 91
122 48 8
126 265 69
347 549 9
584 8 56
225 563 77
432 318 76
169 399 9
199 49 20
412 398 130
497 308 124
498 494 106
75 207 102
7 115 61
244 162 48
523 425 96
524 100 30
342 146 57
121 388 103
560 337 7
544 80 62
411 12 90
510 522 43
413 341 13
377 19 31
613 292 52
51 216 9
79 462 1
226 187 17
273 311 37
563 285 14
617 460 91
114 239 97
338 175 96
535 396 77
48 229 81
299 97 31
312 476 84
41 513 61
334 495 67
417 259 95
109 315 2
190 302 48
472 307 85
538 41 95
580 461 4
140 412 2
338 580 126
119 53 103
263 510 27
267 116 109
252 21 106
569 357 128
201 359 34
502 504 126
52 602 77
286 108 81
235 93 112
8 436 20
90 610 103
605 480 29
202 275 70
507 318 86
448 296 87
25 554 78
408 342 46
23 24 106
217 304 17
190 375 83
242 552 49
446 180 111
372 258 102
17 151 97
207 59 89
219 193 24
447 592 69
36 116 120
107 16 21
184 610 55
444 228 69
588 512 36
378 71 17
585 186 57
557 270 20
605 507 53
337 340 81
387 551 83
125 286 19
120 596 63
255 178 99
598 560 40
263 11 11
409 82 36
505 32 105
616 613 4
147 594 50
385 154 55
82 357 60
186 496 57
482 363 70
59 521 24
562 520 7
574 125 29
228 64 26
208 312 80
555 334 24
55 591 16
610 489 2
415 471 18
390 238 119
267 2 90
77 182 116
580 337 31
259 391 6
310 237 70
189 114 112
55 176 112
455 79 79
265 556 109
274 533 128
11 574 14
201 322 63
321 474 62
514 565 57
389 269 114
467 42 109
607 345 118
461 219 90
22 98 69
382 110 12
605 315 128
135 543 21
33 76 42
118 567 41
128 384 5
218 388 130
392 213 41
382 454 24
350 251 47
79 71 70
59 190 42
540 576 120
13 45 18
110 566 53
234 144 70
359 428 46
540 85 54
450 207 54
588 20 68
466 449 61
474 374 65
606 117 94
311 1 22
160 104 34
475 303 82
332 558 93
136 500 94
593 185 75
358 603 82
215 49 44
7 433 68
116 547 50
380 577 100
179 211 122
51 198 68
493 404 82
215 134 10
506 321 94
502 228 62
486 148 22
593 523 9
502 281 92
532 416 81
279 616 37
68 529 40
400 426 96
290 579 42
557 135 102
39 295 106
365 3 9
113 584 27
191 186 15
161 191 20
582 166 69
491 32 3
551 261 54
460 144 122
152 262 17
505 605 23
92 329 74
144 114 18
303 447 33
144 543 115
551 427 77
513 95 78
414 477 64
589 343 120
186 477 110
143 529 38
180 205 34
345 93 71
403 153 131
29 213 19
71 602 118
617 369 123
151 421 68
341 415 25
168 265 101
501 511 32
547 204 81
112 7 10
442 537 129
424 370 115
480 56 45
310 609 113
264 312 55
481 3 70
260 441 62
424 271 89
438 361 65
17 486 27
34 562 110
121 19 109
3 31 125
375 88 82
377 207 112
430 113 57
329 579 91
498 446 119
143 231 70
115 598 118
88 82 88
221 260 23
439 287 105
440 465 11
179 598 47
518 512 114
340 527 16
457 122 6
385 565 126
206 13 86
158 483 131
568 365 116
322 389 106
350 202 80
536 585 118
617 553 81
75 574 34
266 393 97
591 286 61
243 481 46
29 266 12
51 213 60
301 395 107
70 165 129
288 158 72
500 353 20
52 126 18
72 324 8
149 150 22
98 247 7
139 154 37
30 185 7
76 335 31
253 560 43
552 158 71
514 154 98
148 116 88
588 184 53
439 236 105
278 535 32
395 526 19
433 611 2
338 390 95
115 156 80
104 73 80
284 46 35
525 82 11
18 508 77
64 471 43
194 378 17
172 467 59
28 530 39
304 275 17
193 9 88
449 400 15
175 151 21
48 478 54
386 448 12
269 127 20
496 612 93
253 412 111
559 337 58
215 236 18
617 260 75
94 547 9
44 434 26
355 594 43
208 206 105
321 247 9
302 19 127
44 56 78
401 307 57
339 581 18
276 26 36
211 286 34
73 207 116
280 439 8
449 610 102
476 443 18
313 266 107
576 591 28
409 166 104
383 542 128
481 209 130
297 608 52
364 45 74
134 117 22
530 213 16
172 448 8
410 272 12
282 332 36
273 143 76
353 597 77
399 382 61
563 477 73
25 95 49
140 283 43
38 135 106
169 320 112
541 549 112
1 16 89
585 417 89
109 563 121
58 420 65
539 13 1
71 256 72
286 190 89
574 207 102
43 92 32
557 134 47
247 486 123
337 518 117
581 229 47
570 260 123
349 558 76
338 146 4
179 212 124
176 468 116
186 480 54
199 137 100
237 43 115
545 120 90
89 98 111
297 232 100
52 596 87
51 186 98
543 193 122
390 418 47
249 281 59
525 505 103
196 598 18
145 517 110
104 568 71
216 271 66
145 150 35
31 11 92
142 341 115
363 41 97
214 9 106
84 211 46
78 504 111
87 332 12
295 280 117
274 45 128
349 205 94
177 409 100
20 437 68
166 116 22
496 22 49
138 138 96
593 88 130
91 332 103
90 133 71
390 109 87
479 12 99
449 352 113
50 88 33
574 91 29
255 548 123
570 483 119
163 593 36
171 346 3
551 278 69
36 616 5
456 579 71
408 82 76
469 77 38
391 612 12
559 402 56
393 81 64
438 77 90
486 168 125
326 205 17
55 298 36
258 617 87
566 111 122
610 506 1
532 311 128
123 290 56
281 543 9
97 230 63
73 8 32
44 243 15
463 276 28
500 424 13
3 490 33
576 409 101
493 523 106
21 261 8
377 281 63
559 447 19
84 191 52
448 2 83
10 325 100
147 197 65
374 362 75
403 99 52
22 536 87
429 87 16
218 527 79
459 383 72
453 568 23
506 8 17
83 64 125
586 458 31
199 557 114
111 260 130
55 245 61
595 61 115
514 343 19
443 315 117
300 445 76
381 211 53
229 387 86
462 364 14
92 141 60
554 348 122
575 268 97
317 533 121
536 278 30
565 39 88
493 225 14
475 25 110
71 170 89
581 130 97
71 490 96
522 45 29
379 85 30
473 37 50
344 223 41
607 149 7
293 601 10
208 572 65
272 79 32
40 341 102
151 570 130
553 425 123
104 187 80
51 448 102
558 470 114
465 426 38
426 32 120
481 548 62
2 490 64
591 583 5
251 347 6
209 17 91
213 541 31
329 225 4
64 92 60
325 564 12
207 574 5
588 147 29
153 557 100
224 226 123
352 16 107
18 19 120
313 136 34
210 45 121
503 139 128
88 278 117
345 377 93
525 579 45
188 523 49
460 8 50
440 97 36
496 404 68
102 237 86
509 551 41
125 552 42
64 565 84
273 39 42
277 213 81
476 108 15
456 361 108
134 180 60
125 140 66
271 179 8
113 45 123
516 194 16
137 413 97
386 140 88
105 214 124
289 430 42
81 555 34
205 226 124
340 137 17
283 398 130
146 599 33
234 165 72
443 472 76
16 424 8
202 335 32
248 82 79
311 551 121
235 65 14
580 35 19
273 127 49
140 565 131
355 108 25
446 382 128
465 280 126
431 455 87
391 526 125
260 532 45
507 376 86
164 187 107
209 224 61
162 593 1
361 546 13
593 380 106
316 249 105
286 442 119
400 195 28
352 435 105
358 614 35
32 117 62
376 524 46
581 483 112
246 22 83
499 552 89
157 335 84
134 86 5
61 37 93
60 46 60
539 377 18
269 237 104
463 213 104
267 273 65
402 64 6
176 139 60
83 144 36
300 158 82
448 130 3
469 67 88
168 96 34
211 21 93
588 49 123
201 539 20
199 506 37
11 69 20
489 560 94
318 166 38
18 149 122
192 465 84
211 200 79
414 380 15
539 85 94
324 600 13
130 576 119
419 280 102
488 455 126
390 509 29
64 49 23
375 50 84
69 407 15
584 455 100
554 26 85
472 562 86
398 262 4
501 353 4
486 245 123
374 28 91
489 372 102
232 440 75
277 71 66
42 179 63
149 322 94
266 459 64
545 518 38
386 304 61
487 231 95
582 509 56
329 390 99
386 151 69
130 73 131
579 363 71
64 329 66
6 172 112
314 232 20
68 319 121
499 114 48
266 258 68
278 95 74
562 479 2
219 393 56
452 117 7
100 609 80
3 54 41
507 5 75
69 327 124
428 611 63
20 212 48
402 186 53
83 472 41
133 96 93
322 67 84
37 49 2
285 164 119
231 386 130
251 568 115
303 52 122
549 89 102
370 137 4
604 408 83
176 574 47
609 5 127
465 436 14
531 302 25
98 135 123
140 389 124
471 79 61
214 279 94
521 236 88
339 92 113
265 88 73
363 426 105
243 326 49
219 132 111
126 75 70
455 289 43
533 319 95
263 275 29
10 344 63
116 410 110
594 333 39
579 239 95
55 427 9
569 140 38
262 389 107
192 608 120
15 502 114
603 110 50
521 254 50
103 260 2
170 74 18
170 453 69
24 266 75
40 77 107
254 553 32
268 164 36
246 341 49
340 69 60
517 103 115
103 82 117
601 398 125
169 547 4
440 67 117
103 597 17
400 392 38
11 510 111
565 141 88
374 361 108
530 230 52
22 598 13
174 6 9
492 89 89
54 441 99
368 444 123
83 588 76
553 37 40
238 504 115
247 443 13
476 461 49
164 150 25
237 510 33
241 280 94
235 524 12
435 498 22
457 239 18
196 42 40
363 549 11
145 261 35
31 130 72
64 163 122
128 616 12
188 233 6
455 482 15
16 121 17
104 113 27
179 156 115
564 70 59
280 31 46
334 513 124
568 149 84
219 227 88
480 392 25
343 489 2
241 171 98
539 351 106
429 159 128
520 505 118
15 292 84
601 241 61
187 184 86
153 354 2
46 177 79
260 319 40
434 375 110
124 196 110
125 111 88
237 458 10
389 498 45
602 157 121
242 435 103
334 608 127
295 185 108
424 559 29
397 568 107
318 190 106
573 506 12
573 189 61
501 244 87
504 279 109
557 67 38
574 174 95
360 527 112
60 381 46
564 202 50
238 516 114
503 16 59
327 563 103
163 509 34
172 45 12
4 116 94
563 588 53
168 434 124
571 264 70
56 399 91
506 149 85
513 204 3
602 364 23
93 554 128
345 452 26
423 157 91
95 31 5
23 499 122
188 433 12
22 507 74
354 349 28
501 517 41
344 588 94
112 142 104
358 294 23
441 328 101
166 301 18
321 338 4
425 203 8
41 1 101
603 311 11
407 99 33
362 351 68
47 591 119
119 428 99
339 301 10
189 326 57
109 443 84
578 58 131
6 104 78
491 568 42
501 449 48
412 544 61
127 38 102
499 575 71
236 8 104
297 200 34
167 141 51
410 70 51
187 423 6
561 85 128
531 315 84
507 115 54
147 522 33
193 572 54
551 463 101
43 190 32
21 121 13
525 480 126
412 508 119
500 548 111
432 71 91
43 43 73
551 498 6
446 395 109
477 377 51
146 296 94
508 116 32
149 347 120
536 253 29
406 375 21
457 92 119
268 51 31
409 274 120
560 510 102
330 29 26
488 120 94
532 551 26
304 282 129
414 210 70
369 552 76
78 483 44
69 282 26
563 592 20
602 299 72
589 607 15
600 506 38
444 179 55
298 66 47
250 129 99
308 402 42
66 416 92
556 33 81
498 269 12
483 455 36
15 405 93
612 444 130
54 93 126
148 563 33
42 235 59
224 413 59
441 493 79
432 348 111
350 208 48
303 356 41
102 40 16
145 355 22
594 7 125
270 243 54
349 591 71
433 527 104
27 99 93
53 138 100
578 555 87
211 100 3
320 27 25
376 357 78
16 475 89
367 443 107
227 241 89
303 208 119
357 129 108
450 152 108
265 589 30
570 197 90
293 531 45
383 478 90
428 485 91
206 477 80
16 329 113
160 466 88
513 289 34
609 291 40
409 584 16
108 45 92
382 156 18
38 590 78
608 534 50
28 286 15
356 16 27
78 591 37
509 100 115
213 201 15
215 392 127
599 237 124
134 476 124
284 269 46
298 284 50
226 53 14
390 103 86
451 337 81
438 396 124
520 99 97
234 381 70
527 123 77
447 213 91
228 321 43
510 521 89
202 294 70
352 488 23
5 381 128
55 190 7
450 15 76
197 256 124
7 504 55
418 548 26
93 147 96
417 437 106
64 97 58
584 315 47
68 117 30
457 177 86
174 65 65
215 365 53
10 104 26
229 617 31
23 169 18
306 237 4
44 423 6
397 397 23
232 151 56
499 401 102
590 186 84
68 184 115
386 233 97
383 187 89
189 373 40
208 21 105
496 366 57
395 256 70
155 545 75
427 72 121
278 572 55
602 495 76
90 347 105
207 361 43
50 313 13
20 239 125
403 454 25
27 531 51
260 475 119
319 6 68
479 103 103
404 546 92
111 117 91
326 220 101
445 389 102
485 157 2
351 98 77
376 62 74
223 397 12
474 617 107
316 330 49
78 80 9
482 446 10
236 30 72
451 245 36
335 25 80
74 457 122
28 223 41
537 52 74
263 561 76
213 548 75
530 519 83
523 257 13
349 250 106
544 90 84
15 116 12
559 104 38
315 321 10
579 492 110
254 157 74
300 328 128
390 587 118
519 435 75
444 4 21
156 384 58
32 455 23
280 543 44
435 94 98
288 471 30
514 466 31
328 142 130
151 1 70
584 98 89
532 254 95
58 159 20
245 207 87
443 48 21
8 380 19
516 333 48
274 172 81
210 125 10
228 141 131
572 298 74
426 331 57
522 495 66
291 416 80
55 156 62
269 321 117
423 441 113
300 412 113
591 39 15
256 39 17
138 282 90
188 416 15
399 92 70
385 70 55
102 8 21
9 175 125
7 260 83
70 421 64
420 399 32
352 607 49
324 512 8
311 505 58
424 501 72
605 190 50
261 123 99
556 271 101
476 138 81
181 189 4
496 435 85
470 99 130
360 102 93
171 79 3
299 451 24
391 564 125
38 468 109
377 292 77
167 574 71
545 408 3
505 34 95
460 228 49
2 505 10
212 465 5
600 469 111
144 287 22
511 159 61
123 355 91
483 246 7
496 152 50
158 393 127
57 28 18
269 555 122
86 277 11
404 445 49
362 466 28
316 205 64
566 174 3
390 466 68
72 199 9
507 286 125
422 333 92
24 374 69
271 213 31
349 327 108
537 343 67
371 54 93
557 491 124
572 17 11
93 69 95
431 442 99
405 516 102
320 11 87
375 445 81
9 205 9
81 176 121
104 345 61
75 523 48
267 243 30
204 360 113
214 478 83
149 156 117
194 59 73
360 153 34
288 214 36
617 438 88
520 301 33
28 567 13
522 361 85
402 565 40
120 483 121
218 400 66
527 489 26
605 39 38
254 291 29
95 405 95
204 387 95
190 295 34
425 89 29
27 541 13
232 74 40
617 430 50
202 245 62
284 197 15
88 406 41
39 445 110
348 536 83
568 43 131
289 491 31
108 405 41
583 290 109
287 250 86
449 48 89
455 405 35
409 519 94
89 269 94
154 271 114
205 447 43
599 164 56
281 315 40
450 168 7
300 407 96
381 233 41
506 515 33
425 547 90
67 558 15
495 398 96
92 503 4
21 311 38
188 310 10
482 315 82
547 156 100
523 133 74
164 471 46
15 587 78
81 472 4
485 507 85
31 599 34
374 229 30
248 91 126
99 192 13
50 40 26
476 208 99
337 98 26
445 382 14
368 352 98
378 251 25
117 517 42
158 361 94
573 539 33
43 23 11
406 538 52
77 317 68
92 150 119
290 508 104
329 611 40
221 255 26
334 500 109
265 477 99
582 378 122
254 372 66
355 465 128
606 194 93
256 478 42
346 104 95
33 374 11
127 206 96
472 189 55
213 7 11
244 242 112
527 475 35
323 602 124
299 326 84
190 427 14
533 52 17
77 486 49
469 398 29
509 498 82
554 252 35
297 3 8
277 354 68
616 107 55
35 153 32
365 270 113
352 531 32
400 177 114
513 538 35
5 125 119
296 478 73
397 242 26
142 431 44
549 608 107
120 520 86
5 3 68
163 509 83
37 367 5
293 230 1
560 251 69
234 339 40
138 142 109
516 573 27
292 104 7
437 347 127
465 38 111
319 116 121
617 76 61
323 457 118
195 61 46
537 259 122
231 176 41
94 403 91
159 307 21
455 166 8
398 252 114
181 158 114
297 222 114
504 32 128
30 54 6
123 504 113
502 271 111
419 361 31
252 106 98
77 502 65
288 90 72
31 44 48
262 486 72
568 491 19
125 529 10
1 524 65
399 104 18
267 158 10
96 233 15
219 81 59
258 404 23
41 283 117
107 394 18
542 584 65
557 257 109
353 138 111
61 201 112
389 354 90
613 303 19
216 237 89
104 355 33
45 607 87
323 545 14
576 277 34
169 7 28
616 121 65
450 582 55
131 419 2
368 157 13
102 486 53
421 280 73
195 592 73
179 186 62
321 580 110
238 23 21
352 182 103
426 527 66
576 473 63
151 244 26
210 381 28
116 450 61
76 322 11
413 147 86
233 95 11
475 70 44
156 588 37
327 479 33
59 385 95
13 299 114
422 152 74
610 416 75
439 273 100
529 377 16
342 118 50
550 215 87
528 113 58
508 89 52
398 61 82
274 457 117
548 107 45
308 360 80
388 309 53
136 278 62
68 458 34
97 579 75
264 173 76
206 387 36
403 193 130
138 285 129
551 310 6
243 223 127
329 166 93
504 173 102
549 37 122
576 2 91
94 193 65
28 103 61
217 526 69
597 518 97
543 221 111
157 358 36
334 177 40
386 260 71
563 133 101
516 213 9
280 373 77
423 182 74
487 315 91
92 425 74
425 358 44
544 604 117
545 55 45
375 487 106
311 308 104
534 111 74
296 561 6
342 510 66
146 617 58
544 222 119
401 516 125
334 80 119
210 419 60
495 564 109
597 585 99
215 614 98
216 550 8
141 486 112
385 178 64
514 403 60
526 459 64
550 522 37
42 105 33
290 503 27
384 534 9
205 176 77
527 541 99
186 124 19
507 288 66
149 515 62
440 453 73
442 163 107
189 374 81
560 401 76
81 439 29
236 417 109
43 276 26
547 247 16
575 360 10
488 60 28
565 511 37
509 285 100
211 602 91
247 235 9
194 86 119
606 610 24
540 370 14
365 43 12
411 509 91
176 9 46
610 131 124
322 443 103
104 294 102
591 67 95
490 62 90
599 149 72
288 274 110
399 399 94
277 562 97
531 334 39
52 241 102
490 182 128
89 82 107
53 384 31
561 25 48
319 16 81
280 556 120
306 31 32
463 50 110
33 44 89
461 150 15
155 40 48
389 4 96
406 118 119
98 71 43
136 185 74
421 258 54
581 25 68
93 438 77
275 443 96
546 211 84
119 393 22
595 363 81
508 4 21
104 224 49
367 429 66
548 367 104
434 554 126
123 42 130
297 60 21
340 108 65
163 149 13
419 226 28
480 366 90
238 193 111
457 578 9
22 436 64
377 94 45
421 93 96
205 45 47
461 25 53
384 576 63
419 579 7
184 266 113
441 140 66
538 495 16
92 102 41
436 484 61
190 45 122
48 35 128
244 471 59
562 585 110
78 371 49
349 441 121
56 492 25
41 493 68
245 593 107
49 459 14
512 77 109
535 294 111
26 409 70
405 292 104
282 114 24
609 205 59
476 581 53
99 379 40
128 594 104
523 130 121
352 296 118
213 244 10
486 457 47
564 265 83
90 529 43
529 562 37
147 428 29
397 472 20
38 360 62
321 369 103
294 320 41
388 381 119
567 50 13
400 129 78
68 528 19
444 437 18
549 153 96
610 310 92
348 249 124
473 511 102
120 144 67
248 547 104
197 4 21
58 505 93
402 179 72
7 352 23
72 488 88
209 67 107
249 399 105
550 171 46
556 1 64
408 339 31
429 522 90
462 203 88
150 570 3
257 348 94
312 439 63
377 359 1
538 151 31
28 44 90
169 430 75
21 583 14
73 182 79
93 216 56
55 483 103
504 122 96
121 338 27
339 114 17
327 494 22
270 571 56
272 354 40
278 346 85
205 350 80
81 68 80
509 493 63
103 410 51
582 15 68
435 256 11
425 595 3
367 38 51
388 610 81
492 130 78
517 416 16
298 492 27
167 28 30
370 489 22
272 601 53
20 598 90
446 276 81
81 281 74
428 430 16
580 197 31
30 481 16
354 10 120
49 151 35
360 605 4
611 31 102
370 428 64
557 445 20
235 277 51
250 92 49
242 489 70
586 461 111
590 552 61
247 303 72
379 355 118
52 583 18
279 150 126
333 73 84
545 218 51
412 443 107
397 307 2
526 6 96
177 344 9
360 220 25
325 109 131
523 382 23
166 125 95
183 541 103
590 67 120
2 193 5
173 462 6
210 264 34
231 286 109
70 536 128
605 25 32
332 267 60
282 19 64
382 418 94
327 451 5
171 270 71
325 211 50
316 49 76
169 207 17
431 566 67
63 261 129
321 416 1
509 341 19
117 546 51
53 450 20
2 542 18
243 15 11
45 80 101
457 6 117
165 5 68
570 460 43
24 327 23
90 485 64
506 370 125
71 203 126
286 163 127
407 489 34
545 106 101
133 224 55
50 268 9
396 549 110
552 214 83
228 314 113
425 332 103
549 83 98
295 209 123
317 289 125
220 518 21
390 217 6
588 304 49
363 59 130
221 377 8
248 275 101
361 257 40
206 379 20
382 59 2
178 565 78
171 95 105
268 25 64
435 339 125
537 37 10
99 256 117
345 76 46
237 55 55
592 85 33
135 261 130
596 458 80
34 412 75
456 119 117
395 46 1
547 85 75
216 318 113
120 451 55
106 112 2
489 333 34
598 217 15
25 166 110
17 46 77
317 565 74
18 101 23
259 565 72
415 475 56
363 400 59
51 388 78
398 13 53
139 87 73
149 399 24
345 490 60
370 388 67
372 167 42
338 401 62
257 400 64
248 19 64
7 433 117
189 343 121
85 378 83
30 210 25
563 469 130
286 506 53
608 470 84
334 387 119
375 187 29
194 295 46
465 196 64
416 449 27
380 354 46
57 490 92
444 17 95
394 348 21
360 39 49
168 338 58
318 455 36
282 277 87
263 480 119
314 242 32
179 269 63
486 193 61
268 537 8
271 519 53
287 176 6
48 17 8
98 348 9
191 83 31
270 5 59
154 83 20
474 298 81
194 33 84
98 47 45
451 166 101
58 494 69
528 586 24
23 96 33
65 201 52
375 612 23
375 404 56
535 263 107
162 223 73
303 212 5
508 392 58
103 462 18
403 563 108
349 432 29
120 529 30
36 558 78
71 393 72
75 463 75
561 12 93
321 369 125
559 220 113
137 110 74
178 295 114
466 614 69
233 395 62
298 216 59
343 258 68
304 133 127
185 186 68
465 557 61
568 547 126
557 549 128
530 311 102
393 144 74
233 471 82
46 146 98
540 380 83
371 263 115
280 458 55
448 452 12
445 399 123
494 71 77
577 321 122
522 155 29
268 486 120
210 583 18
414 137 113
201 87 69
161 293 84
559 212 95
603 262 33
357 364 95
197 60 22
110 93 98
182 580 102
100 596 2
350 156 22
74 476 90
56 362 126
70 532 31
540 558 91
218 283 79
274 14 10
137 84 46
574 49 48
492 571 78
507 230 76
500 482 83
197 522 4
485 532 76
421 522 80
239 65 96
475 497 53
243 607 105
191 283 121
339 221 53
146 593 84
528 346 36
91 11 17
155 546 115
132 222 48
21 175 20
437 117 50
9 471 54
379 510 24
362 469 76
470 144 34
530 330 24
206 391 109
52 42 7
566 533 43
375 580 15
472 14 2
175 553 64
160 313 30
61 609 50
158 58 63
503 214 9
282 298 45
612 239 94
542 595 25
402 383 120
603 248 64
43 435 48
360 265 53
120 301 91
551 86 71
610 287 24
183 171 36
543 281 87
235 277 4
114 251 26
273 367 9
152 381 121
210 595 88
350 58 85
278 368 130
159 451 2
337 126 3
84 250 80
256 612 50
200 225 5
572 49 50
515 230 118
97 501 115
378 10 91
112 612 118
321 481 105
176 476 89
109 85 77
140 1 114
324 571 82
208 437 7
250 489 16
453 66 61
228 361 111
395 296 116
160 174 23
455 574 89
438 303 22
164 385 58
189 58 12
532 299 48
123 45 46
396 592 66
279 504 111
494 379 61
563 506 90
108 435 44
501 391 60
583 88 57
74 464 5
490 80 60
80 213 107
140 477 21
558 274 130
545 490 63
75 164 39
285 419 25
7 278 18
496 322 20
297 405 9
137 78 95
301 174 87
600 347 48
595 501 68
515 35 59
25 328 101
9 39 37
23 481 59
442 62 108
617 342 98
453 22 105
363 412 47
180 391 79
145 589 77
36 242 68
506 42 23
351 477 22
89 409 115
114 317 55
72 301 87
493 400 21
443 290 95
280 419 81
30 544 109
297 420 1
163 580 66
21 196 40
531 614 12
367 158 20
435 316 90
58 190 124
363 352 58
99 255 35
371 382 85
538 146 83
18 247 38
174 197 57
320 127 85
19 81 125
480 322 96
131 324 84
79 34 53
610 373 129
127 29 119
401 560 61
256 62 82
508 588 15
566 65 65
453 204 26
615 323 39
462 329 111
339 474 130
112 498 71
141 154 120
34 435 10
574 507 126
223 215 51
509 82 41
54 313 100
577 146 50
356 525 21
486 372 121
490 335 8
346 423 44
472 499 9
102 256 38
235 266 41
591 218 67
297 486 55
555 433 14
317 582 42
155 419 46
34 43 10
335 378 54
295 178 78
522 487 82
93 42 46
61 466 16
409 341 110
106 79 82
506 525 81
192 329 100
484 23 92
173 572 50
108 296 90
207 1 122
609 477 124
77 526 10
582 225 74
523 189 88
350 198 33
218 389 33
275 597 23
44 204 41
62 331 43
290 518 112
359 357 50
67 476 17
372 463 129
38 161 110
434 217 67
336 330 109
457 610 90
511 299 37
20 5 91
472 459 88
437 372 78
263 547 24
531 145 63
322 11 87
111 597 82
301 50 94
510 329 55
77 72 93
467 305 85
163 325 90
75 392 119
290 325 19
56 85 88
476 412 117
158 313 45
35 90 28
7 484 94
204 252 119
11 223 1
312 362 19
312 235 26
602 381 80
140 205 68
174 377 68
208 441 93
337 251 1
127 393 30
159 498 123
310 308 72
16 494 76
265 425 34
605 82 26
169 145 3
509 445 53
181 322 101
10 400 40
442 310 17
240 180 70
479 616 85
201 576 67
421 170 131
193 355 105
565 583 68
249 312 43
198 382 28
179 192 96
453 216 20
15 450 28
44 238 85
236 412 68
450 595 77
455 499 1
50 598 94
374 336 111
558 448 78
408 236 21
287 80 85
306 301 122
77 246 72
231 407 86
142 210 108
60 558 91
305 3 119
439 522 80
600 593 91
348 354 80
358 349 89
411 588 54
386 509 109
68 154 17
121 36 121
526 336 24
49 236 72
159 340 60
550 127 31
261 502 113
169 485 15
251 176 98
502 153 48
160 580 17
553 96 84
281 561 53
475 27 103
349 55 114
4 171 40
437 336 74
64 265 29
318 573 117
128 133 54
207 379 96
523 102 90
237 157 68
276 177 103
380 205 116
482 363 104
608 299 119
228 577 126
307 67 1
166 392 1
247 340 12
287 322 58
313 7 128
414 105 3
372 184 36
419 351 107
549 84 41
409 141 97
145 492 89
187 368 73
261 108 74
364 207 62
224 83 69
227 474 75
189 46 119
447 236 16
406 80 11
501 177 82
441 191 46
440 290 12
597 11 63
209 378 112
90 439 33
538 41 31
571 447 13
98 546 130
609 386 112
182 597 2
144 347 39
441 435 107
339 127 106
536 152 96
229 268 54
245 386 8
243 449 8
269 580 124
329 511 60
312 414 59
297 455 43
18 319 57
233 123 8
217 309 34
196 617 79
271 568 3
539 289 38
102 338 50
409 603 101
390 490 43
340 451 105
144 194 23
590 7 99
399 251 61
542 189 40
298 407 87
432 97 110
23 396 130
362 432 7
433 524 76
530 215 76
438 191 127
335 459 12
55 132 77
515 234 50
589 389 47
522 207 27
32 223 74
166 404 14
230 72 72
11 129 69
390 538 58
86 359 73
556 472 3
249 356 71
251 449 92
452 98 26
352 383 12
477 511 37
378 355 100
534 131 61
606 42 69
375 250 47
85 587 130
322 408 94
394 434 20
164 165 75
95 608 34
450 117 45
210 98 106
215 611 100
591 152 65
617 125 128
210 11 85
218 72 25
349 601 8
93 615 84
260 617 12
255 115 47
224 283 5
329 468 60
442 210 76
346 420 9
453 5 59
306 108 121
571 95 57
575 320 104
423 198 59
385 489 103
152 166 103
64 516 31
397 362 39
54 333 7
299 408 2
31 272 23
178 403 72
98 547 93
210 253 9
33 551 46
124 365 42
350 327 114
348 43 105
53 566 49
29 591 36
163 310 101
42 86 74
188 365 96
23 492 131
470 250 84
21 142 97
16 402 31
92 325 102
253 460 74
355 218 48
269 433 71
281 126 84
233 114 65
25 184 33
239 532 60
489 23 113
7 217 91
117 290 1
5 607 64
137 555 52
284 546 97
23 588 62
504 34 107
279 617 43
210 454 67
338 459 104
151 300 115
141 145 57
226 492 89
328 582 34
302 557 111
420 510 120
460 214 91
337 391 48
37 449 48
475 22 115
591 102 4
570 546 130
444 202 78
128 451 65
529 552 33
485 578 1
599 616 65
388 335 71
543 17 35
453 610 123
146 510 16
213 115 2
187 433 9
312 323 91
347 332 94
159 373 103
507 105 126
522 264 20
144 90 101
177 138 127
383 76 111
229 587 121
525 193 78
536 44 111
602 398 26
196 197 131
417 538 5
477 579 7
241 507 75
606 131 20
154 238 17
525 534 113
8 396 83
586 322 59
534 106 34
434 403 104
490 535 58
30 501 27
477 464 115
445 43 5
386 32 101
157 477 111
173 339 88
413 54 3
156 393 50
413 340 49
584 585 66
519 193 29
560 103 130
106 170 114
462 106 47
134 448 79
254 522 96
251 125 125
324 465 71
445 111 43
540 11 66
536 418 26
124 569 56
544 105 29
569 25 57
296 409 36
458 379 89
70 160 129
148 539 7
525 413 107
141 165 123
479 32 71
379 230 81
132 485 106
288 6 100
227 166 91
342 49 55
95 563 116
299 212 37
442 562 109
543 37 15
152 492 86
451 151 37
369 595 122
168 473 94
145 335 22
547 538 69
155 275 31
394 89 99
538 205 91
523 306 91
303 440 118
430 263 53
56 382 46
359 536 7
543 138 56
592 296 4
563 44 118
578 396 105
87 19 60
487 102 3
336 43 15
314 314 129
226 455 41
68 45 64
15 256 101
302 403 10
139 467 23
559 13 16
50 508 69
207 306 7
238 614 107
312 475 59
124 322 35
400 575 83
610 543 39
304 564 124
583 567 87
444 234 25
595 57 19
201 26 82
292 443 33
355 321 79
117 370 82
35 430 80
184 439 54
24 189 94
477 493 58
500 558 27
173 338 88
99 59 27
420 272 114
31 328 122
578 181 59
466 302 28
322 516 123
564 314 41
29 224 96
311 365 83
405 370 72
327 574 17
44 192 73
507 415 31
605 499 8
31 561 111
129 277 75
281 535 76
577 499 13
268 224 46
134 375 87
381 196 115
132 332 96
165 7 25
18 343 19
144 288 19
531 328 114
585 395 73
477 81 13
589 575 39
570 7 56
274 70 49
174 527 80
264 236 57
246 224 97
401 578 83
238 448 68
177 291 119
222 141 117
492 548 64
452 65 33
32 436 90
253 522 125
41 518 16
561 5 108
140 91 32
342 458 81
140 147 9
466 381 36
446 428 61
350 59 21
546 110 90
410 143 93
366 77 106
192 18 78
477 508 114
20 565 99
469 134 100
549 315 92
115 331 123
199 79 104
21 540 55
245 444 2
431 525 39
399 128 88
92 242 15
501 590 56
256 169 95
150 345 94
499 35 59
475 608 25
179 195 36
429 429 64
177 142 120
40 299 44
498 435 6
610 548 74
5 331 109
594 467 96
308 155 102
347 309 2
378 44 26
249 428 103
572 368 119
301 310 37
251 251 110
534 298 34
484 242 50
215 32 70
36 145 18
99 70 67
470 41 27
526 201 57
380 394 40
128 277 107
596 341 117
43 385 62
420 466 96
160 180 74
192 591 45
560 544 24
437 295 36
152 474 81
181 227 89
231 560 71
65 528 70
371 463 87
78 260 63
301 88 99
283 249 68
378 491 35
596 350 106
429 317 17
120 176 120
596 383 88
165 240 95
258 127 20
223 443 89
378 511 121
225 186 31
552 41 28
354 116 124
11 122 23
456 547 79
250 409 18
543 280 116
173 123 7
229 339 28
88 593 125
148 132 127
397 252 83
107 15 31
372 367 122
193 220 20
110 509 90
103 47 30
40 375 110
179 565 65
346 475 124
528 570 94
525 396 64
551 107 93
124 474 127
205 406 54
611 476 95
81 313 107
353 109 2
51 416 9
312 377 107
299 410 116
350 228 83
101 293 26
262 149 85
29 345 79
560 513 68
597 216 63
199 507 78
589 554 71
573 23 73
4 490 61
475 388 26
291 315 127
593 600 99
459 51 79
383 543 48
23 552 122
503 133 35
133 246 78
522 311 2
59 467 3
46 139 35
164 527 40
179 407 25
1 184 23
611 350 67
502 610 28
35 175 9
481 434 40
157 409 79
517 549 43
274 226 113
175 531 102
13 230 100
272 612 51
210 169 58
129 25 106
438 3 26
9 277 15
238 577 30
76 310 65
455 453 23
161 233 92
369 540 73
195 56 31
126 427 24
57 135 8
238 142 104
85 166 59
205 414 109
245 40 79
326 206 110
334 251 109
333 362 124
294 509 19
394 599 123
403 483 5
224 362 80
224 101 79
303 449 2
443 74 66
103 173 50
289 602 77
141 304 16
77 504 107
260 359 104
502 296 90
552 173 123
222 327 110
603 144 2
118 364 114
297 367 17
346 124 65
148 100 50
22 60 80
365 194 123
135 62 22
310 207 35
292 190 111
119 592 39
170 13 117
5 499 82
282 413 75
89 510 81
195 558 89
535 341 104
522 266 110
129 69 97
42 261 92
382 323 129
271 43 128
21 447 50
330 334 59
330 90 54
335 492 61
223 59 5
130 443 77
133 134 35
409 334 1
339 569 106
372 289 28
414 458 104
309 250 34
554 430 11
407 218 31
473 221 92
312 40 13
78 183 61
579 488 21
549 288 131
458 89 65
427 450 75
236 452 20
150 333 122
65 222 72
438 184 15
334 531 46
4 534 65
615 128 38
57 12 79
260 549 22
263 154 50
208 179 98
584 94 21
259 107 74
201 333 76
414 58 56
375 541 22
410 467 12
465 613 72
297 16 131
265 455 99
187 18 28
314 286 50
560 412 74
246 115 122
316 579 95
518 395 21
225 508 14
492 495 4
466 163 2
567 600 68
296 300 45
405 117 122
438 285 124
440 417 39
134 58 95
396 196 49
191 335 51
386 552 59
252 286 26
476 112 120
13 19 130
362 597 120
592 51 25
477 593 63
121 130 10
310 558 100
190 41 33
450 301 119
497 81 26
504 407 48
375 434 48
540 238 128
427 86 94
375 307 4
493 80 43
153 592 25
259 134 67
378 36 110
169 277 98
232 370 34
69 265 84
428 40 64
280 102 55
333 268 119
83 139 6
487 504 18
448 237 125
327 457 40
269 530 38
591 61 29
22 165 34
414 519 35
408 468 64
545 245 44
147 6 37
117 268 10
6 401 14
236 342 33
600 23 35
101 558 96
553 460 8
196 256 32
28 369 22
103 348 101
207 156 112
531 596 121
84 364 97
270 83 82
610 464 11
424 12 101
63 207 93
65 167 126
275 339 126
127 284 66
15 180 81
535 582 40
607 377 46
491 246 3
284 535 122
583 464 43
572 393 68
136 120 56
355 328 71
353 450 25
8 246 55
546 490 64
77 342 31
516 517 89
23 328 108
334 363 112
202 297 123
371 470 88
521 168 59
390 311 15
456 611 11
46 546 78
570 462 107
19 311 112
416 376 12
534 615 112
46 436 113
507 549 131
186 20 94
353 288 66
178 133 11
562 177 80
608 327 111
178 592 101
418 457 80
450 144 87
262 244 48
421 518 122
451 222 76
73 611 94
539 91 67
2 305 1
586 558 99
363 594 113
581 475 44
430 484 47
65 20 66
346 573 50
157 378 104
205 91 97
357 258 3
335 234 19
20 259 95
495 513 85
50 350 20
370 517 48
196 203 109
521 383 49
149 271 47
373 122 45
140 577 63
536 431 52
250 514 24
298 211 53
574 577 115
219 74 82
80 595 26
181 142 3
313 527 12
477 260 71
444 552 121
10 89 96
470 427 129
344 103 62
436 604 1
271 136 4
88 194 12
241 129 40
414 430 18
79 177 76
226 11 107
133 161 114
184 37 103
122 472 56
323 194 48
237 506 12
388 62 5
610 418 3
307 591 120
122 135 112
86 194 18
353 173 43
215 126 61
8 557 70
283 395 82
102 445 45
509 259 99
461 465 116
182 544 125
322 309 3
193 216 35
591 87 45
143 19 99
10 155 78
258 36 61
180 513 16
313 148 82
51 366 51
492 285 52
315 175 109
545 104 131
148 591 87
616 102 59
378 315 29
227 511 95
161 71 46
98 93 45
2 515 18
571 422 27
424 254 30
189 186 94
422 314 7
397 23 127
566 160 9
4 327 102
314 540 21
158 434 87
121 277 32
410 78 66
77 603 102
381 108 86
604 27 130
338 237 84
568 150 76
289 350 36
118 163 83
560 379 52
91 264 89
501 387 7
441 518 48
31 370 111
140 132 116
164 150 13
549 133 49
129 64 5
425 28 118
144 242 69
378 555 24
322 280 76
413 473 126
256 231 112
99 371 62
442 224 113
269 460 46
439 445 85
71 232 47
383 339 56
199 242 27
204 370 100
37 385 111
62 91 21
291 98 79
373 573 3
528 435 109
287 211 7
545 475 30
115 498 12
102 71 102
403 291 94
436 119 14
79 248 118
157 17 64
68 2 64
279 85 9
475 269 95
82 332 83
16 253 83
196 377 2
539 312 71
360 536 43
434 288 122
118 118 2
278 229 9
102 16 55
536 434 95
408 398 23
501 136 49
581 107 41
581 402 126
439 496 22
320 510 53
233 578 66
590 610 76
402 141 31
241 579 73
32 468 97
281 97 101
452 477 65
497 299 57
206 513 97
40 459 125
358 582 131
566 225 95
553 426 60
96 243 53
271 237 76
198 457 34
446 614 130
395 335 55
445 195 54
79 588 13
418 369 97
436 298 97
491 465 36
242 484 121
289 385 39
28 278 18
532 459 32
441 167 107
355 556 14
44 549 56
333 193 125
236 461 18
590 98 28
405 572 69
502 53 34
500 187 79
594 189 29
478 213 70
399 419 65
424 286 27
9 305 23
207 493 123
177 131 85
431 616 81
489 207 107
15 344 85
514 309 19
613 593 120
336 488 117
528 4 101
9 612 59
518 540 53
158 22 1
573 221 3
141 282 24
414 67 43
133 123 107
398 260 44
437 201 89
351 125 83
132 411 90
55 155 111
605 326 51
316 541 21
595 145 76
486 335 110
229 306 17
394 153 43
452 282 6
358 10 27
39 188 50
307 158 52
501 554 89
569 513 29
278 563 63
69 385 66
8 535 94
605 281 93
243 237 123
565 92 20
516 43 116
205 485 108
89 600 85
117 165 105
443 446 10
339 29 67
545 540 94
322 396 70
377 445 115
260 570 65
580 437 1
527 553 33
262 296 59
141 531 24
501 552 42
118 565 13
576 366 78
190 285 35
124 84 102
328 317 105
8 16 106
529 298 50
148 518 116
215 476 108
418 473 105
606 443 119
536 243 122
233 171 16
428 139 79
9 279 14
358 242 89
571 54 51
561 338 48
135 478 17
368 236 59
70 436 22
500 530 43
279 566 47
107 172 84
76 505 10
560 321 10
151 230 104
268 357 115
254 377 3
380 549 32
29 60 10
50 284 103
433 232 64
357 617 4
283 250 12
388 140 15
556 363 96
361 359 68
466 273 77
489 374 67
285 320 36
500 454 104
322 310 51
341 132 24
315 438 23
515 260 82
109 146 32
122 51 17
14 232 70
351 136 69
560 159 52
410 425 131
520 165 28
319 433 106
587 161 112
319 540 16
295 107 53
356 293 13
83 420 111
180 487 28
97 553 46
279 219 18
187 488 73
218 362 120
536 332 33
469 305 73
376 230 86
309 431 15
360 292 107
403 90 57
303 216 58
596 190 76
340 449 20
152 566 121
455 519 123
391 345 45
394 348 93
589 564 106
294 342 62
262 332 125
23 461 78
254 104 64
485 229 78
273 171 6
251 12 46
163 223 113
123 577 122
310 363 18
363 250 77
590 491 25
337 521 29
583 6 53
436 250 33
45 561 34
562 238 122
125 284 11
476 417 1
111 470 126
72 348 22
324 500 96
303 499 74
272 555 54
186 468 131
556 275 65
417 91 46
485 307 105
127 422 51
295 576 27
507 20 129
504 419 49
381 325 62
464 521 52
477 76 50
435 241 51
339 174 119
458 187 4
220 283 42
565 544 66
573 338 5
583 182 120
261 611 58
68 242 35
393 76 116
41 145 32
37 475 43
19 252 90
446 561 95
164 538 95
29 304 44
375 567 65
503 73 115
99 146 18
569 222 73
32 56 37
326 324 58
418 605 126
80 209 124
597 463 70
58 325 45
145 113 96
53 89 61
583 188 107
385 55 76
191 573 33
16 271 54
433 289 43
62 258 68
358 476 120
401 6 102
278 427 75
211 426 61
189 47 44
206 508 33
185 262 73
521 215 44
532 457 22
281 260 59
555 125 116
382 490 51
558 565 130
102 245 56
398 273 41
31 403 130
500 362 96
399 81 39
447 608 114
277 24 47
613 302 83
77 46 89
179 189 19
597 249 96
110 569 65
373 387 94
381 432 100
573 212 100
334 120 89
559 548 116
251 112 53
214 73 75
474 331 38
442 445 58
291 566 14
298 193 11
221 17 20
543 324 95
408 228 3
132 312 102
194 155 41
218 425 21
242 114 98
616 95 130
349 227 37
169 406 83
404 399 101
302 239 98
318 523 86
503 441 125
505 129 115
206 486 121
304 393 117
308 24 94
298 112 3
354 395 63
111 493 52
495 68 30
51 84 117
571 170 96
122 86 111
480 524 79
98 588 21
550 228 34
596 499 88
95 201 35
105 410 71
434 321 113
572 60 121
239 28 52
262 307 52
424 491 9
456 242 28
128 82 88
314 582 123
216 548 93
541 277 103
511 255 116
357 418 38
555 70 52
142 436 12
148 132 51
328 573 29
519 470 120
154 261 58
30 49 89
472 555 69
565 221 46
531 390 124
582 577 18
119 64 94
355 218 22
198 341 42
391 256 57
297 585 42
244 303 65
32 573 79
175 41 29
390 80 55
305 295 66
112 97 13
88 154 41
496 222 113
309 61 123
615 552 86
429 590 41
496 188 40
8 551 21
404 434 15
497 161 7
175 320 23
212 514 123
91 481 106
183 74 120
95 25 18
529 188 122
197 313 72
207 303 52
343 518 115
195 95 115
58 467 67
134 291 80
323 293 42
421 201 45
282 495 83
227 390 4
155 416 53
218 460 85
9 251 95
108 600 37
260 283 105
534 54 68
272 504 30
519 178 67
464 22 59
47 310 78
218 561 15
99 490 122
422 352 58
473 96 125
85 59 72
611 478 30
227 533 70
444 42 85
521 10 59
582 109 88
94 609 94
435 181 102
592 442 58
263 495 131
527 226 40
301 87 63
61 323 46
200 115 69
533 102 112
614 616 108
530 525 84
165 214 114
531 106 16
24 338 55
351 565 93
28 514 19
469 283 73
501 323 71
247 206 84
564 28 69
566 6 33
511 609 61
419 70 68
496 70 34
257 49 106
201 163 73
137 50 80
220 113 109
95 155 43
68 422 40
429 505 38
131 97 71
54 597 31
237 341 71
465 359 86
123 320 81
306 83 7
105 60 3
25 408 26
565 239 83
518 56 75
178 442 86
614 594 89
505 475 58
376 334 120
206 430 28
132 310 10
481 219 36
475 275 71
546 178 106
546 607 6
519 169 108
296 559 115
179 251 20
526 373 123
405 84 69
487 251 100
95 75 33
300 382 82
242 393 42
57 429 125
92 529 93
358 48 21
125 111 81
459 73 28
92 2 6
391 98 85
485 388 39
333 15 27
559 411 10
465 274 18
233 77 90
66 16 88
225 464 129
570 136 105
168 552 9
322 111 67
392 478 14
68 76 100
210 330 60
330 535 41
370 589 36
40 352 18
196 385 77
363 84 52
79 96 22
123 421 30
514 165 46
407 425 43
544 29 38
54 384 106
355 417 108
33 440 58
457 243 98
268 446 64
571 527 80
429 481 112
13 255 16
561 575 90
220 404 86
494 251 23
563 481 68
218 365 56
526 369 68
563 565 106
78 494 106
505 81 117
324 156 6
327 445 6
46 192 3
609 589 22
335 417 116
517 280 62
528 75 94
52 517 108
608 323 97
334 74 72
370 428 93
311 421 113
18 132 111
151 153 65
232 285 88
401 470 67
340 617 81
392 520 82
568 268 121
125 207 119
183 493 27
561 609 31
288 136 89
27 167 102
179 376 76
520 21 57
422 53 62
9 520 91
323 415 68
262 494 56
225 256 37
410 593 38
449 596 63
384 364 105
64 353 28
232 583 11
24 125 121
52 439 15
271 575 35
37 303 68
535 564 64
250 577 36
227 269 82
451 184 76
427 72 91
187 133 60
39 457 64
583 501 12
192 16 46
175 531 68
89 389 66
352 139 40
138 151 69
4 18 55
605 66 121
508 304 85
372 413 30
457 85 91
300 224 126
103 213 46
444 136 68
435 450 110
421 564 40
399 68 114
403 383 66
463 193 111
230 360 129
578 277 49
253 76 66
137 367 32
241 305 102
10 145 11
386 41 48
189 489 33
214 136 47
152 246 124
587 206 115
400 52 47
307 472 11
526 44 47
226 461 104
426 163 42
498 309 75
345 114 122
583 518 14
448 50 7
372 173 53
322 562 123
182 366 129
494 99 108
121 507 85
385 381 117
70 241 48
86 358 81
371 292 127
110 532 12
407 159 32
268 424 57
383 107 13
362 153 120
85 443 90
60 173 6
381 29 56
126 204 40
71 575 48
493 582 59
370 45 111
20 335 113
235 117 30
486 484 74
543 236 110
281 1 82
521 198 24
117 429 98
22 329 79
519 308 11
146 344 113
52 355 92
232 181 90
201 259 34
369 493 4
44 416 46
261 373 24
352 372 87
214 205 16
404 173 38
421 36 69
600 413 14
464 534 71
605 211 18
507 332 125
412 577 115
145 286 24
364 246 49
140 195 117
535 126 11
235 558 111
137 277 21
443 277 124
443 176 117
521 392 90
429 496 24
66 397 5
585 262 1
474 140 113
465 72 88
472 491 106
128 377 2
538 250 3
34 593 127
69 352 116
510 403 15
573 340 70
454 96 84
94 218 4
376 229 38
2 118 79
433 198 54
499 209 40
265 285 97
351 376 61
424 82 60
136 356 15
570 329 55
333 393 129
603 278 93
85 166 119
298 543 15
471 124 18
37 325 70
232 146 72
473 31 64
371 232 90
485 183 49
245 409 16
590 264 51
591 116 41
459 497 105
433 45 33
284 583 54
307 308 86
88 521 18
157 549 22
40 443 85
422 5 29
594 615 84
193 432 30
24 607 9
488 159 96
264 78 77
81 146 15
66 388 7
187 517 50
456 49 31
542 60 80
316 458 65
603 106 42
315 150 108
539 603 113
189 480 29
134 279 86
489 27 75
486 221 74
123 608 34
566 453 51
255 302 73
314 335 65
456 231 8
520 2 88
314 210 64
218 438 66
393 526 39
11 188 49
267 419 66
491 293 83
535 68 75
284 84 37
4 528 122
422 276 3
263 324 73
45 22 80
69 408 93
500 232 108
421 155 38
588 43 125
13 126 43
434 247 7
595 251 16
130 217 62
412 239 111
604 61 109
611 74 10
363 291 80
205 498 1
165 299 95
494 182 39
562 184 1
385 567 86
447 401 129
133 441 31
558 216 39
274 477 31
397 249 19
39 302 31
79 422 60
256 100 4
416 335 65
50 85 79
130 597 65
572 117 6
322 172 41
163 399 41
171 185 46
110 74 126
178 228 28
69 568 117
495 38 98
159 134 88
502 380 101
181 503 65
386 81 21
612 397 113
316 217 15
384 227 39
310 265 89
615 329 63
221 429 119
403 389 112
394 203 22
572 436 101
555 390 66
133 541 97
109 173 61
39 373 66
371 388 12
316 319 119
123 61 27
209 610 48
423 138 11
614 532 8
212 52 83
395 616 90
115 217 44
148 189 5
585 606 7
37 253 52
367 245 2
209 450 25
492 526 13
590 189 131
472 3 67
211 379 21
332 58 45
24 592 38
135 89 82
544 345 24
545 258 56
427 141 33
481 373 49
478 587 82
441 6 107
548 474 80
234 287 77
318 145 17
54 45 25
503 322 103
62 12 131
132 282 1
211 221 66
70 225 40
414 319 48
516 111 127
86 391 49
33 589 75
272 500 45
224 232 56
67 326 86
114 114 68
316 122 24
546 26 116
340 402 45
155 363 58
262 303 66
204 470 118
70 480 48
144 222 103
28 555 5
466 253 9
432 68 37
39 104 12
307 67 58
22 562 79
137 441 12
350 165 65
40 109 122
286 171 87
46 231 13
119 153 101
610 393 50
89 115 96
251 429 108
549 2 64
5 186 66
75 118 88
394 509 47
196 358 115
206 220 128
14 124 54
539 315 38
207 400 61
81 130 43
473 480 43
168 281 78
117 154 1
372 536 50
574 616 14
597 358 43
163 479 79
241 206 41
140 68 126
299 590 127
604 333 53
87 70 20
424 11 29
517 505 95
135 226 76
29 189 131
225 306 27
72 250 97
30 318 130
309 140 31
437 137 81
255 371 58
558 513 78
100 58 17
392 571 126
617 282 27
98 462 55
154 550 25
168 89 85
449 604 122
536 165 46
317 598 43
594 152 81
423 317 76
415 507 40
496 504 59
156 98 82
177 264 18
103 541 13
417 589 12
386 537 93
141 248 127
280 588 36
89 189 82
486 572 53
313 209 96
460 534 130
471 70 100
607 398 129
552 575 15
580 391 64
360 613 50
528 15 116
499 425 49
139 198 118
205 404 112
101 181 95
41 320 120
472 528 6
172 585 42
200 31 52
112 77 126
208 351 33
68 43 81
61 338 7
576 548 112
251 575 115
360 120 27
121 231 16
305 349 52
125 53 92
605 560 20
445 466 16
78 508 88
91 315 104
578 497 120
157 482 66
28 234 51
170 380 37
144 133 61
19 107 94
281 496 1
556 299 119
569 206 4
253 17 97
195 77 74
331 547 77
346 338 80
509 27 11
327 386 17
327 189 96
424 157 24
37 241 73
488 273 66
13 422 65
318 474 116
123 564 4
14 551 7
159 10 60
548 121 16
230 123 4
225 140 61
373 532 80
535 386 90
339 473 100
254 273 127
119 356 83
120 450 33
236 345 61
41 571 80
363 560 20
28 144 71
162 571 2
53 364 20
231 485 19
507 207 5
606 276 12
207 322 53
217 485 20
465 461 91
328 321 76
278 182 15
29 201 65
444 167 111
100 612 54
415 4 51
404 462 46
383 33 130
307 385 104
183 298 44
124 287 74
358 480 88
471 242 56
187 330 24
576 521 125
115 398 113
474 71 90
308 211 82
213 349 73
157 149 13
392 515 97
496 462 31
37 591 42
192 573 103
251 587 86
21 191 92
28 154 50
592 31 93
47 563 119
125 290 32
490 263 91
488 127 7
261 116 22
33 337 36
12 64 4
600 200 84
580 295 128
358 437 120
128 13 84
145 24 54
467 331 118
37 458 8
593 224 103
395 419 24
97 562 74
447 230 17
173 470 27
19 225 68
312 34 39
488 259 86
393 244 83
191 481 108
280 198 89
598 100 27
419 475 41
136 529 67
6 443 47
551 89 70
469 224 43
74 103 21
533 168 35
184 316 66
389 102 67
403 443 89
483 541 83
243 70 88
364 581 110
370 184 119
34 74 102
113 345 83
427 605 123
56 502 127
583 212 43
211 67 99
612 340 58
148 495 23
403 203 58
58 224 47
316 559 110
576 3 90
518 346 65
607 268 52
332 88 4
193 586 37
598 176 75
496 248 113
589 245 67
467 519 17
432 339 80
118 106 92
80 416 19
365 365 79
548 343 114
514 262 123
600 74 29
244 76 19
130 282 75
279 450 20
361 361 59
144 147 96
111 319 8
276 414 47
222 496 28
437 110 95
494 31 111
412 156 105
531 54 104
201 327 91
422 445 95
192 208 129
440 561 35
423 590 65
160 74 120
479 589 108
168 244 24
34 356 102
513 270 46
269 137 91
345 30 39
283 331 70
526 159 61
255 363 88
552 577 129
58 372 53
548 395 32
297 592 56
545 191 128
236 406 63
393 583 80
599 121 101
346 200 38
8 519 105
614 324 47
395 568 30
109 477 12
469 26 35
115 347 42
393 238 75
400 423 88
30 186 73
295 241 120
505 133 26
44 541 102
95 15 78
331 424 38
327 156 77
438 468 58
554 594 75
190 516 74
527 606 127
45 205 28
464 557 44
332 160 23
368 298 114
232 598 16
103 514 27
254 610 104
77 416 9
320 285 125
492 598 103
492 257 84
150 57 96
407 528 53
588 203 37
609 497 104
138 561 64
94 315 14
415 606 73
165 514 49
575 87 81
417 93 50
349 79 54
340 17 28
214 606 2
340 482 17
547 86 125
556 568 61
359 436 13
384 151 123
582 311 10
122 567 100
525 441 8
280 68 64
501 282 2
126 606 71
322 546 83
113 66 78
573 236 48
275 79 109
445 520 15
508 66 120
358 285 125
131 282 111
491 120 39
341 361 36
214 520 116
561 298 10
107 66 71
505 413 22
282 41 119
73 97 88
73 530 58
515 428 44
36 523 61
515 454 84
486 335 105
137 335 110
442 165 85
36 474 42
255 430 28
326 408 35
271 555 64
458 40 30
28 570 69
44 358 78
526 136 83
52 241 111
292 294 50
232 101 46
548 108 51
3 171 3
133 574 118
506 297 6
15 59 52
303 226 74
298 244 65
286 255 80
157 502 110
78 544 43
270 252 75
419 544 10
121 521 127
77 525 29
316 576 48
169 337 105
241 231 47
307 328 40
490 68 109
262 255 75
552 470 114
190 358 55
551 427 122
84 288 26
91 181 102
164 214 80
591 372 113
521 93 53
605 22 100
344 499 40
470 370 67
86 439 107
249 400 128
272 96 12
616 22 39
68 504 45
470 456 127
144 374 74
484 459 71
127 275 8
53 480 29
282 183 73
473 422 116
526 48 6
461 110 89
221 47 35
475 412 111
386 573 88
406 119 97
280 401 66
411 285 97
1 252 43
178 455 71
67 368 100
233 155 97
55 259 58
484 505 113
267 332 3
168 609 105
86 530 63
265 549 39
366 107 12
208 162 45
413 605 30
42 419 115
204 528 63
530 456 80
225 33 69
420 411 56
374 89 31
317 295 38
232 220 18
488 271 5
336 116 99
175 453 121
194 241 42
185 419 119
460 257 114
5 536 20
272 111 33
498 458 112
194 65 76
568 71 57
23 254 23
243 589 103
370 75 29
2 614 99
438 218 122
230 543 113
292 493 70
137 358 54
453 177 118
82 246 58
603 88 122
268 460 35
187 402 33
559 437 119
367 575 99
518 221 77
120 549 1
121 74 127
71 128 36
183 597 128
305 212 54
533 317 131
172 351 33
323 56 39
519 493 11
237 442 19
195 286 91
183 325 100
611 57 30
586 382 10
179 268 55
414 454 108
43 47 57
477 116 75
21 211 28
277 18 28
438 56 18
115 79 60
562 402 12
330 441 7
403 157 83
577 265 23
432 194 74
601 363 30
539 369 76
335 149 122
460 146 106
388 309 71
458 140 118
148 490 18
4 419 111
127 260 54
135 144 61
488 307 119
488 546 13
459 183 87
175 121 31
158 346 32
376 614 11
84 386 31
353 393 123
263 118 84
169 5 94
445 464 45
483 359 35
188 123 5
302 492 19
411 133 114
523 82 80
375 366 100
143 273 30
574 69 104
501 178 41
130 403 116
351 240 85
534 111 62
351 474 29
40 213 52
486 469 35
442 324 26
265 144 41
7 524 99
444 237 24
118 212 19
615 32 24
369 526 45
371 387 16
254 314 55
235 360 2
62 601 130
611 472 33
388 387 111
294 277 47
414 595 77
534 383 18
83 474 27
64 23 117
26 25 119
430 606 127
61 277 81
591 72 54
492 219 118
282 210 23
74 316 108
169 226 75
180 593 105
312 446 76
330 447 41
377 285 60
577 73 14
320 297 40
455 466 26
165 429 84
502 543 70
588 5 128
237 120 116
199 194 84
40 328 41
568 134 57
250 490 97
483 126 20
26 93 19
355 602 40
350 380 26
93 536 63
111 264 127
103 171 77
541 264 126
267 546 35
238 358 27
258 197 21
406 171 130
241 172 98
339 587 72
273 14 106
253 262 97
154 606 88
566 101 5
62 309 105
127 399 87
12 332 78
293 215 75
305 227 123
474 516 110
178 309 65
598 369 27
95 349 118
227 431 103
458 390 37
205 249 43
473 332 45
244 408 4
411 184 70
5 265 42
433 129 102
532 45 106
124 292 63
43 326 48
419 72 102
371 464 14
435 346 76
440 442 80
32 32 68
414 472 88
142 19 62
22 36 23
395 71 23
429 229 4
226 86 100
453 38 50
313 288 110
425 6 98
415 403 15
210 571 84
362 226 126
237 159 117
530 557 31
269 356 106
572 167 83
282 470 8
269 85 23
301 186 16
436 273 115
421 315 37
263 454 9
169 84 73
371 293 6
137 101 23
476 477 52
142 125 61
613 38 89
199 185 82
401 540 26
508 460 82
299 258 44
84 179 25
167 343 1
381 330 115
526 169 65
284 525 20
385 303 13
165 264 91
19 90 131
403 57 50
187 584 114
399 443 19
60 40 33
248 593 2
392 36 13
460 106 9
345 517 29
402 461 104
537 414 87
218 425 92
31 447 11
25 487 5
229 547 53
358 404 101
164 571 72
243 560 29
18 383 124
592 43 106
349 97 78
112 528 24
248 252 32
456 479 57
47 95 83
116 569 17
321 592 123
415 595 57
252 306 129
610 313 83
526 212 30
594 568 22
306 322 125
121 172 39
385 327 110
474 298 77
514 168 78
129 26 49
34 22 115
449 378 106
508 70 57
228 55 4
409 297 57
143 470 52
518 455 108
269 268 65
531 145 81
331 241 80
223 246 126
31 576 25
616 388 75
195 472 65
582 460 77
170 108 104
595 198 100
217 594 107
345 557 61
388 211 65
442 62 6
136 214 57
81 44 86
186 559 23
259 395 3
101 214 60
173 474 101
567 404 3
454 409 93
261 502 31
329 385 124
187 376 16
224 376 64
510 80 70
598 447 20
64 272 53
409 588 56
408 295 115
435 503 105
355 287 102
125 58 95
29 127 121
292 69 52
72 543 54
403 613 131
88 244 41
604 89 60
128 23 48
366 267 102
462 69 68
256 268 36
121 193 12
489 161 4
368 171 122
231 486 120
216 34 51
183 535 73
222 57 46
496 281 26
283 141 43
253 597 130
608 171 67
588 131 127
521 329 129
145 486 111
585 75 73
55 23 97
1 259 49
178 562 72
12 326 68
239 50 124
225 20 20
305 201 80
110 545 43
367 180 71
72 289 59
117 503 13
189 195 59
380 351 105
557 447 24
366 542 106
489 585 124
29 583 52
338 206 6
122 4 14
89 88 120
321 559 63
137 405 97
294 1 128
530 294 114
144 286 59
371 299 14
269 454 7
201 130 56
358 156 10
558 550 14
469 372 32
351 62 49
238 23 41
617 92 131
31 210 45
505 566 66
32 215 20
248 475 65
524 525 26
166 119 107
333 487 123
284 516 116
567 427 71
84 402 54
293 354 94
281 395 46
256 246 23
38 317 77
358 291 52
576 281 53
575 537 32
579 108 2
110 160 83
159 470 84
447 64 103
611 44 73
11 450 58
529 436 107
603 415 126
147 262 66
411 472 94
244 346 102
336 284 89
71 376 13
164 186 61
28 270 86
426 482 68
209 582 69
440 513 80
407 173 63
