573 2988 379 492
401517 122596 97304 620940 467577 489581 541441 379503 754671 356876 996238 209707 376975 573842 685025 446011 336585 365981 668620 619257 856071 80946 801998 365498 177642 350304 121496 170692 146294 983513 236874 876397 601272 592829 445233 393591 973913 925784 676708 149387 314610 295866 550913 322139 437583 522898 777662 18577 842674 284303 194473 47216 448848 513705 695635 948137 646561 798012 211926 582139 704363 618218 640601 748643 133263 108165 524437 858548 287203 316716 102706 160148 937692 995153 468460 959221 169719 180140 758971 221338 843948 851314 126139 802751 852472 69091 893917 380690 141065 435909 53433 347335 218904 285259 235262 733090 321228 216519 669504 736404 497005 214041 900882 92080 768931 393967 977302 772747 964190 229067 511744 252256 671053 582842 299214 786214 928240 92474 767477 579032 291316 711779 64230 277779 886781 247608 171250 657467 574278 300105 870591 97057 23580 735012 401973 245915 670279 173728 674641 795370 905397 172391 317439 506417 989116 657041 166377 730941 168078 93609 864882 39519 484668 574745 16207 888393 365972 761878 944567 265771 316004 551231 258486 319010 389342 888836 763662 70740 322856 305818 670743 369378 106311 668267 793101 335995 394370 745846 723576 351671 156993 91533 896027 471001 418851 568735 639327 903597 608594 828492 300487 316398 547007 577012 837300 139460 815313 37495 279782 895507 607306 656602 684750 766685 971004 163230 756239 341836 808884 869443 759146 348187 401982 821347 244650 323148 410006 142953 243963 152704 913196 194384 382092 247070 648484 724434 216660 593959 364397 997438 257230 223864 729182 336611 124252 347058 999175 823055 973567 760118 843366 184506 855368 534590 854098 941563 46575 546878 962923 790180 161810 58445 304068 720231 79329 955478 753695 399315 646135 824259 22812 787429 131776 598991 380886 323333 674496 237845 800297 936346 887555 525984 888680 314685 499415 695752 630216 4754 328141 585926 96276 721495 11271 768183 113657 14092 641161 535403 37438 413036 105590 124081 719214 96447 775464 941481 978903 750499 805680 21740 768757 848133 52608 180905 701942 343780 119393 879309 723646 667523 247542 261533 679502 172328 539355 306896 757191 250794 993791 360080 525518 377769 605835 788438 535573 230776 858056 854403 746503 26354 871021 522248 482195 37988 894437 412833 55013 179729 463869 785064 814086 212127 194446 669270 726517 11856 168241 935211 759509 887725 443720 979477 862466 196887 875054 74434 383979 212138 688537 395119 771334 988310 889566 138862 278540 696005 469765 251086 912473 384261 434014 54909 691672 199042 68078 726295 826705 562488 153195 978477 650330 209519 641284 335759 996078 907514 619908 998751 378200 267038 912098 118958 417444 906189 468032 338080 735557 473090 817565 168106 226831 421586 282335 554136 968776 717804 133266 158846 2037 362259 730283 209282 927784 16930 420343 194123 377914 652387 941361 886465 544564 182023 969296 778042 520460 375093 5995 947888 22703 177593 949346 281856 258872 811599 267519 129615 147098 233738 70352 715398 171708 535528 544770 34166 670462 295820 506767 225097 106958 346906 468418 161105 281155 232403 339644 595792 15906 531079 860399 494688 160257 602935 969177 297282 40885 807215 761437 783130 103612 13430 125638 840300 244632 124617 199256 361306 757218 501630 835103 455592 169561 765487 163767 826425 443630 542343 757431 526530 318992 181036 783169 794991 995842 624475 83636 672398 80534 895532 868536 610111 242657 891491 74891 41574 616382 453441 283802 380675 237025 37424 510146 522489 229083 74770 476526 279149 700466 762256 830854 775001 903582 517990 481093 580688 647312 696892 231281 819889 750585 450064 292840 79105 551477 665125 573026 890486 242094 304422 325293 761142 920616 989280 862268 257903 144743 612185 992752 431817 215875 141296 323463 777721 983608 772711 129972 514221 831588 35022 164436 875244 23642 102609 795928 65010 285410 99730 902453 839625 138137 444239 39369 585036 497695
221 345 47
323 307 72
231 348 59
504 503 12
225 393 45
275 126 61
358 454 56
207 352 35
68 512 30
261 335 61
106 461 36
83 562 18
484 94 16
214 284 39
411 509 20
198 212 2
258 166 58
511 69 71
13 271 65
418 56 41
356 344 36
436 554 55
22 433 72
3 23 67
194 90 41
198 213 27
64 34 19
467 359 25
137 534 11
226 231 52
76 186 32
452 130 31
300 238 18
473 262 24
473 69 57
6 132 7
93 516 46
155 189 15
514 170 54
340 362 6
132 88 48
447 311 46
519 26 6
136 54 29
214 137 49
288 209 60
121 494 51
34 439 18
162 126 49
344 137 12
106 423 24
58 523 46
492 226 26
461 193 1
318 572 24
324 77 59
19 532 48
353 499 35
435 86 5
481 145 39
447 32 38
335 485 73
348 46 56
443 119 11
81 228 27
438 218 36
471 52 11
310 139 12
23 157 61
44 485 27
148 306 29
358 507 21
409 73 20
134 126 34
224 202 49
327 487 40
269 563 33
43 423 53
46 124 39
509 298 67
452 360 38
531 63 24
3 81 60
534 397 67
329 452 50
341 510 18
538 267 6
248 572 64
537 212 19
225 266 33
463 511 37
205 249 69
454 152 37
276 47 56
520 36 66
96 429 24
491 483 20
207 248 32
546 512 75
56 435 13
573 29 27
77 168 8
569 443 17
419 110 51
448 23 31
446 218 23
24 308 37
202 24 55
33 435 29
413 53 21
149 375 60
341 34 7
481 49 49
264 323 53
196 26 42
92 260 71
374 1 46
413 29 68
291 381 49
393 111 61
484 567 4
56 155 5
391 173 45
424 124 73
106 60 53
528 559 60
109 110 22
75 105 48
494 497 28
314 420 62
138 219 48
175 322 2
523 307 7
217 440 52
459 180 27
435 24 32
77 220 6
271 416 73
90 408 12
196 524 29
376 335 38
368 161 41
118 317 10
110 442 40
63 42 73
446 562 49
23 3 68
301 103 31
223 467 4
25 28 68
426 220 36
33 352 52
235 263 11
297 173 53
403 190 41
291 199 62
5 533 53
461 78 49
149 368 28
90 198 32
279 75 5
526 178 72
569 338 29
470 405 55
481 120 31
254 73 67
344 343 52
46 505 7
262 416 46
289 566 69
514 552 31
148 284 53
6 64 34
536 128 37
289 53 64
136 326 75
389 49 36
14 371 1
374 267 71
53 522 48
553 270 40
245 159 31
3 42 62
256 176 17
384 370 9
416 514 70
32 335 17
141 33 57
152 403 66
436 531 47
40 35 18
476 49 67
201 51 18
334 351 71
164 440 58
248 97 19
137 150 55
321 275 72
539 569 67
177 63 11
328 285 50
405 510 60
117 147 69
394 89 55
543 301 55
470 365 17
188 42 3
217 22 53
534 83 63
474 314 53
522 170 34
507 478 61
553 312 66
212 521 67
519 137 45
236 323 68
302 423 20
135 34 42
124 318 53
220 195 19
490 510 57
88 23 3
26 461 17
162 52 24
464 102 75
76 567 61
173 39 48
19 64 59
179 389 72
231 538 32
460 17 38
147 58 74
246 121 58
527 162 75
369 71 25
80 246 74
506 62 3
302 551 29
104 136 61
19 359 30
169 179 14
572 353 47
95 221 69
570 174 42
346 238 19
572 561 12
542 299 35
545 195 60
44 318 70
112 338 39
212 321 35
223 465 18
247 538 58
127 389 67
399 11 18
135 135 54
230 462 30
379 199 65
107 546 24
538 217 14
457 107 66
216 296 15
465 253 35
408 367 21
571 78 47
413 512 28
367 439 40
512 569 73
381 543 34
526 413 12
326 346 57
370 122 14
82 319 21
163 317 13
489 102 18
456 444 43
432 395 66
286 334 29
3 277 50
497 27 6
372 262 13
382 269 67
90 463 21
449 56 59
496 48 10
387 153 60
213 519 26
338 305 16
52 467 19
254 411 60
170 429 6
318 155 1
291 116 20
463 227 33
243 353 72
129 207 62
573 220 62
238 535 30
130 279 62
533 490 43
226 221 36
431 66 45
178 548 7
516 499 65
149 461 74
424 407 19
32 127 61
259 422 42
131 122 39
103 107 23
178 404 74
103 6 75
551 383 5
545 383 4
468 343 6
389 283 56
443 401 13
248 153 15
248 257 61
473 463 57
423 97 14
21 468 26
306 356 74
487 302 47
159 523 20
564 390 72
332 521 11
185 123 58
519 529 61
344 3 47
571 9 42
437 324 16
35 52 5
243 487 15
188 399 66
6 322 69
221 147 57
273 169 69
151 54 63
95 348 51
386 59 25
159 315 37
457 138 5
379 280 46
292 473 26
452 151 43
332 182 20
37 505 4
255 440 55
496 425 8
556 226 24
181 55 45
502 50 61
484 268 75
110 307 16
468 118 61
93 140 54
27 256 70
177 459 4
267 515 8
46 398 64
8 368 12
167 168 8
222 284 72
165 287 16
36 524 42
301 127 11
243 475 45
315 280 37
242 233 11
158 477 41
3 146 17
551 495 30
218 551 39
521 326 7
519 501 37
165 287 49
452 500 31
173 400 6
81 560 48
153 317 33
12 464 68
556 456 24
259 318 19
287 99 38
211 1 60
144 532 73
135 500 9
146 494 71
561 568 44
46 198 38
37 345 48
180 136 56
416 571 45
364 73 31
404 235 19
162 127 75
202 564 44
211 373 6
228 566 46
80 206 25
136 83 13
524 149 31
18 149 28
250 163 64
137 142 57
229 379 68
195 500 24
477 120 56
405 88 55
65 161 49
557 541 71
463 183 55
459 167 25
305 45 65
490 472 35
137 101 27
189 116 23
410 214 56
263 498 69
469 545 50
532 352 33
393 134 19
141 501 69
152 285 56
112 394 65
131 53 57
535 487 17
45 83 72
158 497 6
263 230 72
313 538 44
481 211 61
259 156 17
299 276 9
322 505 10
546 151 24
134 535 44
211 64 35
421 376 11
209 555 54
349 362 31
8 437 8
279 311 26
17 573 24
383 40 38
134 37 53
16 522 40
124 140 51
173 185 35
239 69 17
47 406 45
557 414 57
505 124 4
331 102 33
544 326 10
247 288 50
531 259 7
79 186 6
521 91 28
456 371 14
194 7 63
537 50 57
72 138 61
451 414 53
221 268 32
130 237 23
201 242 16
72 83 75
31 444 4
133 163 16
57 261 33
486 68 58
146 348 10
217 265 67
520 390 73
424 552 23
271 424 15
143 165 58
170 223 8
207 454 29
354 543 4
211 38 2
344 236 65
388 479 66
494 427 55
410 481 29
85 538 37
277 284 38
345 105 74
398 19 59
285 146 9
156 435 64
128 544 11
278 162 33
389 159 24
423 510 70
35 464 31
17 149 63
320 103 70
352 186 75
370 80 73
428 407 16
54 113 11
442 425 30
377 357 74
547 338 66
259 518 60
61 557 1
9 471 58
493 486 70
4 369 43
238 56 35
370 1 34
45 419 15
540 68 15
103 86 3
269 535 64
311 503 23
386 489 18
243 207 63
160 572 62
390 380 17
212 340 14
338 86 9
398 189 1
530 389 56
398 78 65
560 301 41
402 466 29
105 490 7
172 266 23
398 38 55
278 376 10
186 205 39
232 130 25
16 411 51
517 519 6
101 67 4
310 435 34
436 263 12
99 417 10
461 34 8
3 117 34
364 308 32
478 430 18
457 236 48
375 131 74
532 218 59
536 510 19
375 412 56
176 13 58
29 93 62
559 443 27
430 146 72
420 284 13
103 203 4
168 329 13
197 185 66
515 539 7
178 244 64
468 87 16
172 449 7
477 511 54
452 353 66
242 549 18
176 475 35
32 424 61
555 357 7
108 357 42
180 154 65
82 6 24
422 431 45
55 565 55
125 395 32
436 237 67
49 138 75
109 205 65
132 261 53
153 262 11
518 85 61
103 565 45
218 237 18
146 474 50
41 247 37
380 249 51
552 84 49
178 221 47
272 320 46
77 284 5
338 110 17
15 248 64
54 268 3
30 204 46
38 144 56
394 360 46
71 178 20
316 241 73
516 74 49
176 112 58
528 63 25
423 546 48
552 563 73
155 543 70
347 181 40
257 88 20
455 489 67
429 571 75
263 491 38
423 200 53
272 411 42
326 399 51
202 122 17
429 177 46
380 476 34
518 498 46
538 427 31
96 477 37
98 80 40
314 50 25
407 381 33
73 3 32
157 566 3
298 213 43
429 229 64
444 103 2
521 439 23
381 97 65
447 9 13
81 341 38
78 204 46
94 187 19
451 514 51
531 113 36
463 60 74
277 142 65
46 332 30
349 259 10
559 65 60
26 359 36
469 297 11
531 165 70
100 470 14
271 221 62
161 96 51
365 528 3
512 378 48
467 190 40
386 70 71
549 423 54
503 362 44
7 237 15
120 95 18
403 48 50
570 495 68
562 88 59
188 185 11
452 110 9
28 467 68
498 124 55
475 455 10
529 443 36
220 476 19
363 517 56
197 122 26
301 282 12
108 570 63
215 451 59
448 306 20
252 112 73
39 406 64
145 421 32
538 562 21
226 272 35
16 313 8
30 105 49
324 246 18
218 429 22
492 470 62
423 317 69
356 314 26
410 75 58
248 150 37
475 268 58
271 510 30
470 416 43
330 221 10
406 216 71
240 560 64
74 341 22
495 29 33
286 213 47
503 105 43
4 30 15
393 462 40
510 253 11
545 92 6
258 218 61
265 157 47
446 114 5
218 382 69
15 351 35
54 481 6
221 509 19
186 118 42
34 208 17
141 366 13
432 482 5
450 275 24
290 76 39
393 109 16
6 387 64
277 166 16
178 495 56
273 53 59
38 428 9
303 288 47
346 14 48
189 481 26
500 312 7
6 261 5
345 229 31
446 226 48
462 220 1
251 3 25
349 77 51
519 117 73
341 540 54
45 467 63
133 122 40
145 319 9
420 405 44
516 567 14
540 511 44
320 43 33
371 93 37
140 568 63
190 145 12
376 349 34
266 163 42
370 497 35
6 339 65
179 139 19
139 385 75
161 332 67
369 252 34
353 418 40
524 59 11
458 98 18
432 524 15
334 162 25
61 27 34
446 568 61
572 493 14
444 250 38
246 519 32
463 383 51
409 430 56
436 435 14
385 404 17
55 145 21
138 347 21
433 386 26
250 549 10
180 359 73
75 319 70
389 430 17
117 322 62
131 25 73
352 476 23
372 268 24
533 91 39
172 488 67
571 53 50
403 132 51
173 351 25
253 551 12
411 274 57
416 178 36
411 339 36
260 202 47
182 345 31
377 333 16
247 32 46
336 388 60
266 562 72
379 10 33
340 541 25
254 502 21
199 275 4
270 399 49
8 299 27
228 90 30
133 496 75
25 556 72
512 492 39
402 419 28
266 392 5
66 531 68
357 373 27
212 97 6
476 42 59
572 344 41
398 487 59
333 246 31
290 559 33
202 16 15
176 34 60
531 295 52
38 105 4
531 533 29
173 361 7
215 379 59
121 42 10
263 256 9
556 432 70
273 91 73
528 300 47
457 293 48
276 81 11
26 274 10
241 551 39
410 259 46
445 226 75
90 264 61
181 231 11
60 176 56
147 369 39
444 289 17
127 469 2
486 317 20
449 274 67
378 28 10
445 16 45
409 286 37
349 366 66
30 124 30
418 453 49
545 526 60
5 443 8
326 96 16
518 456 60
26 61 47
258 367 21
476 125 22
299 170 38
2 503 68
409 489 57
280 108 58
191 508 7
450 319 7
513 10 14
188 567 20
466 220 10
343 21 8
469 361 12
505 353 56
344 209 48
200 166 36
363 231 2
215 487 11
409 418 40
120 272 71
303 282 60
400 392 66
563 311 11
553 504 28
502 413 41
540 432 53
392 143 7
506 151 23
363 337 67
96 94 61
547 2 72
505 226 53
415 289 35
74 98 40
502 206 37
417 250 53
28 364 2
198 331 5
174 80 17
244 464 3
13 539 4
503 313 39
88 545 4
570 282 53
92 239 31
423 509 73
373 60 48
74 499 8
479 177 73
44 331 68
303 512 75
62 34 46
514 258 40
496 232 17
142 183 24
451 413 4
527 406 55
174 544 12
516 163 54
505 335 30
461 238 64
259 520 74
549 460 51
445 79 28
366 405 7
250 4 75
87 224 10
510 328 39
376 281 32
236 458 73
489 442 18
163 59 58
427 125 53
564 59 54
151 176 60
89 394 59
78 145 39
93 86 66
303 291 46
562 475 75
338 169 4
558 331 16
413 40 46
461 342 71
215 198 11
185 104 43
540 510 37
292 301 28
115 434 49
36 369 7
148 16 63
268 13 5
29 257 66
224 282 16
105 45 66
126 387 37
438 261 74
457 503 52
260 38 42
182 14 35
495 207 46
530 377 66
470 284 50
480 194 8
272 82 75
320 379 1
76 376 71
449 135 61
568 217 49
262 95 55
12 353 63
182 550 53
472 528 21
253 30 20
286 381 57
38 291 8
362 146 18
474 218 8
235 19 19
51 430 6
520 70 43
112 284 11
68 344 75
276 433 17
368 270 4
404 423 13
236 497 10
105 196 24
168 220 44
241 65 38
375 104 16
315 482 55
247 535 52
194 20 25
398 449 2
461 493 24
404 216 39
200 546 31
287 296 24
88 25 34
132 483 40
22 309 1
2 88 45
197 10 55
380 431 46
96 142 68
526 202 17
357 256 70
318 425 66
544 83 19
287 33 50
553 446 39
496 401 12
20 273 22
69 279 42
465 75 57
175 467 53
157 242 68
211 324 23
159 59 47
144 272 48
290 304 45
116 412 2
246 410 30
472 106 6
302 77 8
80 326 2
141 541 32
197 324 15
520 244 56
9 544 19
268 1 6
541 434 14
503 449 37
322 255 27
400 235 23
546 557 58
296 37 67
101 359 68
306 445 16
542 134 48
54 504 27
175 551 41
206 533 57
69 560 11
98 309 36
200 317 45
271 412 35
148 36 71
462 127 59
369 204 2
324 39 69
245 446 37
80 106 71
276 179 14
341 244 48
145 504 72
218 419 26
60 568 27
52 282 55
68 186 8
34 186 9
115 535 68
161 270 3
298 393 63
547 364 49
165 98 3
216 152 17
170 133 54
100 375 53
138 547 6
214 230 9
114 562 15
502 108 16
473 44 56
409 478 17
260 413 40
70 126 55
434 514 67
156 547 23
62 370 13
360 504 64
333 174 21
381 49 28
480 445 52
123 403 23
442 8 45
218 126 9
207 407 33
1 554 16
376 76 65
32 450 16
207 24 39
400 277 30
65 361 20
534 393 42
541 282 55
313 326 57
131 541 7
226 140 14
260 324 15
544 432 21
493 139 69
449 292 37
113 356 64
172 60 39
268 370 25
488 188 3
212 538 41
89 156 7
254 345 13
5 231 13
539 532 69
258 498 27
215 23 3
196 226 56
212 250 11
77 27 43
417 537 15
459 439 64
202 280 50
478 529 5
562 428 13
377 291 18
194 417 56
536 184 52
542 449 5
8 251 38
507 97 63
122 416 50
331 115 70
143 198 63
353 458 60
95 444 22
306 567 36
314 107 56
442 566 53
352 307 26
184 396 46
142 281 47
403 143 73
535 405 36
244 328 17
153 103 60
521 322 11
458 464 42
312 351 11
62 193 26
319 411 71
394 359 53
241 25 23
485 85 19
401 394 17
130 325 61
38 400 18
296 281 13
198 274 69
371 488 9
226 37 36
316 200 47
552 236 60
160 38 17
184 469 68
141 171 14
549 543 54
190 31 54
289 352 61
425 22 24
286 533 62
225 94 16
450 340 29
199 343 54
150 439 61
389 94 72
393 521 34
381 235 42
189 258 43
18 185 69
204 562 8
205 556 8
349 540 5
35 468 15
475 156 17
108 287 50
158 550 43
263 26 52
203 349 70
33 143 9
218 355 66
336 12 64
380 479 71
197 247 7
84 571 17
135 230 7
363 66 13
344 390 50
49 485 59
302 478 43
136 428 25
117 131 50
419 417 44
193 198 36
536 108 7
174 426 65
443 181 62
296 234 36
474 461 2
302 226 38
18 503 44
553 380 24
3 336 37
221 160 22
66 226 26
27 58 11
99 160 1
43 250 25
480 427 40
135 333 15
562 219 62
63 78 29
500 127 70
113 173 1
125 56 12
547 278 58
102 18 42
246 162 34
216 98 48
104 415 31
331 208 55
350 166 6
417 205 57
568 479 7
292 217 37
495 146 67
483 163 27
224 556 62
17 542 7
521 159 51
220 427 46
211 428 2
272 217 1
108 205 54
434 178 24
532 26 30
273 242 23
339 461 20
174 101 7
16 536 51
313 344 33
533 480 44
522 151 36
105 383 37
48 210 51
156 276 22
174 314 74
146 258 57
515 450 55
18 222 72
41 401 30
535 252 46
531 386 36
466 106 47
565 49 38
455 375 50
508 510 3
437 529 65
357 521 21
334 409 75
541 265 51
397 541 6
105 127 55
466 133 54
266 366 68
175 490 12
175 309 47
2 254 69
116 68 19
214 202 56
377 301 22
299 372 61
313 301 71
451 312 3
226 195 51
535 384 54
563 335 56
325 442 48
177 425 13
435 495 32
335 75 1
259 467 29
181 315 50
326 205 50
262 509 22
106 302 3
318 103 61
378 109 64
377 154 71
266 258 25
439 175 2
216 160 11
76 329 3
63 56 19
399 374 71
51 100 41
233 303 46
323 483 19
260 195 14
275 301 58
210 394 48
168 539 8
197 209 4
280 168 51
126 16 53
236 58 74
157 447 57
19 145 46
384 189 64
406 17 71
460 298 55
125 256 62
178 564 34
148 264 67
268 449 22
241 100 74
304 476 59
366 22 73
15 267 43
220 421 52
229 93 51
83 284 53
118 488 40
84 152 60
545 392 72
560 476 61
132 371 27
455 301 44
538 486 1
248 47 51
507 547 68
550 401 27
131 344 66
345 392 75
64 436 68
42 300 72
362 86 23
526 436 31
203 424 26
43 445 71
547 421 9
4 329 52
422 352 19
347 258 65
547 454 64
544 466 32
168 126 7
53 311 55
202 93 30
204 183 12
539 483 26
408 526 26
260 161 27
244 46 72
341 313 39
246 15 1
233 462 34
476 107 39
478 275 47
439 417 24
460 500 61
511 3 57
293 195 23
372 35 13
434 161 51
24 470 45
572 311 60
143 311 22
460 399 5
207 326 47
286 39 47
424 126 57
54 564 27
142 15 42
137 403 14
333 385 65
508 552 18
539 238 44
138 253 72
327 502 62
34 482 63
417 512 22
215 97 74
171 322 14
109 277 29
390 328 44
272 573 11
55 102 72
328 359 26
417 338 3
542 196 63
4 338 23
111 534 39
561 158 66
7 289 59
128 173 13
412 389 13
241 121 3
190 452 32
30 192 74
80 535 17
354 510 44
398 98 39
213 208 45
277 467 37
429 424 31
417 185 29
8 122 60
506 522 27
180 495 72
468 350 1
546 217 49
427 357 53
359 132 18
468 268 52
46 403 57
384 246 36
540 53 33
371 320 47
560 83 22
361 70 14
561 303 68
482 456 22
146 416 18
102 132 11
557 64 56
250 472 66
79 419 21
315 569 54
158 332 51
419 495 36
455 358 53
119 542 54
68 517 71
302 79 70
520 204 74
547 34 12
195 552 51
445 573 3
338 537 54
331 134 10
357 410 1
480 309 29
513 57 69
226 573 20
391 305 18
345 514 1
139 151 59
162 286 51
293 503 61
45 15 57
232 333 74
3 211 2
320 560 33
518 468 12
186 221 33
45 234 74
425 253 51
444 426 44
418 106 73
122 536 70
389 536 16
419 248 2
16 62 11
307 243 20
23 465 13
356 193 63
127 402 9
163 82 66
527 135 59
396 91 63
320 143 59
409 478 74
376 323 48
237 267 48
166 461 66
164 157 13
204 12 31
140 83 16
224 214 11
97 187 42
145 72 73
241 18 39
68 518 2
230 372 30
401 547 16
253 570 45
361 192 38
181 424 64
370 52 27
479 116 5
102 139 74
499 293 26
63 349 61
33 178 29
298 90 61
554 282 25
449 67 69
519 268 58
17 34 28
144 226 70
332 226 33
267 262 47
423 239 18
270 140 66
399 208 32
341 573 66
258 62 33
143 520 14
79 345 67
120 293 7
405 442 65
332 121 54
116 300 60
346 443 4
44 144 9
374 426 26
400 60 71
508 92 36
388 223 60
312 370 49
83 233 34
406 274 65
338 283 31
66 500 24
353 294 23
90 309 15
538 93 6
329 523 55
288 541 29
363 179 61
369 438 42
342 318 66
445 266 16
107 204 1
58 448 39
548 138 6
18 264 5
17 371 16
116 517 24
436 513 12
26 351 29
482 313 25
480 209 34
25 539 66
291 365 2
94 469 21
177 77 8
416 6 22
216 455 43
201 326 75
117 108 24
116 495 33
564 424 54
334 490 43
193 306 21
19 186 1
527 76 16
497 393 65
38 311 62
475 529 43
203 153 50
254 443 24
362 278 40
313 319 58
105 245 5
105 531 31
309 68 35
106 54 1
467 559 54
247 44 52
141 138 44
546 25 71
530 532 3
79 90 62
434 121 22
376 371 68
487 186 72
540 209 6
90 141 70
214 259 71
435 374 42
541 355 75
539 552 70
52 320 14
458 74 37
568 322 25
555 467 12
477 131 10
254 562 63
306 564 67
546 389 26
123 310 39
297 142 19
385 156 63
153 275 56
90 419 61
25 340 29
229 55 1
496 267 16
478 545 30
549 92 13
527 500 70
516 476 46
569 508 8
66 175 42
342 268 14
56 474 18
390 145 53
436 302 9
491 339 67
410 196 57
137 102 23
341 93 66
468 132 28
360 182 19
483 557 54
145 100 39
446 538 50
82 386 32
505 534 62
113 542 73
17 407 20
187 561 12
525 268 30
166 307 25
211 25 57
565 221 23
354 368 2
540 121 33
346 461 30
493 48 43
61 563 10
33 469 39
516 433 21
396 511 6
525 459 3
476 282 6
100 320 59
461 225 15
144 326 3
281 52 73
470 541 52
233 174 12
247 214 13
93 273 55
329 163 24
156 335 8
245 131 70
355 529 12
319 375 51
501 485 71
417 34 20
234 165 19
221 41 6
261 532 20
265 498 20
201 497 4
22 547 20
306 97 5
485 89 26
418 479 14
522 560 68
215 28 9
153 366 68
388 276 75
380 115 16
80 340 17
299 88 28
263 406 62
445 195 11
226 285 60
156 231 12
19 429 43
90 234 40
409 522 60
571 178 14
572 166 68
375 231 18
74 330 45
59 414 29
62 189 33
351 75 23
249 312 52
327 42 60
213 20 23
344 460 48
226 332 22
402 565 64
292 376 6
380 194 28
463 26 65
465 361 25
278 367 42
109 298 58
42 315 55
9 233 67
169 554 9
41 246 23
333 396 6
101 300 8
393 95 69
45 516 14
102 65 37
288 235 21
124 275 30
294 75 32
275 473 19
112 133 49
19 245 17
166 42 37
291 185 15
429 565 7
140 157 53
140 265 59
215 165 10
148 474 47
286 545 35
164 278 45
352 288 18
509 505 5
258 6 63
535 297 15
451 271 30
123 21 66
217 461 49
411 120 15
496 12 20
383 31 23
189 339 9
208 572 13
504 275 18
351 167 49
221 350 21
6 419 18
147 508 68
312 267 27
461 303 51
368 133 13
151 107 56
453 498 57
365 453 68
243 302 45
95 339 75
2 492 17
242 308 25
8 518 2
54 532 69
273 178 45
44 175 26
293 9 39
273 572 69
356 549 53
94 468 1
104 418 35
252 19 45
103 337 40
568 141 63
321 509 18
171 52 73
157 300 46
224 558 72
568 253 55
438 96 56
102 123 47
53 404 70
334 380 6
335 393 27
103 81 16
394 534 24
295 218 47
327 532 2
514 28 58
361 368 67
392 187 59
2 422 40
266 202 46
312 413 27
311 331 29
183 562 14
383 211 46
392 422 40
561 572 22
448 300 29
38 468 13
304 429 13
54 420 29
494 570 71
55 220 47
144 440 20
414 175 31
169 555 35
417 546 5
464 18 48
547 494 61
388 510 39
165 387 46
483 205 25
532 312 48
92 217 12
445 479 62
385 408 69
331 45 17
455 182 74
544 556 1
495 457 67
568 444 8
375 425 27
327 194 32
188 491 40
395 49 14
550 321 28
44 128 47
461 100 8
461 157 64
97 295 38
212 2 43
18 259 4
366 337 19
535 233 39
9 514 37
559 67 47
130 270 18
9 241 45
156 226 62
10 211 16
422 104 23
499 380 50
313 557 43
536 111 30
202 112 73
376 105 13
77 166 30
284 555 58
325 14 38
60 568 25
505 263 70
266 132 5
153 234 62
396 436 40
383 96 26
97 53 46
412 315 49
496 559 63
62 199 59
85 369 17
162 497 72
23 24 43
384 401 55
68 336 23
412 208 20
142 167 41
186 61 53
353 537 47
477 204 30
106 270 23
541 31 24
412 288 46
312 141 73
550 512 8
352 207 75
257 288 2
416 401 4
288 85 39
40 445 70
119 572 42
368 213 7
104 19 18
293 245 21
5 351 20
447 246 24
49 461 43
521 20 46
488 155 27
507 447 38
68 305 16
152 370 56
337 99 70
60 177 50
471 1 49
282 73 40
69 438 44
559 84 16
489 484 22
506 537 10
446 337 1
202 498 20
491 394 38
71 50 20
547 451 33
81 491 49
63 420 64
152 225 66
405 104 32
234 138 72
564 332 73
245 89 50
386 553 65
222 438 67
571 304 43
197 121 38
470 538 2
360 95 12
321 195 70
92 292 14
485 159 57
300 535 72
509 464 14
548 200 41
481 243 59
495 397 12
154 366 13
406 191 24
467 404 54
406 178 61
420 330 15
304 26 61
230 437 12
501 384 73
344 442 4
250 534 51
357 397 7
141 109 50
39 483 52
125 304 9
430 376 68
19 523 38
236 356 44
173 260 31
329 262 21
271 295 27
144 264 19
180 211 8
325 502 15
451 329 69
19 152 22
324 263 39
412 68 45
181 153 64
414 69 29
264 85 14
555 510 18
399 446 35
69 474 40
351 487 15
354 309 30
196 354 48
481 61 53
385 160 27
26 114 63
261 560 58
193 203 67
350 381 34
438 106 28
167 430 61
450 135 9
210 21 43
114 440 38
52 207 33
519 416 52
512 204 57
322 59 34
275 192 65
123 289 37
443 530 47
53 338 51
258 485 52
474 4 33
108 15 10
504 111 39
325 347 8
184 376 65
400 406 70
417 360 33
488 170 25
32 63 3
199 552 25
273 154 64
135 30 62
524 526 20
497 502 31
6 209 63
404 378 50
202 437 49
23 144 16
363 259 34
263 567 9
164 333 19
313 190 24
516 44 8
76 305 52
159 342 51
339 142 39
176 340 16
464 441 61
322 209 18
276 404 8
339 370 70
541 388 73
189 179 43
324 549 26
554 68 29
141 45 2
300 127 7
133 467 60
293 547 30
297 562 22
52 434 75
340 357 23
545 252 5
91 515 13
476 183 20
35 378 18
556 360 18
224 237 47
111 538 50
15 540 4
84 441 27
260 249 10
95 108 61
317 442 28
12 58 3
571 204 64
284 434 75
243 352 43
508 119 57
530 367 50
235 156 7
368 23 13
209 80 20
416 414 67
521 569 19
384 139 63
261 3 33
412 203 35
411 562 18
166 126 64
296 140 35
357 56 7
123 65 55
224 172 31
5 542 5
454 268 37
207 211 65
130 112 64
440 171 51
164 558 68
303 345 22
307 373 54
485 191 63
81 439 43
331 559 47
413 316 62
36 174 38
346 537 27
143 466 14
529 44 12
147 486 47
198 221 17
301 293 42
199 106 39
39 245 66
486 436 42
35 155 17
18 76 51
229 346 73
370 29 44
391 358 10
289 290 51
150 22 49
22 299 39
370 187 3
297 543 31
547 138 7
316 554 28
455 296 28
413 117 62
551 369 25
394 412 15
130 269 34
567 51 11
535 373 27
478 352 74
300 232 34
522 78 49
534 490 3
556 339 22
421 51 63
16 343 47
45 487 41
107 389 26
383 26 71
348 174 64
260 532 63
498 111 36
406 96 39
42 64 63
76 563 9
381 380 32
317 52 16
552 74 26
158 55 67
353 488 67
171 429 18
517 421 2
496 20 63
476 399 50
392 309 26
184 318 31
401 217 33
220 227 68
398 275 32
419 43 37
231 227 3
133 219 7
131 152 16
301 216 53
221 316 51
29 563 19
143 189 41
105 491 41
414 231 25
544 378 37
400 537 66
12 113 62
456 94 46
218 474 6
9 14 44
404 198 20
410 56 25
339 553 24
159 423 4
293 383 40
501 387 63
540 436 32
544 213 70
473 288 13
241 445 61
452 173 47
73 27 35
155 34 17
408 507 14
508 564 58
22 367 54
319 176 57
312 295 61
567 356 1
338 541 37
214 147 31
237 23 72
296 280 47
184 460 31
9 156 2
246 239 37
405 39 45
524 54 75
461 41 73
169 568 61
93 105 57
382 132 7
478 361 70
241 5 16
128 98 75
101 515 6
161 320 75
176 498 26
91 568 72
127 250 7
94 98 64
30 91 44
167 318 64
367 463 5
30 114 9
279 520 14
118 25 15
226 432 39
478 502 65
568 77 67
103 143 23
17 556 74
54 259 21
528 461 24
20 166 21
136 568 4
73 404 35
182 273 58
425 425 14
559 117 48
129 266 75
182 185 22
290 262 46
289 530 3
437 475 67
71 246 4
546 425 14
568 448 60
573 89 39
127 536 58
447 209 42
255 328 3
520 306 51
38 546 12
570 61 30
98 257 56
341 396 50
517 327 16
342 116 21
332 33 6
8 367 63
559 339 14
341 267 30
168 528 39
517 66 31
506 48 1
325 256 58
188 24 27
571 288 34
387 544 39
501 409 45
102 453 74
330 355 73
48 496 42
555 444 4
380 346 58
538 247 73
206 512 26
51 403 13
410 71 70
312 366 33
138 499 67
297 516 13
514 14 33
75 408 38
125 196 64
297 424 19
89 271 22
157 389 57
319 164 5
525 3 54
435 495 1
201 68 69
325 274 11
455 537 4
450 157 4
422 126 47
445 436 38
166 221 73
346 488 22
338 447 35
184 44 2
513 58 18
455 139 60
89 523 61
345 363 14
361 78 51
421 550 55
151 539 66
377 182 7
391 512 52
195 167 29
384 520 59
37 203 37
315 384 3
250 412 65
573 114 5
465 23 61
269 89 38
88 430 44
21 385 9
479 238 6
104 503 13
220 220 10
85 570 25
527 15 44
362 391 25
473 73 8
129 149 28
484 434 27
71 558 23
307 465 24
544 548 42
100 3 60
53 458 40
5 294 60
5 20 50
28 345 57
277 58 3
309 57 47
208 176 10
485 386 41
401 173 53
10 519 74
419 498 16
292 209 24
280 454 70
241 22 28
552 528 5
108 314 69
481 319 64
556 211 32
64 506 70
404 127 26
204 357 50
185 120 32
413 215 1
138 174 5
414 516 42
423 135 52
207 245 74
474 8 41
537 240 74
115 154 15
151 233 5
324 372 38
520 176 34
29 328 38
396 145 29
169 131 34
562 567 38
560 212 15
485 153 18
539 567 72
560 89 50
117 456 51
9 153 55
175 354 68
221 179 22
398 306 23
523 43 46
336 566 20
302 135 58
81 406 42
111 18 22
139 521 48
27 293 65
253 77 38
49 156 70
24 213 22
139 515 32
52 553 14
451 220 1
442 460 14
271 120 20
142 551 73
471 3 10
552 163 21
47 431 61
48 531 12
89 393 34
199 386 47
212 404 49
345 177 39
390 299 15
270 77 17
301 348 14
162 294 47
100 237 7
309 504 54
336 294 3
69 506 34
17 66 26
505 204 22
223 223 28
201 417 63
511 497 36
203 346 39
57 389 11
10 169 47
84 194 33
299 456 13
375 135 22
262 302 40
278 229 69
14 488 52
110 215 33
393 32 13
50 232 54
196 544 71
7 469 53
388 562 1
347 290 46
364 507 49
185 303 5
145 50 10
14 95 31
305 519 11
197 254 63
368 329 64
70 9 21
465 317 64
47 394 74
136 500 57
487 277 11
95 88 64
427 337 47
186 508 72
195 265 46
276 480 46
355 496 9
321 185 57
391 556 41
468 443 67
518 231 20
489 401 66
91 150 32
236 346 24
372 17 13
271 148 8
555 295 63
309 194 41
566 366 17
200 523 72
306 147 31
190 233 67
505 261 34
449 377 19
129 492 34
392 523 35
410 260 75
111 282 9
204 427 75
431 398 75
382 389 6
499 304 75
267 204 70
21 483 6
146 356 74
11 461 52
47 173 38
301 360 50
145 428 73
348 343 53
95 540 62
44 47 28
352 135 17
108 502 74
550 373 12
182 106 46
273 418 21
264 57 50
384 483 26
83 24 12
208 377 72
458 449 35
550 297 35
546 268 21
324 19 17
521 153 13
47 275 21
405 396 47
220 29 63
449 218 46
357 110 3
311 412 57
32 90 35
310 489 8
425 268 57
176 270 17
516 190 58
127 73 18
247 238 23
299 494 68
44 194 71
301 324 10
472 408 60
394 117 13
524 537 56
191 265 25
67 205 52
489 87 63
88 484 30
287 316 10
444 456 50
556 40 7
173 132 75
284 476 23
406 379 66
229 359 50
340 108 56
244 466 36
445 405 55
339 32 51
404 50 13
490 46 18
178 80 11
181 30 48
215 384 65
172 502 20
527 523 44
337 41 28
16 204 31
451 35 74
87 119 20
141 368 36
568 4 28
366 182 24
552 139 64
327 371 68
201 93 68
47 462 52
477 219 66
246 104 38
8 53 36
551 257 64
231 110 56
258 27 43
262 125 36
52 58 8
327 309 14
269 487 15
324 83 44
445 229 56
207 201 70
375 484 58
176 417 8
439 463 43
333 359 62
413 198 71
81 375 34
67 504 7
178 311 74
74 329 52
551 393 26
517 191 74
286 31 22
366 279 19
524 14 11
395 107 38
177 225 66
341 58 27
314 517 35
329 21 72
538 304 56
558 70 53
78 313 12
54 455 60
99 205 45
316 260 46
480 134 27
374 502 57
81 499 60
417 528 21
521 250 65
516 440 6
554 200 12
9 45 68
141 105 73
167 207 1
173 101 51
9 173 3
429 565 51
359 437 63
146 127 34
267 421 57
346 486 32
105 406 5
107 555 14
384 89 57
126 104 69
59 370 65
319 154 63
94 46 14
245 312 7
72 497 34
487 291 20
31 269 68
484 489 73
256 37 2
314 302 39
14 181 57
469 502 19
454 338 38
66 20 64
426 358 20
370 60 38
120 513 7
359 51 68
19 217 36
197 364 72
456 200 38
75 403 60
236 52 40
13 229 49
536 358 54
50 77 52
286 465 75
281 58 58
37 396 50
204 174 70
37 437 49
269 513 18
326 118 26
542 455 75
306 55 25
43 436 17
72 82 1
571 530 64
342 255 23
352 32 17
406 93 1
219 502 41
194 364 7
333 313 21
477 239 60
487 38 49
109 144 2
139 62 18
129 428 65
234 487 71
151 28 34
177 366 63
261 476 19
385 485 25
497 503 29
116 331 8
527 379 44
545 269 38
459 168 65
248 323 65
381 540 6
38 8 69
509 556 72
24 527 36
5 184 16
109 367 38
226 370 5
564 281 29
87 314 69
345 32 64
416 321 48
16 519 61
402 335 46
236 266 67
297 563 22
25 534 39
56 429 53
225 208 16
527 556 73
25 304 11
101 216 69
103 409 74
449 277 14
351 277 43
387 203 55
315 50 14
450 473 41
174 476 13
103 240 24
227 32 17
228 85 64
374 244 13
170 178 6
474 267 1
561 404 61
307 55 50
362 514 41
116 285 48
503 441 64
493 48 5
134 464 32
402 275 50
357 393 47
378 259 45
90 365 31
388 25 32
411 97 17
116 348 4
496 514 4
137 435 66
560 274 10
422 509 74
436 333 16
376 218 64
453 306 47
390 130 16
257 157 41
425 52 38
516 257 39
286 398 6
486 250 49
352 373 12
56 501 21
504 473 37
519 410 22
436 516 27
291 454 72
316 192 33
116 564 62
101 210 41
68 400 44
342 290 26
313 71 50
502 312 5
33 18 62
563 395 55
58 61 49
162 204 52
486 82 10
277 530 56
303 236 42
163 182 64
63 255 11
493 154 23
378 350 59
101 303 49
285 123 37
91 85 46
33 233 53
337 112 7
454 540 31
224 5 22
558 312 24
28 139 58
256 561 43
155 466 29
100 343 36
471 355 8
410 243 11
331 538 56
34 50 17
153 526 19
9 424 17
377 208 22
32 247 63
573 503 11
3 408 39
383 541 48
122 292 45
30 242 5
319 25 61
286 126 60
416 161 58
64 41 65
355 255 16
493 184 17
13 489 63
273 387 14
291 241 35
123 416 52
118 141 56
463 480 36
491 253 18
247 413 45
389 225 28
449 391 61
43 195 9
532 380 27
336 499 37
261 502 40
345 155 40
45 551 10
386 496 34
362 91 3
301 344 34
286 437 35
7 446 48
439 132 60
273 82 42
174 165 19
194 214 18
459 484 18
502 167 17
323 115 9
550 43 55
396 145 21
76 113 50
454 297 33
555 486 59
359 155 75
525 409 16
45 148 6
562 55 35
31 545 8
384 477 37
207 277 31
325 281 41
353 314 62
62 511 40
523 187 34
25 407 2
306 431 74
374 556 53
204 437 62
364 393 24
547 229 18
569 299 62
153 527 3
555 487 73
40 566 2
209 416 48
39 241 58
207 122 72
204 501 48
23 99 72
39 186 9
132 396 41
355 323 14
288 298 50
349 226 55
332 261 74
98 374 74
306 547 19
40 159 43
565 568 15
178 120 57
236 115 16
26 39 26
264 270 24
465 112 74
572 198 52
141 311 23
488 64 20
500 348 68
68 300 32
307 223 29
483 146 53
442 481 57
168 351 27
264 371 12
293 482 35
567 79 21
93 32 70
372 19 24
498 359 75
374 100 27
562 15 67
72 199 72
30 21 72
449 206 42
326 117 32
119 39 63
301 392 44
472 209 25
443 245 38
432 66 65
208 265 73
370 415 44
449 492 74
60 459 53
161 573 16
96 200 5
569 282 33
460 9 2
112 350 42
314 488 24
67 511 32
570 5 37
571 358 14
443 312 46
424 133 26
208 468 44
203 498 3
549 511 16
12 465 8
573 391 61
523 365 41
26 261 40
321 249 30
289 170 58
547 489 64
535 139 10
58 346 54
252 332 58
21 150 62
161 309 22
83 371 40
358 395 50
35 240 30
67 572 58
229 161 46
252 215 18
343 188 50
366 418 24
491 205 16
186 150 37
522 392 18
539 276 60
114 144 17
509 42 7
525 449 11
105 68 53
9 29 55
261 281 48
61 456 30
155 39 56
504 61 35
97 468 3
133 14 37
430 271 49
448 369 5
376 290 22
197 423 41
146 339 68
69 369 31
519 205 36
482 524 19
266 308 1
544 285 30
447 362 30
287 295 41
172 366 34
348 21 66
226 369 54
200 376 7
540 153 32
67 564 70
357 188 36
95 347 3
91 252 43
44 396 20
520 176 67
192 467 8
114 427 35
402 185 23
183 364 38
323 424 6
198 405 13
346 559 27
49 530 13
314 521 45
319 308 42
437 488 36
380 536 40
77 90 16
365 158 64
155 204 4
18 405 11
89 219 18
268 465 3
429 15 73
374 378 75
215 352 75
346 449 15
560 402 65
194 288 28
572 285 6
382 307 43
362 24 3
82 483 28
398 121 6
3 391 42
80 358 29
472 41 65
312 558 13
216 272 21
227 549 57
554 184 53
247 453 35
303 89 42
123 1 36
74 69 28
334 48 33
96 550 68
167 240 73
62 7 7
322 510 6
86 16 51
394 358 68
338 376 66
534 507 49
369 415 19
277 281 52
524 539 1
420 309 2
339 40 72
61 388 53
546 211 29
200 16 74
249 227 40
260 216 60
226 419 74
232 506 10
23 209 11
528 465 63
343 50 8
432 487 49
137 58 32
282 320 65
134 361 44
209 72 63
502 470 35
358 431 74
95 406 5
366 309 50
243 259 69
6 293 70
247 265 2
240 123 41
161 15 1
475 372 72
312 158 16
348 42 29
301 329 25
540 551 28
90 60 24
375 167 37
421 467 14
