248 3512 978 232
51876 280775 567306 783723 492045 801208 236011 604824 855663 410456 318127 190384 219444 838489 607520 706205 438181 757328 399879 676697 397826 440160 308197 152470 482191 148587 463282 782045 102297 12836 191278 717385 156891 652122 334237 998994 479791 149889 849831 798080 448348 968587 49236 927895 896493 643562 876544 375911 724583 286917 699632 584312 148987 711834 978436 227645 465362 976891 817944 516154 621942 370218 877740 854075 3267 410599 987205 317160 131948 45612 463614 206796 586472 562079 236892 496402 188655 476930 412480 8125 302059 291848 15884 233497 664439 502355 451396 251422 263440 358681 600549 583813 433491 295036 856794 278569 905471 533106 171201 652354 812963 932358 856176 209479 464855 877531 467715 491786 550948 302374 604971 812822 306731 471522 344696 249962 345161 474527 579420 730272 693291 546353 12536 212004 969801 609982 658996 695350 386603 72052 420105 498247 625214 538210 126409 71245 570242 830093 736379 469929 173114 721304 143115 16492 825726 840602 350153 728575 820734 415191 248985 268096 672069 133019 905081 723728 332395 28783 535133 17919 823971 53579 957422 309228 837806 759383 488233 210078 491560 281771 417314 722519 60517 760505 240768 696990 608863 22348 101552 396438 702032 649208 61810 570645 411555 539377 179067 888454 482576 137865 648783 922029 478027 900953 140262 409431 870341 177663 308741 854048 862483 715579 367041 587068 113869 282069 288353 954331 931340 558486 619779 996213 207150 111694 919900 182096 541782 496025 994339 306101 531923 546464 622851 343469 302771 441230 618685 851515 153514 581435 124835 308410 834053 224462 863935 473182 984589 446634 648834 467294 277322 217903 117872 360906 603936 159062 93552 410766
52 106 156
196 94 178
102 75 127
63 58 14
31 69 181
44 27 1
244 120 129
23 237 183
35 105 24
72 22 47
98 51 1
71 75 89
32 184 31
138 62 101
53 159 119
192 176 188
239 144 98
188 222 92
69 206 162
71 33 107
124 132 82
121 174 80
231 16 5
67 117 51
102 68 11
122 183 128
116 236 167
121 128 77
52 64 93
234 6 151
211 197 44
66 27 104
165 28 87
98 166 33
10 166 45
19 17 57
17 12 116
92 23 104
206 184 37
214 220 75
220 196 102
157 61 72
33 9 154
110 78 145
204 204 133
25 115 97
90 155 16
98 4 45
13 32 64
31 3 127
1 112 81
120 68 116
52 179 159
57 109 96
187 6 28
146 121 12
61 98 139
216 180 89
141 122 45
99 10 1
173 77 195
53 79 128
62 158 161
123 221 148
170 71 102
202 57 22
172 26 102
178 165 45
221 83 1
162 221 55
232 172 23
138 67 119
83 60 188
47 117 14
31 137 11
127 49 111
46 162 34
212 238 60
197 188 82
246 55 195
153 171 88
81 33 171
198 129 168
160 232 37
179 96 161
160 33 167
194 225 147
157 119 127
190 154 7
142 64 28
25 60 89
36 81 38
155 183 98
8 148 90
205 182 153
204 183 67
154 82 37
108 193 137
2 184 101
76 86 33
142 125 123
181 178 7
236 81 90
181 70 47
185 147 153
79 170 107
141 192 4
168 100 48
68 60 111
233 182 81
108 239 32
63 183 115
144 111 114
45 99 145
28 209 183
184 44 40
96 23 132
42 179 187
225 94 88
237 10 141
7 40 36
208 200 177
245 28 28
107 157 86
151 2 88
206 82 53
233 83 143
154 58 64
242 34 191
77 243 130
63 69 17
86 139 55
185 222 133
48 167 142
6 12 65
233 247 154
87 5 13
96 123 168
57 179 152
204 87 191
246 228 45
112 178 96
62 159 118
102 158 115
50 145 76
165 128 19
224 87 23
224 230 61
224 136 71
28 108 32
88 59 2
245 240 17
117 243 20
215 168 167
226 244 36
222 63 157
204 66 181
41 168 1
19 52 177
75 91 4
128 64 75
222 20 73
27 2 60
23 200 60
47 201 113
91 61 195
208 180 71
205 63 80
87 94 175
222 200 68
206 214 121
134 138 58
122 36 128
148 33 55
1 237 177
140 224 53
141 54 177
47 46 176
209 50 157
196 29 169
5 234 155
148 29 137
30 37 130
69 247 27
117 169 126
232 53 69
119 189 29
50 169 89
218 70 42
99 136 129
109 243 61
184 198 191
41 109 167
49 215 46
37 92 195
67 13 10
156 132 111
68 161 98
152 189 123
199 98 152
181 111 78
239 144 51
184 229 186
221 54 165
86 101 35
185 62 135
230 97 101
28 185 178
221 174 50
243 4 68
29 161 20
4 143 82
101 70 174
88 82 77
161 232 43
58 103 82
243 59 120
19 215 36
113 27 67
185 159 192
164 79 136
37 119 1
91 51 124
182 189 127
190 186 48
75 7 166
33 195 151
22 124 178
238 233 49
42 164 130
54 209 154
22 129 167
110 83 107
89 169 51
160 65 191
81 147 90
236 51 74
71 201 84
28 138 122
204 17 75
183 65 20
95 228 17
1 119 40
81 32 62
178 106 190
83 95 164
201 156 2
70 165 87
32 117 164
51 181 80
190 48 81
206 83 75
201 135 150
123 209 94
8 117 35
83 244 103
224 124 131
155 85 57
216 244 150
151 201 67
73 200 10
205 241 37
79 200 163
5 46 25
221 22 156
136 10 83
172 47 34
80 76 45
55 246 152
245 40 23
58 167 160
61 201 30
118 212 168
79 58 34
217 94 32
118 142 136
140 118 56
63 44 177
221 174 95
150 246 109
204 234 106
169 130 53
104 217 95
133 162 64
187 132 59
79 196 77
60 79 48
172 195 45
113 176 55
197 14 165
89 149 134
225 137 85
233 180 17
155 138 144
18 81 7
13 86 101
48 74 116
203 183 48
120 76 181
22 38 43
217 147 36
193 61 115
125 63 161
223 100 23
6 203 178
176 172 106
141 165 130
246 142 40
45 185 46
91 192 176
148 136 180
130 194 132
153 23 58
147 109 148
28 133 193
129 157 138
200 60 34
174 236 144
62 226 160
175 96 53
85 157 74
102 8 14
115 154 5
91 28 40
240 14 54
25 189 185
105 61 134
146 166 129
207 215 94
92 185 174
93 126 157
130 174 98
184 161 126
149 69 165
194 27 10
13 118 128
220 159 80
199 197 58
61 153 61
105 209 161
201 30 89
245 186 47
84 96 87
148 12 76
91 203 173
13 171 187
222 57 109
242 236 166
2 76 191
39 179 109
227 144 101
12 188 18
197 180 121
122 162 92
130 172 26
224 207 149
198 121 134
198 190 115
49 128 66
235 205 116
141 212 74
175 108 16
234 112 118
68 152 162
63 202 100
201 72 183
54 165 115
173 170 53
163 79 119
181 34 6
62 226 13
239 89 58
240 229 44
198 35 98
28 10 90
70 189 157
213 233 128
71 141 94
240 132 100
192 223 49
189 16 157
83 207 73
3 154 7
19 44 136
64 172 102
93 77 68
4 208 22
11 171 128
167 62 174
158 5 112
166 19 182
211 174 120
26 165 176
77 208 118
104 240 127
4 174 25
38 122 46
34 221 29
196 56 84
87 108 143
131 236 135
238 173 158
136 189 46
100 122 50
223 42 194
56 117 12
247 214 178
69 179 26
46 21 106
50 43 76
227 179 168
21 245 3
179 91 114
87 207 158
49 222 114
180 7 155
171 231 41
32 166 157
64 205 194
166 60 15
169 176 194
232 90 129
73 41 115
160 158 84
121 229 152
104 124 152
164 242 115
156 11 20
54 170 57
53 74 34
66 233 113
151 9 107
131 25 132
201 195 28
161 27 180
12 184 168
15 61 98
233 63 48
130 45 161
189 134 94
150 94 69
170 105 91
52 95 93
134 30 45
244 183 84
116 41 19
225 124 96
212 205 55
94 77 39
54 67 102
244 74 192
8 91 47
189 61 118
4 75 132
166 197 126
154 159 44
232 224 129
205 203 74
57 205 73
222 223 123
38 205 158
69 103 70
51 29 44
217 183 127
145 51 165
144 206 87
147 126 156
202 142 133
194 21 153
156 97 101
68 152 109
3 143 69
10 24 85
228 154 25
91 19 57
9 168 37
243 129 60
98 236 95
8 225 79
68 164 139
196 68 192
34 212 25
123 107 144
155 174 24
111 114 7
128 165 31
112 96 31
184 178 103
104 226 87
74 115 72
57 176 75
56 211 117
147 77 93
6 225 42
171 162 110
216 30 128
178 100 30
42 106 192
152 186 41
28 197 148
99 142 129
236 93 101
215 57 26
17 231 117
137 75 83
221 62 120
238 245 147
151 22 76
202 93 149
47 233 195
102 86 28
14 94 143
85 116 163
108 111 136
197 186 144
104 162 150
136 165 121
215 166 29
205 71 193
74 189 165
166 195 142
214 198 61
211 101 92
178 72 51
142 85 125
127 166 8
194 131 57
175 116 39
246 227 27
65 225 127
239 83 194
242 226 188
20 152 76
33 44 93
100 83 58
88 114 30
118 81 78
71 77 187
81 147 157
214 16 99
96 98 192
92 146 171
113 21 17
70 218 78
102 82 9
132 184 146
132 208 169
158 21 94
226 122 65
248 201 22
217 108 78
190 91 10
181 22 170
131 9 138
248 4 87
5 235 22
112 17 106
146 21 115
161 16 189
93 19 168
56 221 159
90 165 154
42 160 195
119 22 63
209 4 181
81 227 182
53 88 17
123 86 7
10 142 45
61 38 56
40 91 53
14 215 25
225 2 173
22 204 159
136 94 133
166 106 105
22 51 189
59 151 171
177 44 189
231 167 32
185 48 98
103 192 2
174 224 96
86 15 125
15 232 49
125 64 112
48 175 26
234 224 9
44 243 117
39 69 60
148 87 124
223 113 129
49 217 171
210 69 96
34 6 142
169 153 142
124 135 183
236 18 174
189 179 67
145 156 20
26 57 120
188 18 159
180 36 141
50 23 7
138 189 93
74 147 106
176 3 15
10 237 46
190 2 143
123 135 188
193 19 155
200 213 63
237 164 41
103 54 113
59 199 96
3 64 125
238 206 37
119 221 177
190 224 115
5 82 73
121 32 127
73 169 10
102 213 46
89 42 2
88 176 56
99 100 60
28 164 149
65 36 90
226 95 63
34 25 70
42 24 60
170 241 61
234 22 147
96 68 179
219 17 58
62 195 62
114 222 99
66 23 49
5 21 189
45 72 22
206 226 60
86 1 107
36 232 137
181 134 137
176 173 129
151 112 186
162 150 139
109 119 182
222 150 161
20 32 97
22 121 77
46 132 180
171 218 87
88 64 33
132 16 146
238 111 191
149 27 184
204 28 91
213 15 51
134 71 31
146 153 127
31 74 178
202 128 19
232 232 18
29 19 195
138 170 81
39 205 125
226 23 61
59 70 119
79 135 40
95 154 24
178 114 40
180 224 111
14 141 152
73 101 94
129 128 63
216 101 182
179 221 42
67 74 82
14 241 64
220 241 102
103 112 170
95 76 96
31 241 77
44 198 30
90 165 95
145 181 37
121 24 16
82 243 155
215 114 156
235 66 83
72 71 7
76 82 103
221 51 56
89 241 145
17 178 140
71 85 108
77 23 185
50 111 118
43 162 136
93 171 65
171 103 26
242 217 173
209 31 124
210 196 37
239 161 75
78 208 147
103 177 122
184 65 64
63 95 27
170 181 180
222 36 169
227 176 82
237 53 53
73 191 71
109 204 145
140 99 18
31 227 195
156 112 143
51 219 97
182 77 60
134 26 161
58 115 32
161 47 101
243 212 95
112 64 71
96 12 168
38 236 20
186 51 104
176 183 72
44 2 34
195 159 80
235 163 30
10 238 57
112 92 126
74 92 97
26 9 178
91 88 41
48 226 101
74 96 94
42 223 108
86 168 73
52 102 46
183 213 152
19 78 77
100 118 185
10 104 74
204 32 43
85 238 102
164 111 65
138 140 49
56 174 96
133 66 13
246 86 6
244 141 132
71 61 62
34 8 173
140 6 145
109 73 75
93 120 192
155 110 145
227 35 164
48 64 64
177 30 155
79 66 112
6 60 93
183 40 4
199 49 17
25 221 24
73 151 143
244 229 69
179 176 176
88 74 51
184 117 181
84 207 184
207 194 161
54 192 186
195 93 123
65 54 45
46 142 45
10 43 3
239 76 171
50 186 195
177 185 146
143 195 8
82 140 57
6 95 7
182 158 97
97 198 87
12 174 49
166 102 114
193 3 169
181 117 85
179 221 63
156 65 163
55 224 190
91 192 84
213 154 39
78 232 72
83 189 115
6 57 99
91 96 33
209 150 179
135 184 116
35 109 145
73 161 100
62 180 150
154 54 16
247 49 24
129 230 67
224 95 182
132 36 25
12 240 7
110 96 28
135 205 146
170 242 140
153 103 62
46 137 59
95 115 182
149 136 195
46 106 112
204 109 150
141 51 88
226 203 71
24 62 8
84 68 53
13 193 6
191 39 152
1 185 52
234 241 172
184 237 26
38 126 184
135 9 183
99 142 13
3 64 12
120 63 110
242 80 104
50 147 112
89 139 60
80 58 133
214 248 14
239 75 35
241 2 173
126 33 168
161 220 47
159 239 53
22 168 123
157 132 108
7 222 158
242 125 117
135 43 57
177 75 193
20 171 104
201 232 56
9 85 33
8 217 98
226 65 46
27 40 49
69 151 127
89 74 127
26 79 14
180 191 146
208 168 145
151 38 95
32 195 75
126 156 150
84 229 76
71 173 53
164 51 161
26 182 31
181 162 119
112 238 117
117 48 6
36 222 30
119 24 37
107 58 115
222 88 60
92 211 106
207 181 42
234 168 70
67 8 27
155 140 178
15 103 93
43 142 122
32 147 14
211 155 12
85 241 122
179 194 66
166 59 175
176 224 18
57 219 62
233 96 105
95 4 131
226 3 59
126 89 163
70 138 143
131 114 10
20 32 1
244 4 69
145 237 131
201 168 90
182 63 7
228 209 117
61 160 92
93 147 38
144 33 62
136 67 59
189 93 103
61 111 38
227 78 127
131 36 166
3 56 35
190 193 65
169 60 90
49 245 67
15 13 164
27 112 147
86 243 8
12 162 183
66 94 120
106 54 117
197 99 1
190 145 173
130 107 51
215 25 90
225 202 1
156 197 78
3 88 150
124 113 20
167 54 73
147 225 70
160 109 33
20 225 98
139 12 69
209 127 40
135 98 114
220 16 13
185 103 194
158 143 114
174 60 188
151 150 2
149 52 169
84 161 31
212 166 117
64 205 28
167 89 118
79 237 114
45 79 91
196 33 109
158 81 27
164 106 160
123 40 158
147 222 21
25 39 133
59 155 16
237 156 63
28 201 164
235 199 67
175 133 83
89 115 8
158 20 72
87 137 99
8 52 128
115 52 155
206 145 80
52 31 57
25 111 36
36 55 132
105 16 88
144 92 15
214 216 68
195 49 167
231 65 124
50 171 152
234 163 99
84 118 67
60 239 77
84 7 31
73 38 154
42 45 141
240 51 111
89 28 158
223 94 13
193 229 187
212 54 141
103 101 187
224 36 104
143 133 76
146 19 176
134 183 126
168 225 81
221 15 88
221 214 112
95 106 190
234 102 120
56 216 50
40 84 1
157 8 91
73 152 111
163 155 97
36 101 97
216 145 180
126 75 159
79 241 33
44 132 139
199 227 4
71 213 135
118 65 36
17 142 165
200 20 140
49 11 29
10 136 167
36 96 138
227 144 93
19 233 154
92 150 143
85 152 125
88 176 125
159 15 99
215 169 129
123 151 14
238 242 37
248 80 156
68 155 24
227 244 77
148 226 96
59 51 22
181 76 60
24 131 146
218 192 91
239 30 11
119 76 27
5 65 29
133 152 129
105 222 126
53 139 149
175 195 79
30 231 161
72 143 92
49 48 142
205 213 64
192 172 15
237 233 149
182 128 133
41 50 132
50 168 180
70 231 53
224 210 173
93 191 4
79 141 100
166 117 12
163 20 168
209 135 107
207 79 117
165 43 110
207 238 133
105 70 170
21 96 4
174 57 66
103 116 114
18 185 51
65 234 11
12 233 137
161 186 194
98 113 37
31 99 108
40 120 72
150 228 183
20 8 190
37 230 94
99 246 124
152 4 34
235 211 139
193 62 10
140 95 12
79 37 154
168 60 112
129 82 121
196 103 102
73 238 186
25 121 165
49 229 12
138 87 131
184 211 153
187 95 30
135 224 71
121 117 62
10 201 95
116 48 74
232 25 16
148 28 90
170 220 114
9 185 118
39 193 42
7 23 150
117 115 182
119 4 189
29 244 114
149 227 79
236 64 125
67 33 159
2 159 106
149 92 195
164 113 135
62 32 133
59 182 190
192 80 45
99 185 128
245 58 32
96 22 58
202 47 139
227 220 85
123 79 56
51 244 31
41 107 102
101 229 103
190 82 84
33 145 108
206 74 99
240 113 24
6 105 3
235 239 76
175 211 60
24 96 190
189 150 84
148 130 79
198 63 5
85 193 47
218 85 133
88 176 111
53 51 47
223 45 160
12 64 146
66 216 131
32 193 99
146 70 191
246 239 40
116 53 177
79 208 10
42 4 176
150 178 8
29 38 151
202 3 128
85 34 187
152 53 56
200 74 154
159 67 193
183 166 151
114 204 93
213 153 111
78 217 33
131 185 16
179 214 101
198 155 89
125 207 179
74 58 27
156 117 148
228 9 1
91 211 191
21 20 67
97 165 57
87 46 109
199 184 5
106 217 63
167 9 150
37 156 8
179 134 189
193 11 41
95 115 66
227 109 140
19 203 57
60 85 188
168 201 126
48 90 176
63 13 62
48 75 38
66 109 104
169 72 83
105 74 78
166 90 44
240 137 132
150 181 60
114 222 59
164 186 42
7 100 17
9 21 157
248 105 25
34 49 140
161 217 141
238 140 89
44 171 83
166 223 149
132 145 161
120 160 97
33 107 131
79 179 124
186 78 104
127 110 78
108 145 165
209 110 11
187 157 148
205 96 47
203 183 154
94 165 185
154 72 67
239 133 33
23 220 77
66 147 176
208 80 17
107 166 46
19 181 158
58 177 112
16 5 10
114 165 48
198 8 160
177 236 159
96 112 116
34 221 37
215 30 16
118 145 164
55 142 88
81 116 92
123 137 13
177 118 36
200 118 139
181 188 177
54 138 99
154 202 57
157 180 112
119 17 98
2 248 110
50 44 61
233 212 22
235 139 72
234 60 180
226 153 173
106 94 42
131 132 58
36 85 191
52 106 104
44 64 84
155 223 37
211 139 26
161 6 67
129 112 28
14 47 29
130 68 2
37 84 113
47 248 161
100 230 152
231 154 50
110 113 65
175 15 133
65 9 14
222 80 105
113 19 194
23 176 16
95 40 119
139 26 175
190 25 156
191 129 11
74 57 46
146 46 95
229 209 88
65 47 136
121 57 24
221 198 38
173 142 31
135 6 45
231 161 26
218 114 47
56 213 136
232 59 53
77 221 191
58 153 157
245 133 130
59 206 156
118 216 101
218 112 100
209 137 45
74 83 130
166 117 92
156 195 85
238 242 29
202 174 193
196 48 19
221 90 172
26 240 85
121 188 9
136 228 144
181 239 190
123 51 101
52 72 86
241 248 177
49 27 55
170 92 99
42 189 152
180 97 77
37 201 159
232 17 154
11 136 37
79 176 51
237 32 90
134 194 82
48 185 28
87 51 28
5 65 113
248 92 193
122 176 153
196 212 7
16 188 42
7 41 70
197 108 131
86 33 179
76 40 81
162 63 117
119 78 42
76 72 9
111 223 122
68 25 162
78 52 13
10 244 183
150 239 85
34 211 59
224 94 153
106 191 158
41 109 163
10 30 69
49 1 90
127 107 18
161 226 158
61 23 90
1 216 27
148 149 16
1 184 129
10 123 105
20 50 63
146 166 9
65 170 161
153 179 37
145 78 113
123 27 63
6 87 67
205 95 13
221 123 48
58 129 183
20 210 173
179 218 92
131 142 81
147 155 182
172 19 164
127 11 91
30 6 6
182 239 159
44 160 58
32 165 87
31 241 174
188 248 70
104 206 157
202 237 102
64 188 108
50 141 161
29 237 164
35 106 86
220 115 10
48 46 106
139 128 162
62 228 9
17 221 102
151 81 79
218 210 191
201 213 192
122 242 68
16 63 6
173 237 181
101 146 175
76 190 151
166 60 33
88 9 100
146 109 147
186 138 40
73 41 186
164 92 195
185 80 19
244 201 138
22 43 142
78 58 41
135 141 71
219 126 165
1 106 14
175 60 135
112 143 123
80 45 24
228 40 137
49 203 23
112 179 62
71 179 142
129 174 45
36 78 150
164 132 25
129 75 87
81 113 135
116 44 161
215 206 143
90 19 137
172 199 81
227 10 185
177 234 193
58 115 80
248 179 45
137 207 178
27 133 28
239 36 187
57 164 7
6 201 112
212 34 90
165 92 120
91 151 28
166 7 92
93 66 118
228 23 139
229 244 121
154 65 129
193 207 47
153 117 190
188 60 195
24 98 135
127 29 95
155 162 75
187 40 13
84 58 184
61 247 180
189 76 110
25 224 119
109 219 108
1 102 50
182 84 120
155 211 165
45 68 26
63 158 154
133 98 18
171 235 192
204 19 158
182 81 162
179 40 114
241 91 11
143 96 129
26 215 131
175 143 60
209 143 178
247 60 50
6 170 89
236 28 153
178 33 147
63 56 53
89 207 53
29 19 1
28 112 40
59 232 194
160 7 19
222 144 140
205 28 129
174 201 42
213 83 124
153 156 162
172 230 54
42 64 160
146 81 125
29 73 186
243 32 135
28 25 185
212 204 30
232 191 168
108 136 90
49 167 25
78 176 36
161 33 151
129 110 105
222 83 74
169 135 122
147 73 111
3 2 90
177 225 184
141 23 189
11 143 150
191 143 33
148 85 75
10 241 62
32 76 149
72 141 110
33 8 83
96 202 13
220 59 22
145 183 92
222 129 84
240 123 10
225 149 62
160 149 133
71 114 16
14 18 38
232 169 53
175 166 159
216 93 26
213 222 139
116 104 31
20 183 149
128 41 192
138 170 125
131 115 191
114 157 161
85 167 188
80 166 68
122 210 63
156 97 62
208 113 140
66 123 52
121 49 143
74 129 12
63 231 156
246 158 28
239 147 153
186 69 176
137 90 118
107 216 121
174 16 29
67 85 191
187 75 124
130 158 149
240 87 176
54 51 81
241 199 24
173 239 84
242 185 176
18 123 71
107 211 53
102 194 93
12 31 35
152 7 117
25 178 180
115 144 153
148 202 168
156 63 2
7 140 182
240 184 89
29 50 72
33 177 75
191 33 156
103 59 114
179 23 61
52 85 142
164 55 101
135 231 168
211 114 69
225 197 139
13 210 174
45 28 14
238 81 55
229 25 73
125 50 149
123 19 87
117 185 158
99 223 168
140 194 27
216 200 109
19 27 90
21 3 23
125 153 51
169 109 187
194 3 61
50 57 101
222 150 37
133 87 135
157 120 184
61 76 33
153 243 12
48 248 9
105 10 70
247 41 50
163 24 50
186 71 97
211 42 125
187 65 27
181 145 177
40 170 174
173 7 31
219 102 52
54 93 142
24 3 60
224 44 192
90 126 177
237 99 141
147 196 62
133 58 115
142 106 185
45 143 124
99 240 97
207 92 45
139 34 187
207 59 169
119 190 81
75 40 11
26 206 115
176 199 104
136 56 141
213 102 177
23 58 180
197 16 45
242 204 194
87 121 2
114 163 1
101 207 107
56 246 40
212 43 87
69 142 66
144 12 88
179 77 66
6 80 32
10 175 13
35 142 195
38 245 128
145 142 65
49 112 134
110 114 10
240 90 66
162 148 49
125 242 71
106 139 91
230 173 192
88 118 38
43 106 63
154 149 165
232 198 34
38 198 68
47 94 37
169 236 32
142 142 30
25 196 92
219 61 100
141 232 97
247 102 28
190 47 118
115 59 103
136 10 131
91 160 181
122 145 50
14 153 33
82 38 142
122 203 131
9 30 176
150 49 144
162 130 78
240 12 117
72 42 49
121 159 16
186 167 72
38 227 11
91 180 70
198 19 55
51 34 154
110 80 7
190 159 109
152 128 129
75 124 146
126 156 194
60 24 181
84 20 98
167 196 37
172 111 83
186 71 11
121 124 87
103 242 30
166 19 179
169 8 177
194 197 71
12 76 70
54 74 147
202 20 40
80 100 127
242 111 185
241 229 33
203 45 178
115 57 114
77 211 172
49 240 147
240 101 95
190 63 150
149 147 160
226 37 119
97 78 104
177 39 100
36 138 150
203 142 44
197 83 56
248 228 195
194 244 51
157 35 72
69 89 191
131 157 174
102 245 2
65 137 134
200 66 60
66 227 149
119 9 104
188 179 182
242 60 39
196 118 85
46 35 44
89 8 148
55 150 31
143 112 61
167 118 167
52 159 85
179 90 15
142 16 140
70 167 78
210 192 98
227 190 185
129 222 153
120 45 12
77 101 140
71 81 101
66 238 154
165 182 77
244 76 105
244 69 77
148 215 131
14 91 113
117 91 169
21 154 84
166 103 49
238 153 133
231 187 53
18 4 182
8 220 176
83 51 8
218 175 187
240 195 18
84 1 46
95 58 175
151 214 194
49 67 15
96 47 166
177 91 5
65 133 20
114 27 30
128 22 15
230 66 34
234 168 100
86 110 130
6 119 78
192 35 23
101 101 137
129 161 194
66 220 110
9 248 4
168 47 100
148 127 34
160 10 133
67 228 31
116 138 38
239 187 40
50 92 15
206 65 177
88 35 104
241 5 54
13 122 126
43 167 141
47 237 166
194 140 195
77 85 72
161 149 76
24 170 112
194 198 27
130 236 66
49 78 131
105 164 142
63 214 72
6 114 142
173 115 135
142 208 18
234 108 40
131 195 123
246 155 95
64 241 177
123 105 111
86 39 81
172 17 189
7 55 72
2 104 54
97 136 48
36 181 19
169 102 121
226 113 149
152 118 117
236 90 134
219 228 83
206 16 20
132 137 121
247 45 179
158 239 58
35 77 117
112 97 129
190 215 182
89 2 152
226 172 143
195 49 125
7 81 57
26 136 185
225 25 25
34 241 72
125 210 175
239 84 20
242 143 177
177 212 53
233 97 92
8 13 113
195 120 43
207 42 86
212 139 27
2 113 130
216 93 123
118 216 24
28 197 131
152 3 42
138 95 105
149 122 179
180 100 27
112 88 11
216 149 79
146 160 174
246 94 186
133 147 5
37 191 182
151 16 80
225 28 98
10 117 10
76 214 178
17 120 17
7 147 65
117 138 36
208 40 31
70 93 137
234 185 84
164 8 167
123 25 135
129 56 12
165 172 112
103 37 119
195 80 190
109 199 95
4 245 157
219 178 187
67 246 170
212 14 14
135 72 108
27 99 95
58 162 160
9 205 19
78 154 92
180 7 63
201 8 158
72 177 94
141 208 74
212 180 78
113 125 112
224 78 24
50 205 187
7 129 12
55 134 74
140 210 60
7 56 31
29 206 1
99 44 107
175 100 182
224 244 132
242 2 165
49 97 74
167 109 6
224 90 47
162 177 28
40 28 94
66 99 101
201 134 29
100 176 120
248 93 151
205 27 173
242 173 119
115 127 59
39 75 88
11 110 102
92 28 89
45 87 57
134 170 89
186 127 114
174 16 45
220 2 162
228 209 43
34 226 165
136 66 128
99 144 76
168 242 45
50 210 60
33 44 139
24 11 189
48 220 121
224 31 101
104 46 42
217 91 47
136 112 158
226 5 91
10 36 38
134 118 88
110 49 93
87 203 26
60 74 195
11 220 69
246 151 142
59 28 26
17 89 8
11 29 192
106 138 144
97 113 93
220 243 193
18 51 142
222 243 165
27 178 17
211 218 64
79 46 102
44 93 58
86 204 178
68 17 85
80 91 93
116 24 51
235 57 124
227 85 123
164 57 31
183 190 126
31 33 55
205 68 142
57 13 159
35 248 98
24 187 66
190 85 123
103 234 57
129 217 116
19 214 58
221 52 187
50 231 19
41 193 5
220 94 139
10 116 127
124 97 184
13 73 54
116 49 171
43 231 181
93 147 39
166 207 25
7 228 184
47 157 108
107 219 49
219 182 92
160 189 16
128 176 6
41 205 57
135 94 45
28 139 6
30 123 96
165 116 175
105 213 109
170 153 30
195 58 181
176 127 116
82 141 7
197 231 108
237 8 185
133 214 24
171 170 46
2 127 184
156 126 108
151 236 21
94 69 150
18 75 85
177 115 181
157 31 105
3 136 14
224 149 47
71 117 173
74 239 5
116 72 41
158 230 105
54 215 142
41 109 41
150 100 67
154 16 190
127 179 149
135 111 161
6 217 138
155 91 78
79 213 195
159 163 10
106 156 58
196 8 71
14 165 181
60 199 75
146 231 76
71 56 135
136 223 143
230 226 151
235 165 163
60 196 178
164 187 110
109 100 19
102 8 31
114 189 23
175 92 52
70 63 152
30 181 77
105 187 93
74 183 38
28 240 38
6 107 127
84 54 146
123 41 131
163 167 17
247 236 81
168 153 68
234 245 23
39 174 191
67 36 21
110 153 131
4 228 179
192 233 179
34 6 36
149 82 99
86 232 1
66 12 84
17 34 13
168 178 15
243 77 9
180 104 32
188 195 35
99 159 16
34 16 23
233 51 171
132 31 35
213 172 15
32 73 187
50 179 107
137 221 49
67 56 138
127 203 11
107 203 128
216 117 1
22 221 185
202 151 5
141 232 13
158 200 130
212 140 54
232 183 38
22 135 91
144 181 33
177 229 158
239 54 8
89 56 1
8 126 84
160 34 188
118 144 6
102 61 126
107 110 44
88 70 89
235 152 140
176 26 173
165 118 16
100 179 13
123 4 45
143 43 179
148 109 51
164 241 14
225 93 140
156 188 182
201 168 1
167 203 122
24 242 140
15 152 65
233 137 23
237 108 103
217 186 76
160 102 165
95 85 3
15 130 20
40 127 64
167 27 48
238 98 94
240 154 50
98 103 32
48 57 67
135 193 76
170 106 67
82 142 44
222 164 190
122 89 40
122 94 32
210 4 4
9 62 115
92 12 145
50 144 122
1 94 71
84 165 103
58 241 188
100 114 176
223 106 74
28 181 58
95 41 130
206 173 78
191 99 129
185 57 139
22 59 94
150 195 73
18 205 41
76 109 58
42 191 95
11 150 51
236 15 127
184 236 13
117 203 148
176 192 73
48 146 41
92 52 13
208 84 179
122 102 8
207 80 115
44 19 168
139 217 97
186 134 17
112 10 147
9 100 187
17 183 129
161 168 41
229 214 109
29 155 122
169 158 160
229 158 101
73 147 18
17 236 175
17 231 89
207 187 98
125 186 160
43 106 123
155 143 27
186 42 167
50 86 78
8 208 56
211 164 141
159 123 152
202 40 118
106 225 62
31 215 195
58 208 161
208 213 82
218 126 164
12 15 112
7 47 114
116 6 90
136 34 123
39 183 48
44 82 52
96 131 71
15 18 69
222 49 160
115 212 90
122 150 1
244 165 194
245 143 46
126 118 133
224 24 142
33 225 130
130 212 34
106 186 17
200 23 113
67 107 169
221 117 38
26 234 26
129 197 14
142 167 110
61 222 188
134 155 157
58 195 67
56 18 97
96 203 56
27 130 129
51 134 92
48 58 183
23 126 193
242 3 98
214 59 171
239 228 1
133 154 131
31 240 129
57 242 185
215 20 44
76 33 10
62 34 1
185 197 70
229 213 176
243 241 188
170 173 195
33 153 79
129 34 173
134 93 153
207 103 92
65 100 28
178 184 188
34 132 90
202 113 40
58 242 159
181 32 182
229 111 142
94 58 26
8 155 183
126 177 193
242 32 153
27 137 147
232 172 115
239 162 179
130 166 131
184 48 85
149 35 30
189 176 188
44 236 114
24 172 64
84 218 60
54 77 55
83 120 90
19 152 54
202 37 166
134 247 174
211 158 115
173 91 12
193 199 49
147 85 73
90 195 176
112 40 50
166 99 152
237 213 3
165 35 185
130 231 147
209 187 23
161 55 27
54 230 118
210 101 28
119 180 62
52 91 5
223 17 92
101 19 93
139 201 70
223 231 23
242 197 64
3 63 185
126 157 9
17 190 9
226 241 15
74 96 151
157 222 183
43 104 165
126 206 128
180 32 28
60 54 21
248 215 85
169 206 18
58 187 177
100 152 90
95 225 89
130 218 83
244 226 105
217 207 177
15 56 27
154 81 108
18 53 54
87 134 80
170 152 16
62 165 81
65 19 45
225 127 46
20 23 163
247 234 70
122 248 108
211 165 91
218 64 112
7 155 59
152 130 56
145 240 31
185 37 124
195 68 175
241 40 4
202 92 69
222 221 133
195 163 102
86 96 18
26 176 85
32 197 160
165 169 124
83 97 2
162 88 122
9 196 138
53 97 9
155 132 178
129 25 108
224 35 107
111 227 42
61 149 36
147 10 177
154 241 172
20 54 63
100 182 62
5 99 154
154 205 10
67 91 178
247 15 47
76 25 125
170 235 163
178 32 50
100 137 103
31 244 50
139 74 102
231 80 102
39 114 65
60 189 108
173 153 56
49 87 34
104 90 175
143 116 12
165 198 144
218 86 120
68 83 60
69 236 120
170 17 75
198 236 62
161 88 175
181 162 185
38 137 153
234 211 189
136 174 2
221 33 43
147 206 22
126 185 123
81 77 163
139 157 177
30 193 178
211 198 107
225 175 135
28 227 175
196 44 130
93 142 93
10 226 193
179 154 15
144 210 179
168 8 123
27 96 19
166 62 75
167 43 195
136 235 103
138 222 92
106 41 121
52 83 95
13 151 5
29 27 163
195 246 108
208 67 97
86 192 175
129 111 117
217 43 157
22 4 195
93 148 95
175 115 70
221 190 122
26 141 4
181 128 33
146 49 55
4 131 77
223 114 53
199 196 137
25 41 119
58 205 94
190 101 168
228 88 128
135 159 85
86 74 171
66 104 120
152 52 19
58 188 139
110 16 18
7 187 141
195 247 171
17 120 98
151 176 69
232 140 136
107 214 156
18 166 154
187 27 42
204 133 169
4 49 129
223 101 165
7 78 170
85 162 131
41 46 183
248 189 94
182 124 5
42 91 108
7 38 87
131 53 153
39 62 12
209 132 108
242 49 8
135 50 15
148 123 109
59 29 70
213 124 2
209 22 147
13 141 190
140 64 104
124 25 146
15 188 11
132 226 111
238 18 191
15 56 41
150 243 184
159 90 29
133 148 83
34 159 25
44 60 12
213 145 150
110 139 8
6 143 113
209 242 28
159 125 64
201 195 140
244 25 170
228 160 11
154 218 190
122 238 27
195 184 20
119 157 127
104 177 70
2 81 145
184 168 174
156 10 126
92 10 183
105 118 122
20 50 19
8 241 125
247 31 65
163 212 142
198 210 151
28 21 38
209 190 70
128 129 109
95 105 165
191 101 93
61 174 184
199 169 132
16 179 67
192 138 81
217 143 172
243 89 1
133 242 126
64 107 62
190 21 148
178 68 84
27 9 97
242 37 159
247 100 22
128 183 144
73 13 5
71 75 128
149 136 105
90 103 51
110 122 93
197 175 49
161 185 87
156 143 24
203 94 4
160 127 93
219 219 23
175 171 131
118 57 94
245 160 68
81 49 93
43 127 164
144 3 161
14 47 134
244 194 113
110 107 77
154 50 157
91 109 71
149 122 47
45 57 137
190 190 7
151 24 83
246 6 137
17 154 59
109 189 179
1 81 124
244 44 192
146 228 109
140 113 90
197 87 111
173 82 93
245 182 151
28 215 97
196 163 73
240 199 185
241 92 19
53 168 142
83 162 32
6 248 77
14 239 147
54 2 90
102 48 4
151 43 162
108 78 18
62 88 86
214 145 5
63 238 102
213 247 132
246 41 119
96 141 66
115 51 132
175 140 193
135 66 106
11 56 63
66 44 47
187 98 115
62 85 127
192 108 173
218 84 56
83 19 93
207 201 164
216 103 137
52 228 13
133 31 57
182 128 106
12 210 84
150 48 106
80 245 158
157 141 130
48 112 168
180 53 39
165 112 176
185 133 100
97 232 162
66 153 156
50 5 66
88 236 35
23 166 182
245 172 19
214 42 13
96 62 50
130 214 95
182 219 137
99 82 164
218 28 146
17 82 96
62 151 27
179 123 191
110 230 161
12 168 111
78 238 73
3 145 186
45 195 117
194 9 37
61 2 112
54 59 114
244 231 123
242 139 107
163 212 160
71 60 189
237 38 181
97 208 104
149 69 144
103 226 156
114 69 139
158 75 45
144 64 188
242 226 54
134 66 149
194 130 141
162 70 71
91 172 186
132 111 1
159 162 131
219 45 180
113 95 128
169 174 179
81 155 80
85 141 100
116 129 105
101 206 138
98 151 102
63 127 125
11 145 188
103 169 125
173 44 130
99 177 28
206 23 150
219 188 10
127 172 101
54 110 165
184 209 126
82 154 122
95 185 176
142 197 155
223 185 160
174 64 170
38 120 192
144 193 23
112 85 163
224 238 123
126 108 51
8 84 52
7 199 167
75 34 29
244 96 84
196 117 129
236 146 128
26 237 42
235 222 61
10 222 149
28 124 41
24 35 54
168 87 128
241 204 126
152 210 85
177 100 176
46 37 25
64 126 168
147 188 124
125 110 37
144 31 24
192 184 92
213 76 176
194 24 177
166 108 50
189 118 145
17 121 82
108 2 74
225 152 195
202 72 85
70 23 149
238 61 43
220 248 105
153 172 195
50 97 163
45 40 7
155 169 135
21 234 49
143 106 45
56 174 154
159 112 140
145 130 124
225 210 20
51 182 122
78 221 81
80 217 169
210 9 103
229 51 194
91 81 4
85 77 61
14 174 122
99 167 70
2 225 146
211 3 28
58 203 27
55 35 27
202 167 167
114 137 13
175 96 155
62 115 67
247 215 6
31 127 160
176 116 136
64 165 184
24 40 34
34 10 94
216 160 137
89 157 172
157 49 171
197 25 9
142 18 90
125 13 77
68 139 108
221 180 65
96 38 154
30 40 64
88 71 27
69 50 65
134 147 72
104 48 185
64 119 51
121 14 31
248 100 97
241 76 34
164 88 107
190 16 164
144 130 40
206 131 110
65 137 123
63 89 192
227 139 184
17 92 47
193 18 115
125 67 154
224 96 161
187 158 150
208 110 186
83 193 91
157 43 128
248 33 194
135 29 67
208 67 39
197 38 120
172 20 45
131 28 46
181 185 138
150 26 150
192 176 51
240 67 156
182 223 189
45 215 148
156 204 128
40 129 191
67 248 123
4 104 159
176 189 142
16 185 153
52 66 11
12 23 167
176 49 18
44 65 97
177 111 110
218 73 168
94 240 5
240 92 48
135 91 48
121 115 18
167 12 157
177 233 119
242 74 169
248 11 59
192 8 131
105 116 25
136 208 122
211 200 67
211 187 75
17 118 152
47 135 186
113 202 101
185 178 188
220 176 52
225 57 131
194 51 61
163 184 173
59 50 53
79 194 36
78 191 120
36 176 80
17 246 31
76 128 6
22 161 179
72 34 146
54 239 34
142 209 160
225 115 127
44 125 129
147 19 93
110 67 157
17 145 153
41 233 179
159 215 72
153 138 62
220 125 156
191 182 65
101 15 61
1 132 21
13 194 143
116 158 104
140 134 89
23 28 151
152 25 26
102 152 176
89 240 150
85 63 100
233 22 14
24 138 108
199 213 43
14 27 109
207 99 35
165 88 157
48 18 140
122 58 127
43 16 172
96 10 51
22 226 81
76 74 156
97 10 182
180 5 6
138 98 167
210 104 117
99 242 59
14 215 186
47 47 76
235 191 56
111 124 183
83 65 104
166 181 80
205 218 20
164 235 127
88 169 118
205 191 60
152 106 177
179 218 129
54 98 13
110 95 134
110 113 68
198 223 149
15 95 38
226 71 138
37 202 188
51 164 153
64 37 26
154 141 69
187 36 107
139 220 20
206 164 19
5 37 120
136 145 155
128 81 75
96 61 126
84 232 63
103 225 64
118 135 38
131 119 98
189 64 185
197 114 190
73 153 176
73 144 94
107 177 168
248 40 127
214 183 2
201 241 170
66 238 23
83 209 32
87 42 183
162 238 175
215 44 189
157 40 182
36 247 16
91 136 158
105 217 183
239 208 18
79 228 165
102 77 190
240 23 126
127 224 57
33 172 1
220 26 156
133 156 52
68 124 169
228 7 81
15 246 80
180 106 28
248 226 122
177 207 182
77 26 127
68 242 26
47 238 35
209 57 97
227 101 148
41 72 132
179 21 147
62 7 174
212 66 122
103 142 146
171 32 100
172 95 57
183 90 117
24 86 193
180 112 80
23 178 132
129 151 188
140 127 184
112 144 166
71 206 87
33 49 148
125 121 192
200 176 172
158 108 56
234 115 68
67 143 124
8 242 152
24 184 84
133 116 125
52 43 122
246 33 153
87 191 130
172 9 135
200 7 24
41 55 178
193 84 83
42 40 168
61 154 190
182 97 51
78 166 69
196 142 1
204 179 185
174 225 13
239 222 29
236 43 56
59 21 103
153 71 108
155 18 140
79 139 131
150 155 91
15 124 59
142 39 121
130 22 136
208 29 108
163 85 65
172 151 180
239 48 131
44 153 73
230 92 111
216 27 174
92 6 161
61 148 114
160 167 53
190 107 115
32 207 59
90 82 15
7 206 130
209 58 117
100 98 182
242 56 72
227 152 57
99 191 151
214 7 185
7 222 190
83 209 168
156 16 4
31 134 55
181 59 149
94 19 141
16 224 28
3 119 160
55 71 6
44 54 135
137 92 154
61 214 149
11 97 142
221 108 76
50 199 60
104 153 73
137 24 136
196 129 183
69 55 156
127 118 117
78 64 79
96 36 140
61 121 70
108 87 93
127 93 170
56 140 49
234 88 142
52 122 169
243 97 194
221 61 190
49 33 2
46 84 45
110 194 151
232 230 69
13 15 179
48 152 25
31 186 185
167 244 30
117 19 154
15 62 9
160 38 4
133 90 154
49 166 182
244 48 77
111 51 111
132 56 164
1 56 85
157 110 184
107 62 104
26 227 30
102 147 38
43 135 146
65 216 165
19 107 75
210 21 189
152 220 128
25 38 8
191 49 166
54 227 39
125 68 56
145 182 117
153 140 22
74 5 26
220 201 160
85 19 151
188 90 94
33 29 54
125 23 14
17 123 21
218 53 28
88 246 136
209 134 12
169 228 152
234 46 84
198 86 136
242 145 191
234 4 188
188 180 56
212 239 103
98 68 17
233 16 190
46 236 54
33 203 58
168 66 146
42 102 99
242 126 108
127 194 99
143 221 128
208 1 134
189 39 31
143 74 10
23 20 187
188 140 187
142 33 86
40 179 115
77 85 179
114 169 138
85 115 47
44 160 125
162 191 51
140 41 83
122 107 176
122 14 49
68 166 52
81 93 52
210 42 134
236 148 6
6 78 4
75 108 13
86 212 185
141 21 154
45 172 4
53 121 144
79 178 179
228 97 77
126 98 165
113 209 76
124 157 57
146 9 63
194 192 184
192 41 115
23 132 163
33 132 93
147 37 98
1 72 122
73 119 74
28 188 79
236 4 42
150 4 14
197 175 54
161 42 27
200 110 156
4 128 156
4 125 46
18 42 131
90 187 68
78 69 122
203 86 18
138 231 152
13 134 6
1 81 82
119 147 78
176 212 7
119 211 181
32 76 162
162 195 10
193 209 99
4 242 97
173 35 184
136 122 25
46 82 160
162 147 3
131 58 90
221 128 125
230 228 118
69 238 128
81 187 58
68 8 34
159 130 76
78 210 47
96 196 10
208 103 59
55 181 126
43 119 85
161 153 100
90 221 136
182 111 42
96 157 34
38 98 40
198 6 70
40 36 181
48 132 194
181 199 77
236 202 91
147 211 42
174 88 153
26 15 115
196 166 2
14 119 156
35 86 30
206 134 103
44 117 185
118 206 130
102 124 111
141 164 135
66 61 124
133 59 88
40 212 41
204 210 80
191 33 103
46 191 74
96 138 172
54 172 147
119 5 15
55 230 150
159 242 104
150 32 128
61 205 45
121 197 136
91 156 35
176 35 29
202 227 175
69 172 129
71 171 3
146 46 120
219 190 111
77 189 122
75 215 152
86 180 9
140 142 146
65 181 180
235 7 102
88 177 165
198 46 193
91 209 145
246 116 16
189 195 101
45 49 39
196 17 128
96 76 121
247 91 177
25 211 87
119 128 48
13 190 15
116 83 174
85 159 93
196 67 84
14 204 94
106 112 4
15 40 104
18 66 102
68 133 72
223 39 143
115 64 132
94 71 88
146 86 80
201 3 163
236 165 59
164 123 94
26 203 192
244 106 143
125 113 27
161 230 79
144 40 54
115 95 37
225 219 113
74 157 88
197 185 54
112 222 179
46 82 68
112 176 163
184 205 54
107 93 177
155 176 11
87 78 55
211 130 89
107 218 69
160 68 138
65 109 43
62 120 47
67 69 187
208 86 156
241 207 97
48 29 29
97 206 89
30 63 4
14 37 85
187 67 148
57 121 33
224 154 144
227 143 195
17 215 15
104 122 103
227 9 25
57 139 174
11 87 2
46 97 195
203 147 139
46 39 106
17 139 73
60 226 7
17 36 185
178 188 195
12 66 137
35 71 74
228 92 41
5 150 136
64 167 134
10 93 90
16 246 150
119 180 144
83 141 40
238 40 150
182 228 114
2 228 6
178 156 192
162 62 21
129 216 45
241 133 48
160 213 100
129 224 164
38 215 59
173 240 43
105 225 64
35 156 124
235 146 36
144 194 171
135 155 134
196 2 183
6 248 57
172 142 161
90 131 112
59 227 139
212 44 51
162 82 8
52 73 71
56 132 17
98 164 138
171 159 82
118 114 118
154 245 58
187 65 33
97 15 83
86 246 16
220 151 191
68 73 14
70 120 185
224 135 47
88 18 93
218 31 93
71 158 100
113 176 90
167 113 100
84 9 37
171 69 116
168 28 141
16 65 146
127 117 83
8 210 90
9 182 64
199 197 89
223 218 148
36 187 32
159 145 117
40 106 86
125 29 60
147 41 31
159 30 177
128 5 25
35 64 100
176 235 132
135 133 180
65 90 157
193 216 120
233 172 23
63 155 35
182 51 138
240 123 74
65 81 38
116 16 66
188 221 150
11 126 84
171 60 122
28 51 49
186 183 159
172 220 131
41 37 120
79 177 160
202 18 192
241 146 170
140 12 56
137 229 94
53 84 171
157 166 56
103 192 154
247 143 190
62 102 29
198 79 70
77 57 130
40 178 11
246 35 58
66 222 90
21 109 58
107 119 83
22 83 165
135 129 181
212 235 94
95 207 109
178 87 72
63 86 50
30 146 161
141 113 153
19 227 42
104 125 41
132 73 88
155 72 178
7 148 103
174 37 122
102 117 181
235 194 47
27 16 21
88 100 54
101 209 56
46 195 176
34 8 12
235 86 151
80 8 147
227 237 116
247 63 144
47 149 146
208 105 55
138 58 24
98 41 74
29 123 47
9 78 130
124 215 154
178 141 35
195 172 146
239 20 172
214 235 30
70 201 155
182 243 48
139 5 81
33 69 62
240 238 119
238 132 112
143 196 107
161 9 92
115 175 98
86 11 152
81 92 57
19 59 105
123 91 42
124 9 46
235 244 118
202 98 69
35 223 138
49 87 159
83 149 46
134 62 104
183 166 40
213 229 103
135 77 69
22 137 105
175 90 18
22 198 68
12 202 113
143 76 133
30 50 172
133 11 149
66 56 181
42 51 104
214 179 74
197 132 109
94 248 136
208 7 18
143 150 14
90 58 100
50 122 118
100 120 168
228 68 82
123 62 47
116 87 192
164 162 144
6 182 167
246 241 68
2 134 35
9 102 56
99 135 3
122 91 19
163 17 72
118 108 40
241 236 146
16 112 171
51 24 73
32 212 177
144 176 185
41 6 68
64 40 152
202 61 101
58 93 7
141 125 72
94 195 90
138 153 173
73 243 104
154 99 13
93 92 49
184 232 52
42 90 150
237 178 194
213 125 66
184 27 7
163 191 51
45 155 185
222 233 64
194 56 153
43 161 171
39 151 150
109 54 177
206 30 13
9 50 156
231 215 75
189 182 113
124 131 75
54 157 36
118 134 80
5 243 134
106 105 83
66 1 87
157 77 48
10 180 114
188 187 48
149 80 60
114 36 136
127 235 75
80 67 13
155 177 83
237 19 177
33 109 92
46 189 191
86 31 141
91 160 88
155 169 34
9 20 132
129 45 191
75 104 3
131 193 30
148 183 97
242 221 179
203 18 19
226 112 18
20 193 39
170 84 190
220 222 89
131 28 29
19 18 178
147 52 44
194 205 156
119 107 117
40 185 45
104 171 65
40 141 5
83 204 57
72 244 51
120 159 158
111 29 13
48 27 48
81 53 50
125 130 181
31 248 152
144 60 51
136 40 10
247 210 70
153 55 55
43 3 81
95 50 138
63 195 119
113 230 54
169 100 125
191 59 107
8 217 100
154 129 66
214 202 8
191 144 147
81 4 131
32 72 77
182 72 74
