158 3739 591 156
795922 961272 923616 809270 913594 396712 645486 492013 594495 26685 924280 868006 82784 486927 612370 16787 614329 265540 904625 709284 389075 191643 692368 865398 599549 443102 628533 587916 542551 636343 443668 503465 485699 552070 873667 389148 648821 204173 400643 45377 293558 803264 62046 112265 815570 150261 835700 321889 199352 613439 690897 469062 600576 741433 792315 477414 381973 505381 603707 26377 945342 638109 684176 102900 965603 103607 933530 299969 845254 244749 437027 508170 838408 549235 543949 101451 112196 365215 318147 126722 880831 925168 345569 13328 815292 916955 481306 521902 362306 504736 895528 357776 820430 154317 426227 737051 34299 187859 491850 803749 850176 430209 687578 464276 757264 83440 770401 539573 79559 869481 282700 118442 351716 589217 335888 333993 535096 687401 145920 719470 130402 102308 542424 865734 48740 919254 514710 752177 459572 989701 225104 23417 222533 458050 596634 638085 435209 14003 105671 359511 67842 475307 398881 986899 992196 547769 530516 881464 775671 415968 786103 794089 308275 897386 16066 188764 574709 476323
87 14 1
15 80 5
101 105 67
69 123 118
24 42 100
11 89 61
32 89 81
109 53 30
110 102 4
103 130 49
132 33 2
29 24 112
145 7 12
41 65 5
133 62 108
85 155 98
30 107 46
90 156 73
102 1 50
42 148 99
31 127 8
113 123 72
149 31 21
97 62 92
154 49 48
83 71 28
150 102 91
38 146 22
39 103 22
15 43 117
24 54 91
56 87 87
117 82 51
133 150 54
19 51 117
70 39 29
96 33 38
48 81 27
84 76 46
130 109 40
49 141 91
9 27 26
25 58 94
120 140 24
141 155 66
40 31 94
104 128 25
139 31 90
1 139 64
135 3 114
125 85 11
139 19 66
125 37 5
89 65 104
132 4 117
59 157 26
6 53 70
151 56 57
157 128 70
33 128 61
105 138 73
118 65 111
21 57 36
99 106 95
93 30 84
119 39 96
36 67 62
123 108 29
117 46 72
156 118 56
50 55 8
7 36 4
1 116 61
130 135 91
124 151 108
83 43 66
139 49 34
56 33 4
98 53 75
23 57 45
3 145 69
23 13 81
51 131 53
47 144 73
92 54 46
109 121 11
6 129 105
85 17 57
152 38 25
116 98 111
152 151 24
5 140 65
113 61 4
50 65 2
126 140 31
21 23 115
136 127 24
48 9 70
45 130 62
152 14 84
57 66 116
103 87 74
14 52 28
63 125 65
43 125 97
57 130 56
1 44 78
112 158 22
29 142 1
48 49 95
142 46 83
33 37 31
87 57 11
112 43 26
93 44 111
42 73 94
52 84 104
111 66 14
52 60 79
72 88 88
56 25 81
81 109 55
123 65 48
78 27 12
143 45 105
101 154 65
58 116 30
147 68 80
94 42 115
67 103 64
146 21 22
40 62 88
63 31 94
43 131 92
97 77 62
23 86 55
23 155 55
95 68 38
155 116 3
31 65 23
3 114 66
18 45 25
129 91 101
58 72 47
33 73 10
86 58 68
131 11 111
119 139 107
11 113 24
17 149 85
67 123 53
103 55 106
121 84 4
14 116 80
150 12 115
153 17 30
15 47 54
66 52 72
122 80 88
55 46 4
49 44 26
64 73 3
154 134 73
57 119 61
51 13 108
39 63 11
135 107 109
27 33 42
139 6 51
5 30 103
86 39 104
87 1 62
18 12 93
47 90 73
3 95 29
115 149 50
141 134 26
130 47 47
60 112 73
50 104 79
120 123 5
7 145 79
109 46 96
35 118 6
107 19 70
47 19 70
68 16 83
116 60 107
152 100 47
59 76 24
48 148 103
149 28 50
37 60 39
57 142 50
96 37 66
22 37 25
16 103 24
92 98 43
52 137 33
1 124 19
57 78 92
124 81 103
36 12 10
131 157 65
151 62 6
138 75 65
45 30 78
92 30 83
1 64 5
33 53 94
32 137 65
155 81 63
129 62 81
49 111 33
72 132 61
77 1 108
124 48 81
140 74 59
13 43 115
155 45 117
21 85 87
76 141 51
66 158 35
116 18 96
31 38 116
36 48 52
116 62 43
58 67 38
59 137 22
28 101 30
20 60 22
23 57 60
112 111 59
84 76 111
115 135 2
119 1 100
45 100 118
68 117 63
16 1 113
103 117 73
54 6 89
59 12 5
111 31 74
96 139 12
36 138 22
111 18 91
155 50 45
121 81 65
30 5 36
100 142 59
59 110 111
97 29 108
30 85 77
25 132 90
74 131 37
109 113 16
99 137 29
121 4 48
69 122 74
77 89 43
38 33 32
131 11 83
124 107 24
65 128 54
92 148 101
15 76 96
112 112 7
70 110 53
85 117 109
156 113 64
127 85 76
107 158 40
69 132 17
15 91 73
15 140 109
35 125 33
44 116 68
22 35 62
109 143 5
131 127 1
132 38 61
45 149 46
38 7 96
109 71 78
151 7 103
20 47 110
141 75 41
108 128 2
50 119 106
153 124 99
117 148 74
28 17 43
111 25 21
45 131 40
133 47 25
76 156 81
17 6 25
148 118 55
11 46 34
106 122 3
116 16 102
33 146 69
30 135 108
115 134 117
34 12 13
39 97 28
6 54 27
50 106 23
40 53 30
128 127 65
120 110 102
117 58 14
130 17 81
121 58 3
37 130 46
81 32 45
126 29 24
9 106 99
72 9 77
73 41 10
53 111 58
48 2 116
11 88 37
54 147 14
49 39 11
64 91 8
68 121 97
36 105 108
83 27 53
129 100 89
93 107 55
62 7 21
64 88 5
69 38 11
53 105 24
110 61 23
6 9 48
24 29 100
91 151 2
27 157 28
63 26 16
27 68 7
121 75 70
152 120 61
92 24 116
128 96 15
115 74 43
117 61 92
49 25 77
82 51 10
58 71 7
95 130 117
96 16 53
107 136 100
113 137 114
150 110 2
99 10 51
81 23 63
8 58 96
24 35 32
11 51 55
141 106 47
109 62 69
157 29 19
137 146 57
84 149 114
16 6 80
32 89 30
108 81 28
71 10 53
100 30 37
116 134 76
65 50 90
21 67 58
135 158 74
20 136 69
48 23 23
126 21 86
59 153 5
135 51 61
99 113 10
21 115 87
19 121 67
106 130 12
57 95 48
91 148 11
144 35 60
143 145 4
81 72 11
67 129 48
18 13 23
47 137 51
84 42 30
148 158 59
15 18 65
137 104 51
79 56 23
64 97 13
103 103 107
155 9 61
32 135 43
4 147 99
157 156 75
148 117 85
142 72 65
88 134 81
91 27 68
98 129 29
6 150 17
123 85 57
145 98 62
158 55 70
111 116 81
80 68 4
2 145 35
107 70 1
79 58 44
59 52 24
111 89 29
156 6 95
119 112 46
56 6 81
8 84 58
139 124 115
137 152 60
149 24 17
129 138 40
6 104 6
73 26 30
63 74 43
20 156 76
31 90 52
56 42 103
3 36 52
93 128 44
80 59 3
147 120 108
63 84 90
110 59 101
71 88 1
8 129 62
142 17 67
28 4 74
56 153 101
61 48 56
119 116 37
45 153 113
117 47 105
45 82 40
157 139 78
92 100 65
10 146 86
80 157 48
34 122 81
49 110 97
116 56 79
125 121 81
89 154 46
155 61 55
115 2 39
134 30 53
130 2 67
58 3 18
126 22 14
27 59 97
57 131 71
35 103 77
94 2 46
60 129 25
158 104 84
71 38 107
11 67 25
156 71 9
36 110 107
152 57 59
42 96 67
62 51 117
146 39 20
37 18 24
107 94 28
9 54 106
12 109 56
96 58 49
40 148 93
33 62 61
40 31 80
63 7 112
142 16 21
101 140 107
65 116 2
145 77 83
117 136 92
87 13 61
70 5 45
75 9 107
4 49 89
19 149 52
111 16 63
145 37 98
113 37 82
18 110 74
78 25 72
55 37 81
29 74 28
155 146 58
16 87 99
142 113 109
34 14 87
67 15 44
59 97 29
124 144 64
112 64 103
134 33 86
41 52 101
98 66 99
61 104 14
152 12 88
99 51 29
3 110 83
27 122 47
90 78 10
13 124 8
2 57 46
35 92 29
29 142 65
120 140 86
37 38 45
156 45 58
4 14 104
86 48 12
13 142 14
32 115 96
151 37 9
133 33 64
73 113 46
94 11 69
18 3 103
144 82 42
12 111 19
21 145 12
3 110 63
153 127 17
117 127 11
154 59 62
90 18 8
139 155 5
16 1 117
153 32 94
68 112 6
141 120 64
38 91 45
50 135 75
82 19 72
108 96 61
52 75 112
128 111 91
84 59 10
154 154 10
23 41 97
28 128 107
85 118 11
76 121 50
85 94 2
55 70 117
92 37 3
78 24 81
125 152 83
64 12 90
87 80 114
71 60 63
30 36 40
68 149 104
105 31 12
130 158 15
56 127 47
89 12 86
6 83 45
42 156 66
45 64 73
62 85 20
124 2 110
57 69 110
93 1 100
146 4 92
7 146 84
144 91 55
36 46 63
73 56 94
153 148 54
62 76 12
68 111 59
97 78 88
35 45 65
132 40 65
69 66 80
100 127 66
156 96 46
130 140 109
40 128 54
151 105 1
56 124 51
150 5 19
53 13 118
137 78 90
27 68 80
23 13 27
131 123 91
75 145 49
158 3 52
55 43 82
32 65 116
35 130 30
76 33 64
42 85 44
7 72 76
18 98 108
88 144 96
43 140 26
98 85 63
113 145 73
121 101 108
35 137 30
40 9 118
129 130 21
101 82 108
23 63 21
99 113 34
2 151 6
130 5 49
48 154 41
141 84 93
156 17 36
148 110 4
88 109 82
78 4 71
92 62 8
71 61 64
31 87 93
74 29 77
136 86 7
94 61 21
123 156 35
94 67 100
90 59 5
140 52 28
147 142 8
89 68 27
131 36 23
78 29 6
62 151 64
92 117 18
154 134 96
76 47 80
90 11 86
36 93 7
43 21 95
109 138 68
72 137 2
54 129 29
27 47 88
53 29 8
143 9 28
30 58 10
22 117 76
42 66 29
72 81 116
140 108 74
91 37 47
107 22 88
25 79 3
140 112 26
26 61 22
131 11 60
36 73 8
41 6 88
30 78 91
88 125 67
156 12 24
117 26 3
93 69 15
94 140 104
87 98 59
34 78 108
67 12 87
4 37 55
133 156 118
56 15 26
140 101 92
82 48 73
15 80 35
126 74 54
96 152 33
146 138 43
101 2 66
38 148 36
155 131 1
40 68 40
26 88 16
118 130 56
136 26 89
51 68 12
59 40 16
154 29 27
138 115 68
134 51 87
38 147 81
125 79 8
24 94 78
4 22 110
157 151 112
22 73 86
155 36 97
82 92 28
144 82 109
99 47 39
76 4 60
79 51 77
24 61 89
129 29 3
97 120 78
145 63 36
148 58 61
94 59 103
135 47 59
45 125 80
90 29 45
116 88 7
71 15 45
43 50 95
155 68 88
16 112 28
93 119 9
83 80 93
100 124 103
140 4 5
16 112 33
27 71 62
29 156 67
55 40 24
102 56 75
15 25 3
87 57 11
122 23 61
127 89 9
134 36 102
122 83 2
122 89 57
139 31 59
19 41 48
78 91 17
20 27 32
61 150 21
70 109 49
46 121 96
145 61 44
114 97 78
90 2 68
60 58 11
129 153 106
79 102 44
19 91 82
152 19 21
114 15 16
8 117 116
49 43 31
101 78 104
154 106 40
29 127 108
106 107 85
79 158 109
3 46 99
85 29 24
45 33 47
28 86 37
126 156 89
95 82 74
98 51 38
65 36 50
135 150 72
51 142 72
1 125 63
43 127 43
54 121 7
113 91 11
100 31 56
139 135 85
109 93 12
53 14 104
9 141 69
62 28 40
123 90 53
58 101 112
141 104 100
33 32 111
26 97 40
158 20 4
7 5 82
85 99 109
31 90 97
106 41 27
115 42 116
140 42 106
92 156 93
121 13 50
156 37 41
63 105 83
102 80 74
133 30 117
89 76 82
32 133 40
58 81 24
136 89 63
143 38 35
98 94 11
40 101 67
72 52 2
59 25 59
107 24 87
84 53 117
135 36 97
29 23 99
151 4 34
151 102 17
119 70 51
45 144 88
18 67 110
103 36 18
67 5 86
22 111 89
35 37 41
142 26 49
106 140 92
41 136 77
6 81 32
151 30 40
63 64 88
11 118 83
54 29 67
133 132 71
8 98 40
35 100 31
56 79 37
12 93 51
2 99 37
94 133 90
80 44 42
63 30 69
135 9 90
109 150 74
3 90 99
50 47 98
42 101 99
110 101 49
143 115 101
27 99 98
19 37 102
96 108 90
131 129 82
91 27 95
12 17 39
61 95 25
95 66 60
74 40 55
113 88 75
91 154 27
140 124 65
23 153 40
4 22 58
55 55 77
141 100 106
147 149 14
70 38 63
23 154 58
148 47 20
154 9 69
97 139 107
144 17 74
125 148 54
68 77 91
103 84 60
90 14 99
115 51 11
88 66 77
6 94 32
154 102 75
158 53 70
35 62 67
20 135 27
41 140 77
23 95 109
106 42 12
73 91 98
68 50 90
107 90 116
41 41 85
37 79 57
97 135 101
51 133 6
64 136 17
71 69 89
97 20 1
130 128 3
139 66 19
60 42 57
145 138 101
4 90 56
77 92 17
107 88 61
37 156 28
146 152 39
59 105 16
117 47 85
54 151 88
97 129 53
32 85 21
35 65 17
114 102 49
139 101 71
74 135 90
39 97 78
148 140 83
131 40 117
48 124 56
106 122 101
17 148 91
140 119 52
13 93 22
114 57 98
154 87 55
36 22 75
1 69 52
58 104 118
57 94 65
42 16 60
28 104 106
18 22 57
29 15 47
136 13 37
101 110 98
88 30 60
124 64 99
150 73 61
116 88 62
20 33 62
154 130 60
146 91 82
144 124 80
3 90 7
93 143 38
83 60 45
143 105 115
29 77 19
149 124 77
148 110 67
158 110 37
18 127 110
15 113 77
149 46 89
145 105 95
89 77 23
105 31 27
102 91 9
98 31 73
44 43 44
37 119 108
133 126 95
125 106 111
60 113 12
117 43 22
99 140 111
70 80 91
88 54 74
90 61 40
13 7 110
79 11 65
95 106 107
109 146 47
151 41 9
77 141 25
36 54 36
97 5 55
138 130 61
34 10 2
5 95 102
7 155 1
35 29 109
110 8 51
57 70 6
24 20 88
102 5 101
17 123 8
107 59 6
122 109 5
1 78 50
60 132 7
42 34 48
113 150 96
7 92 71
98 87 93
88 111 62
146 4 18
148 26 48
74 130 65
27 6 18
39 132 68
71 96 21
14 40 49
151 123 114
103 130 9
78 79 72
123 67 112
101 2 57
84 96 27
151 47 65
34 1 106
47 54 50
73 65 38
66 98 98
78 62 69
108 18 43
86 142 101
120 148 101
157 32 114
23 82 36
138 67 56
133 69 23
12 42 64
82 51 50
121 23 6
21 128 82
90 75 13
87 23 67
115 142 92
54 18 108
74 23 70
72 74 66
74 48 70
77 71 37
110 101 37
60 49 29
24 102 3
140 19 43
56 59 28
85 137 31
70 16 101
123 7 94
40 97 21
148 142 4
29 120 79
51 69 77
115 10 55
129 30 66
110 54 77
97 22 99
67 15 2
109 157 45
94 56 17
87 64 90
149 6 67
91 111 27
63 42 38
119 118 12
58 45 105
41 76 30
7 10 86
5 114 50
91 10 95
87 123 117
3 4 11
150 156 51
94 22 54
53 108 77
50 151 70
19 34 72
37 134 99
130 31 53
119 109 97
125 17 115
133 32 33
125 52 93
91 106 66
30 137 56
109 156 14
43 41 30
150 105 8
156 154 78
75 32 69
14 120 37
9 42 109
127 122 62
54 8 61
114 106 79
23 154 50
16 156 52
6 21 111
74 9 111
130 94 84
54 90 49
66 73 115
32 110 76
65 65 107
125 121 49
107 73 43
80 100 26
112 54 76
69 41 16
104 141 107
113 154 65
21 133 25
147 88 5
87 63 29
87 100 47
127 56 70
105 27 46
85 32 40
23 25 20
100 6 25
66 84 58
55 47 42
152 150 52
72 114 26
37 129 5
2 58 6
31 119 97
45 109 100
145 124 107
66 102 20
1 82 82
128 119 66
71 58 50
66 6 88
68 68 95
140 36 118
24 133 101
125 75 77
89 123 36
73 94 64
37 78 77
151 43 53
149 70 90
154 38 56
62 3 36
152 153 38
30 127 65
47 29 48
86 56 18
65 101 63
76 111 71
26 119 86
61 37 28
68 106 99
92 81 48
60 112 43
125 124 87
152 129 6
83 37 13
123 31 88
28 132 63
15 9 18
30 41 78
51 102 58
108 36 22
30 11 54
79 93 109
56 123 78
52 9 76
94 148 75
31 78 92
129 126 32
61 143 107
78 129 28
114 77 52
25 115 61
146 122 49
18 63 47
11 58 47
7 158 19
72 83 32
110 110 104
20 3 1
58 81 15
142 64 18
129 23 30
111 10 3
105 33 79
92 80 87
93 49 44
119 129 45
114 73 29
120 9 86
54 83 114
45 40 47
131 148 111
106 65 105
26 55 83
60 104 73
27 79 54
44 17 30
39 24 82
106 10 60
2 21 46
36 90 4
113 102 90
119 68 110
39 22 76
23 12 84
147 74 114
155 74 64
16 157 36
153 82 6
149 88 40
7 129 23
5 126 42
21 114 95
153 99 22
65 58 103
105 2 94
108 143 114
110 76 88
115 64 26
114 151 64
43 44 104
128 140 85
148 99 29
138 125 21
35 70 14
98 26 72
132 79 17
36 67 37
139 17 92
23 39 42
100 22 46
43 124 16
90 111 3
63 80 99
129 156 115
43 41 71
11 73 45
139 90 12
126 12 50
144 80 10
82 103 70
100 118 58
73 34 111
147 18 95
121 37 12
60 64 13
141 141 69
140 47 45
50 79 95
36 98 66
58 48 63
147 146 90
96 95 31
15 81 84
61 74 12
41 107 15
88 115 106
28 57 90
147 103 21
18 138 32
119 81 48
131 88 107
108 157 29
8 4 97
112 143 88
5 157 47
67 43 1
86 129 72
48 41 21
105 114 99
15 42 115
104 73 88
74 78 91
139 84 115
156 121 63
44 143 111
41 89 49
122 106 1
120 130 24
47 145 34
7 39 102
69 146 48
133 134 48
43 22 110
101 37 107
5 140 83
43 146 112
99 90 76
24 105 66
130 19 60
35 35 92
109 28 42
2 154 64
110 19 26
141 69 64
61 27 101
134 85 75
60 66 70
153 29 77
49 73 63
103 46 64
154 36 63
134 19 62
152 131 21
28 75 4
31 145 53
78 44 18
60 27 30
45 76 29
36 78 35
77 131 93
90 37 15
69 151 112
120 60 32
46 57 71
143 137 18
20 115 76
50 30 20
46 9 29
57 120 25
49 90 36
38 81 44
42 64 66
10 4 83
52 7 35
158 72 62
106 143 93
28 96 99
125 25 15
125 116 106
57 10 114
97 30 111
148 15 26
41 152 70
10 131 89
31 35 32
95 91 41
107 68 86
138 24 64
151 17 90
106 123 79
134 64 71
111 45 25
27 29 54
76 148 9
142 129 9
79 99 7
8 42 22
66 62 66
5 143 106
8 71 112
83 77 112
54 153 92
116 84 88
150 32 26
102 148 101
69 16 108
76 8 10
121 7 60
139 28 51
41 9 26
13 96 48
144 141 63
116 51 58
68 18 2
103 60 97
152 34 73
61 60 15
144 52 31
116 71 85
67 153 96
130 156 72
94 64 16
9 26 52
126 145 2
47 127 42
83 24 45
25 73 42
145 140 57
77 40 116
72 19 103
136 117 45
61 114 5
129 85 98
6 126 80
105 16 82
52 137 98
10 128 9
28 151 48
68 36 82
18 139 49
69 154 69
35 125 50
12 3 85
105 68 32
120 90 66
7 39 89
24 92 93
143 79 85
144 29 19
155 124 100
35 158 99
150 72 31
136 147 57
109 28 23
57 95 74
148 75 57
45 83 15
89 71 79
59 81 93
63 151 42
150 43 63
26 78 39
70 53 28
27 72 59
85 114 92
49 92 98
142 20 46
128 18 104
22 108 42
93 116 96
138 154 50
125 60 62
52 151 50
7 122 15
39 136 111
42 65 113
43 78 6
14 91 32
46 139 40
46 42 101
94 7 96
128 19 17
29 21 59
46 42 62
5 7 63
71 81 35
154 63 79
17 21 109
50 74 64
4 47 109
84 137 113
126 62 35
120 59 3
150 37 57
10 45 92
32 58 23
46 134 2
134 138 79
20 108 6
69 53 65
116 20 105
12 109 80
2 130 39
43 58 116
146 60 106
7 133 94
17 77 3
108 115 36
88 54 104
70 50 35
21 139 109
41 81 20
155 90 36
43 39 76
37 36 15
32 81 115
123 117 34
140 134 6
10 111 118
90 156 69
50 81 7
130 117 94
33 61 8
129 95 94
98 81 74
53 50 16
91 140 33
73 47 48
120 65 5
80 40 97
104 58 92
138 147 73
54 74 90
97 124 108
158 51 60
31 155 77
131 60 62
19 82 3
9 136 108
70 158 112
127 121 76
65 99 22
61 4 59
65 90 107
11 156 34
69 75 81
132 75 95
141 109 98
75 100 36
64 2 45
51 92 16
107 96 59
87 152 55
141 30 109
145 36 62
1 83 111
95 6 116
107 51 103
29 106 63
36 91 43
102 72 87
121 22 30
85 129 46
101 73 4
67 40 80
77 66 51
26 148 64
8 38 29
96 117 23
31 32 94
106 11 101
83 157 52
144 72 105
153 14 117
67 41 71
139 4 98
78 134 117
147 146 42
27 85 35
84 142 35
85 5 39
31 42 109
16 73 94
70 72 17
43 127 5
36 34 81
134 151 60
148 56 4
45 99 108
7 130 22
120 5 111
75 104 51
100 146 70
129 57 22
11 30 69
127 29 103
110 111 112
113 58 35
78 65 31
45 62 53
21 37 66
96 69 15
90 120 100
27 52 104
78 94 11
112 106 58
138 83 11
57 40 83
96 142 70
127 12 92
156 6 105
48 29 48
53 50 86
129 158 24
89 51 73
81 113 18
27 79 15
91 63 57
74 119 92
148 135 91
153 57 26
40 68 83
54 16 92
86 121 40
83 65 21
154 157 26
10 86 50
145 59 88
83 25 88
114 99 74
152 98 96
87 155 4
138 110 60
12 153 78
30 96 100
36 43 25
60 8 36
33 89 97
50 104 50
133 76 23
18 8 17
65 10 77
146 3 49
121 73 3
6 138 13
62 10 64
120 30 8
23 147 26
10 145 84
2 81 12
96 67 104
71 20 39
100 7 34
148 127 115
5 92 51
24 49 114
116 71 37
50 25 74
36 80 20
122 88 59
92 111 8
133 139 45
120 75 20
51 106 17
89 119 62
41 111 100
10 123 33
30 144 44
146 58 74
48 28 64
132 144 44
33 85 35
25 36 35
81 24 74
59 151 44
136 71 111
17 7 16
71 122 102
157 69 115
144 63 41
1 116 34
92 136 110
139 86 6
100 90 66
45 126 109
126 37 80
158 24 77
121 68 28
100 102 36
25 145 17
118 118 30
51 20 54
101 21 46
18 29 38
33 18 8
93 30 110
25 21 72
23 116 25
62 40 114
49 133 3
60 79 98
108 74 51
88 42 67
128 16 71
78 114 23
129 109 3
86 124 91
123 73 115
37 146 56
147 75 57
9 54 31
110 80 47
74 6 53
36 11 19
21 94 64
59 17 78
155 59 89
134 146 22
93 134 63
130 52 43
25 44 12
142 76 96
88 64 23
50 148 37
94 26 80
12 20 13
70 122 117
16 47 53
110 86 43
157 52 53
94 4 88
124 18 72
128 106 87
82 6 93
54 27 106
126 81 100
18 33 53
118 141 85
156 87 32
5 92 24
124 7 97
13 36 94
133 133 28
20 91 104
105 108 74
29 94 43
139 5 55
14 156 84
17 80 73
96 155 105
71 133 53
53 115 87
54 157 92
10 5 104
125 147 12
123 38 48
139 139 18
24 125 102
22 85 62
131 69 18
81 119 75
122 157 76
83 60 73
10 38 51
149 42 53
126 127 84
102 130 60
58 20 6
19 84 87
143 19 34
155 102 34
151 108 112
147 99 69
78 89 42
87 119 107
46 52 18
22 37 35
39 135 99
142 48 25
36 83 41
116 158 62
47 28 82
56 67 13
123 6 22
15 112 29
71 121 2
59 135 73
56 72 108
19 103 36
4 104 10
111 94 47
9 77 13
7 30 55
37 97 100
128 2 20
1 118 50
20 141 38
149 61 71
141 83 16
15 148 32
5 53 69
150 94 2
154 106 67
88 149 31
95 103 100
132 132 103
136 65 113
60 60 76
6 124 30
18 145 37
23 4 52
113 32 78
58 76 115
98 133 108
8 29 116
44 78 54
158 156 21
31 130 76
35 19 50
20 36 73
62 7 78
83 21 98
150 116 65
110 105 41
62 135 15
26 48 111
39 82 6
117 86 100
50 1 8
140 55 58
62 112 25
38 149 28
84 128 110
78 114 57
58 85 3
97 87 94
65 147 41
61 80 29
56 90 86
46 121 104
58 34 41
112 100 63
108 110 67
69 119 34
128 11 83
143 105 15
148 47 76
24 149 10
51 16 59
11 28 74
102 151 36
114 1 70
157 48 58
41 143 86
128 152 25
35 51 45
49 47 59
58 93 10
115 78 90
138 138 50
40 67 1
92 46 93
96 142 114
158 101 27
132 154 58
44 33 101
101 82 67
51 4 21
102 52 91
100 100 45
81 26 43
92 145 48
127 35 85
100 151 4
158 145 89
131 62 111
60 21 9
38 9 84
63 9 23
81 144 69
34 124 106
136 87 61
118 107 51
105 23 59
54 47 100
43 30 66
95 111 95
98 121 26
53 140 38
115 31 21
14 74 102
16 145 34
46 20 96
150 69 57
12 42 43
141 7 1
14 47 69
38 46 26
69 9 96
73 91 111
40 43 67
61 18 14
153 111 66
46 38 104
63 41 70
124 125 10
100 101 95
11 30 15
119 113 115
138 65 68
28 104 9
130 113 92
58 68 66
125 152 4
21 21 42
28 62 92
153 69 31
8 80 82
135 57 116
120 157 107
151 158 78
24 83 49
154 82 10
3 109 38
36 51 14
155 95 42
120 33 16
37 24 21
95 23 2
51 36 66
15 78 58
24 132 7
134 65 12
103 131 67
76 47 100
104 6 50
80 24 63
139 131 68
10 50 56
66 147 1
78 90 92
32 79 106
150 109 115
97 145 18
84 28 89
91 16 67
121 153 9
115 119 68
58 37 76
74 92 11
16 75 86
138 15 4
2 131 75
28 88 37
131 57 74
147 40 110
105 39 93
29 14 111
40 129 107
119 45 33
70 20 48
37 62 9
99 28 29
4 61 9
144 50 90
88 60 73
118 145 65
3 89 113
65 75 98
67 61 93
35 41 92
4 25 33
38 132 2
90 124 72
94 122 118
82 131 86
108 69 92
61 91 60
102 145 45
106 16 3
134 73 111
134 93 57
145 148 64
141 30 76
91 133 33
64 92 68
102 38 23
36 86 78
29 111 67
73 17 36
139 55 17
99 30 42
103 72 79
65 98 60
49 44 33
53 93 97
56 61 62
152 27 36
50 7 46
125 95 102
114 136 117
113 44 106
44 127 7
106 92 81
110 120 70
59 88 27
71 145 105
138 5 32
93 155 73
57 6 43
19 141 104
27 151 61
7 79 93
20 8 70
41 97 62
122 104 30
5 105 13
70 114 4
56 32 84
97 145 21
119 20 47
97 24 39
73 134 42
114 105 15
8 7 3
157 54 102
103 39 49
31 147 22
30 3 31
42 103 26
23 18 108
35 38 108
94 65 67
151 65 2
21 105 101
102 33 96
123 99 90
11 20 69
99 40 33
94 112 34
15 14 70
137 52 113
130 90 42
131 7 106
25 55 60
99 73 85
26 149 92
103 81 16
130 74 27
53 157 72
18 61 4
73 124 85
9 36 111
5 126 73
59 112 46
139 43 60
71 102 46
68 102 106
57 46 56
100 114 43
43 25 68
67 88 64
129 31 115
18 152 57
80 100 17
23 68 22
51 89 34
23 53 77
4 136 59
81 117 66
76 124 89
17 24 69
147 48 99
51 19 86
5 148 52
20 72 28
78 18 13
139 74 27
35 24 113
86 84 9
84 119 90
40 42 57
128 149 64
16 10 97
5 104 30
97 94 112
113 53 79
62 150 10
141 99 62
122 137 7
95 24 108
24 77 68
69 103 27
112 71 46
110 88 45
110 127 48
23 111 94
136 147 92
20 29 48
26 57 47
126 71 44
100 119 84
149 56 32
115 127 87
14 114 99
89 93 13
74 143 66
40 114 93
84 146 40
25 110 64
59 127 10
127 95 57
25 90 93
152 91 51
48 150 58
57 32 47
97 42 62
60 23 101
120 77 50
34 111 4
70 3 65
13 104 93
6 136 89
26 138 9
30 37 96
109 144 33
11 34 96
20 141 31
152 12 93
61 13 64
74 31 24
117 75 53
158 19 71
102 121 39
54 103 59
110 20 46
131 77 40
61 24 26
82 139 109
40 26 4
153 39 101
106 150 108
8 127 14
156 37 56
105 59 86
71 68 35
148 13 51
145 75 50
110 63 9
124 128 73
28 79 36
121 83 61
25 64 49
98 118 68
114 111 73
2 51 52
101 70 102
149 43 115
14 13 11
43 56 107
17 128 61
5 18 19
152 53 17
21 64 6
154 79 70
107 148 69
132 13 50
57 1 61
38 32 34
120 9 45
51 138 8
28 56 33
16 65 76
69 152 73
8 14 23
76 58 52
10 156 104
4 5 17
39 126 48
28 15 13
98 73 94
69 73 31
149 44 116
49 122 4
155 64 31
82 103 110
59 45 88
1 52 17
28 68 3
97 75 66
38 74 18
86 66 12
52 60 28
15 124 116
72 19 111
48 60 71
9 41 26
8 38 42
62 89 95
101 80 48
96 50 78
8 27 106
61 46 86
129 122 3
112 9 112
58 147 29
36 141 105
7 9 42
141 41 68
65 55 92
85 92 58
129 113 75
140 41 80
48 35 98
76 76 77
7 90 54
95 15 114
146 17 63
40 30 33
69 75 51
136 26 91
126 2 4
16 72 70
18 143 50
26 23 34
54 117 60
151 125 58
7 4 64
25 156 84
76 86 102
34 89 91
78 58 88
3 80 67
125 89 68
112 156 3
42 3 59
103 67 67
10 147 68
58 114 29
155 45 36
83 64 26
35 11 21
48 106 102
102 150 98
56 154 12
53 87 73
6 93 34
45 77 5
114 124 40
100 125 39
62 130 14
72 128 95
67 155 111
86 79 45
3 78 32
66 138 90
117 144 60
152 84 60
85 152 14
109 54 23
10 42 55
55 144 23
42 149 30
110 131 27
88 86 47
55 7 26
96 71 75
7 119 93
28 114 30
77 61 8
143 95 5
112 24 107
42 107 44
19 143 115
134 82 75
116 1 51
44 90 25
152 35 52
147 74 74
143 139 109
92 21 116
93 38 45
138 37 46
150 129 59
51 12 42
132 157 42
17 65 83
79 123 10
143 122 75
87 45 6
52 3 5
37 157 88
156 95 71
55 31 11
46 50 53
11 49 5
99 40 117
2 59 46
124 97 46
34 61 39
11 74 73
46 146 53
13 94 38
36 83 34
141 3 93
148 28 91
87 97 52
92 46 59
146 101 115
70 46 55
103 18 106
10 155 74
21 48 53
66 130 76
113 27 88
13 107 46
30 88 89
62 5 118
131 135 52
19 23 41
94 72 34
54 48 37
34 16 95
97 35 76
20 84 35
103 153 106
42 51 48
105 7 63
51 105 59
101 97 21
113 74 82
47 31 80
143 17 90
95 54 111
128 132 38
43 51 97
116 17 71
20 102 73
49 84 117
139 92 32
31 13 25
64 68 23
10 113 60
34 59 67
34 29 37
62 66 37
64 10 105
140 8 76
87 50 50
76 95 31
116 13 21
106 157 110
14 145 12
60 49 94
56 80 116
1 59 105
149 158 28
103 91 55
32 28 93
115 151 42
140 127 18
29 146 1
53 91 65
114 13 38
2 38 97
82 133 92
157 126 4
19 82 21
157 151 47
156 64 5
75 76 82
50 118 60
29 99 81
45 132 78
155 33 27
107 93 28
26 154 10
8 47 11
38 121 35
133 57 16
67 121 51
123 106 12
19 139 78
138 123 12
132 52 6
45 97 78
109 145 84
141 44 1
39 97 1
37 37 81
152 26 20
93 138 55
82 92 14
1 132 58
136 158 111
29 112 109
152 68 96
65 69 86
95 88 17
53 127 14
76 113 117
91 148 10
92 108 53
77 125 97
45 136 32
68 87 81
79 10 75
133 127 14
120 62 25
8 65 10
153 38 90
123 14 37
127 130 114
9 33 96
15 114 40
21 22 49
8 2 20
4 99 84
111 60 64
41 124 117
35 33 113
8 126 116
137 92 3
36 30 4
20 104 102
16 54 33
110 143 42
73 123 35
34 71 19
116 18 104
115 37 115
154 116 19
12 61 57
144 77 110
60 140 42
78 51 82
149 67 64
49 79 18
52 87 75
66 29 41
8 113 14
5 104 90
51 57 53
49 15 59
89 47 74
14 30 75
79 48 117
48 45 98
111 96 19
4 152 16
7 1 91
39 123 17
94 110 66
116 77 82
99 142 29
155 18 26
60 131 35
128 137 55
3 71 77
40 118 22
49 127 26
138 39 84
65 127 52
8 13 89
83 113 72
44 84 54
78 67 14
58 44 107
157 83 27
118 89 66
3 136 72
115 144 32
74 136 63
13 110 8
154 60 97
42 129 74
50 15 3
39 90 88
128 69 69
84 39 70
111 1 87
118 104 75
81 43 85
86 122 21
98 75 48
44 92 111
116 73 59
6 84 87
99 67 87
92 6 22
48 103 8
103 109 59
59 152 93
113 153 22
140 48 50
116 10 86
27 4 32
71 66 102
108 38 48
19 130 75
152 99 89
88 68 96
30 66 103
13 122 93
112 14 72
121 109 92
21 132 105
147 64 15
86 133 100
153 153 38
134 132 7
65 68 98
155 109 1
45 92 18
143 47 44
78 144 38
147 31 96
94 20 30
130 18 41
147 55 84
68 32 30
124 119 54
15 68 43
70 8 68
114 34 29
150 76 2
31 8 70
76 44 54
23 106 83
66 82 60
54 12 97
59 1 53
77 122 23
33 118 96
54 102 117
112 41 69
9 121 66
41 140 69
79 124 90
15 143 54
130 79 66
133 38 6
12 102 76
152 123 108
89 145 107
100 146 44
53 58 53
28 126 62
139 130 60
78 110 113
4 107 17
13 91 50
15 147 9
93 116 95
30 78 14
94 158 63
34 89 113
39 66 24
26 94 60
117 151 68
12 33 108
95 66 85
29 145 111
15 133 70
1 15 67
69 9 66
143 146 79
2 42 88
47 116 34
87 122 39
126 43 78
81 109 70
134 146 22
142 62 8
1 122 60
146 35 95
129 101 14
91 11 44
86 136 48
37 28 14
16 135 18
139 48 75
112 54 41
9 97 50
25 52 48
117 2 69
26 81 101
137 144 103
67 100 43
52 94 102
76 51 98
47 15 21
56 20 93
68 41 88
101 148 22
36 123 1
133 46 51
30 132 5
34 18 109
81 50 47
145 114 52
49 72 115
16 125 95
11 51 79
140 150 15
44 143 43
132 140 21
65 12 87
49 63 72
38 62 113
153 12 90
147 94 34
122 68 13
3 156 84
134 10 29
150 24 17
129 41 2
91 112 13
42 16 31
100 15 2
111 72 39
120 21 33
66 40 70
132 129 68
104 40 70
85 94 10
36 66 92
98 45 5
151 103 102
89 140 12
73 142 1
144 33 32
1 84 21
56 103 107
13 4 95
157 29 104
131 22 44
111 139 79
39 1 100
156 17 77
33 38 35
35 90 53
129 103 114
152 108 37
156 90 56
5 49 88
74 57 45
10 65 83
30 62 78
157 43 49
144 43 116
113 96 62
104 71 108
58 79 79
45 126 2
115 131 54
8 23 110
8 48 70
158 133 81
83 130 93
27 94 97
151 91 38
19 57 63
36 88 96
143 133 19
41 143 98
144 1 20
72 89 112
147 93 92
74 95 13
40 148 46
96 146 31
77 141 33
151 49 54
72 121 61
120 35 13
116 4 112
136 87 89
27 107 91
144 120 11
140 142 75
103 130 74
55 44 4
67 55 11
117 124 72
143 48 108
94 70 112
34 32 111
40 110 65
7 13 104
155 36 71
1 42 67
87 49 30
78 88 86
147 5 78
122 67 19
55 92 21
29 67 6
44 27 107
67 105 26
142 139 104
42 43 47
80 73 61
36 76 45
66 82 6
22 142 116
92 105 72
55 145 81
75 61 60
130 119 45
111 155 114
38 49 4
151 9 59
58 13 111
120 12 112
87 138 46
102 73 17
22 23 109
118 7 7
102 115 19
51 149 112
60 127 88
105 134 100
94 38 103
120 117 65
77 95 96
76 77 55
149 144 108
97 71 42
140 14 23
90 74 65
21 48 66
99 26 12
105 39 104
104 95 89
7 63 81
13 33 73
103 13 81
124 98 27
104 121 9
95 76 43
136 76 1
111 64 18
65 20 117
19 36 43
71 2 10
138 101 43
61 28 43
68 127 57
9 131 25
124 40 100
86 78 117
3 99 116
49 106 24
56 74 87
88 64 104
101 63 27
80 29 88
16 125 62
40 143 83
27 120 94
101 43 47
105 82 74
107 145 68
61 6 45
10 82 102
157 102 44
93 18 24
3 80 86
26 100 47
128 13 102
53 140 91
135 97 53
67 64 55
128 30 58
86 130 35
118 148 109
109 40 99
78 93 1
47 88 100
84 43 117
71 87 48
122 69 28
100 67 107
63 6 34
13 126 2
104 71 70
116 61 13
154 97 45
122 66 41
62 142 86
53 81 107
99 1 104
15 74 84
132 154 9
46 147 75
7 62 75
109 133 29
107 64 27
116 148 75
52 58 5
26 20 64
87 42 79
154 15 25
55 78 77
150 6 33
125 41 31
61 93 114
127 60 15
15 50 95
141 56 5
153 112 80
116 28 57
140 139 18
121 42 37
85 9 37
60 14 6
153 51 11
17 40 59
55 22 47
53 116 54
151 144 62
104 8 115
105 35 93
80 6 95
47 9 60
136 53 106
102 134 115
120 83 34
20 103 50
71 55 9
31 65 47
5 69 108
142 120 46
71 105 4
16 31 98
134 30 42
29 40 64
56 93 104
44 127 49
109 83 63
69 56 88
114 81 71
47 125 110
135 121 71
100 87 91
120 118 104
131 156 5
117 156 103
10 103 7
93 77 46
127 87 112
84 15 23
148 115 105
141 102 68
60 67 20
157 144 92
6 129 19
131 49 73
154 53 12
44 17 84
14 129 91
31 34 78
149 27 80
146 94 67
13 100 59
129 51 24
29 117 77
74 158 79
43 151 40
148 54 38
64 156 18
115 126 76
113 9 87
62 141 64
41 152 61
135 129 56
104 57 89
27 117 7
28 117 94
126 155 116
105 38 104
51 63 106
122 62 32
88 33 10
116 143 75
92 18 41
155 67 114
12 92 101
22 74 81
74 120 113
87 72 69
120 124 112
82 141 16
115 122 63
100 97 117
83 47 54
144 117 83
133 144 88
143 33 13
79 148 107
14 4 78
67 125 2
27 99 36
142 150 111
132 60 39
8 28 65
108 16 93
49 59 114
157 102 105
91 57 46
33 21 1
112 151 12
146 26 110
3 61 96
139 29 17
18 111 36
57 10 57
118 31 94
56 42 114
62 129 69
124 100 112
76 86 89
136 44 56
50 132 9
104 36 58
37 21 92
76 57 85
2 109 115
130 78 10
155 25 80
88 36 107
158 8 116
105 45 33
72 43 63
71 91 103
79 84 78
111 70 46
122 43 81
60 115 98
99 72 62
97 8 84
110 152 116
106 26 8
24 158 12
45 70 18
48 136 30
53 7 88
97 42 99
148 55 32
105 123 3
120 138 68
137 101 93
98 57 101
139 32 51
156 116 67
151 16 22
128 75 85
47 93 31
19 151 6
74 36 40
99 53 58
37 8 33
43 111 25
57 82 33
48 2 74
125 31 34
121 81 66
56 70 83
25 76 89
155 20 92
99 90 94
139 122 38
41 137 56
100 26 68
4 10 82
2 148 48
123 61 59
158 35 84
97 158 24
15 132 8
22 130 50
44 21 10
28 31 97
114 35 5
64 100 29
9 42 29
10 76 39
108 94 42
9 133 3
129 42 9
82 115 28
6 155 67
150 6 16
135 55 117
147 71 2
42 125 89
138 39 109
93 60 66
157 151 105
65 149 104
125 30 38
126 98 47
31 42 106
42 130 103
2 41 61
111 139 6
36 149 30
131 89 107
49 139 14
15 58 3
80 20 58
113 23 47
131 70 46
104 123 115
66 157 51
107 7 11
68 38 107
77 102 24
158 24 97
26 73 16
87 110 108
139 93 102
29 147 57
105 129 49
119 118 50
98 33 89
31 139 1
69 116 83
27 19 100
48 119 13
52 24 7
95 135 74
26 4 72
68 66 91
134 55 95
25 26 81
125 105 35
5 113 7
108 29 33
75 112 72
133 9 47
90 138 49
69 38 47
117 86 7
87 13 42
39 90 3
97 31 72
122 101 7
33 6 29
104 18 21
129 110 65
6 26 71
37 6 5
123 109 12
101 72 105
158 153 2
31 49 83
107 85 33
122 29 72
96 69 61
71 137 51
139 37 78
73 34 47
3 36 116
82 112 70
120 154 62
148 82 72
112 141 22
58 43 56
149 30 38
110 142 115
145 99 29
6 84 52
39 112 21
11 89 28
73 55 113
146 55 81
158 93 28
9 54 113
98 19 46
58 59 33
53 73 9
18 155 118
89 83 97
44 155 99
61 46 110
40 102 4
112 118 68
111 48 69
67 64 7
70 78 19
133 105 20
43 63 28
101 76 55
86 76 36
41 62 14
155 84 105
145 63 34
18 30 1
142 15 26
156 103 105
117 40 104
132 34 84
27 26 98
146 85 41
118 99 103
133 121 68
88 130 114
34 29 3
95 132 89
99 131 103
32 78 74
66 104 39
139 129 109
93 7 84
107 55 117
11 155 107
150 52 44
36 37 99
74 20 41
86 122 101
114 8 74
110 38 78
90 75 107
145 91 79
109 95 110
23 31 41
45 89 52
30 26 108
96 29 10
132 29 91
72 140 64
158 86 17
112 67 113
14 53 101
66 19 108
108 138 23
121 90 10
32 102 103
95 37 49
87 32 99
146 78 44
5 51 104
35 127 34
82 116 5
142 92 107
54 16 40
24 76 90
156 38 108
134 151 101
32 113 75
148 68 20
129 93 93
25 137 86
86 146 12
158 133 112
13 74 5
36 84 37
67 134 109
8 56 52
1 108 59
2 105 74
52 76 95
34 157 86
2 146 103
131 46 75
123 8 9
4 76 40
14 12 69
152 84 26
88 22 44
48 59 42
4 12 30
119 157 11
98 146 11
98 73 60
33 88 71
113 135 64
73 27 1
8 110 93
4 116 77
41 34 63
107 14 75
93 67 90
124 88 32
99 100 106
38 149 103
98 63 23
143 158 79
151 94 1
42 123 103
40 134 65
28 137 115
62 29 17
157 53 94
72 113 113
86 133 27
51 97 92
46 42 112
28 16 41
64 94 95
21 150 89
38 54 31
5 156 11
83 117 16
110 129 23
65 150 40
64 157 8
4 16 46
64 150 69
114 14 25
8 62 18
73 19 74
3 133 100
69 152 39
11 23 47
93 26 45
106 135 6
61 85 85
69 95 106
87 20 82
110 99 16
76 157 68
7 12 78
144 91 6
143 68 43
155 57 19
76 44 118
48 93 117
9 127 7
115 30 116
123 151 100
136 82 25
142 149 32
124 103 64
89 37 11
54 99 18
77 142 79
26 142 5
143 31 49
17 110 93
51 80 31
25 34 26
81 95 38
91 135 5
137 42 4
107 81 60
84 2 76
116 4 94
61 126 40
115 46 111
46 7 70
72 89 27
1 90 31
130 46 53
129 18 68
125 149 87
27 21 30
4 13 5
25 87 94
129 49 105
112 79 1
99 44 70
51 25 108
121 70 16
6 90 90
5 149 60
126 119 6
61 100 75
27 116 37
80 120 112
143 72 5
93 22 1
132 134 8
111 116 76
55 19 6
37 61 87
59 156 65
118 22 28
106 39 51
20 50 31
136 93 17
31 139 47
67 34 1
15 30 86
14 155 70
94 93 115
23 84 17
114 24 93
151 8 111
10 86 111
147 45 89
26 97 21
10 65 53
138 81 91
73 133 13
92 128 62
120 25 102
62 132 86
92 48 54
61 83 3
37 71 30
64 42 75
111 7 96
37 129 90
71 87 73
71 90 72
146 19 81
7 69 117
38 42 3
11 123 74
61 36 106
85 157 110
32 144 36
54 78 21
64 121 64
142 44 10
92 9 21
5 132 74
52 145 10
147 75 87
76 109 37
78 8 104
51 37 70
91 16 15
113 114 85
57 110 25
42 127 16
54 81 43
14 64 79
41 105 93
116 145 53
20 49 63
7 137 67
20 130 97
14 153 56
8 127 34
59 135 23
61 148 104
7 151 19
86 64 1
1 154 80
66 131 106
139 155 68
16 122 102
136 4 57
78 93 60
139 135 88
78 81 118
138 105 78
36 17 76
64 139 92
107 144 38
69 20 87
122 13 20
61 27 33
145 82 28
13 111 40
90 71 69
10 77 100
74 103 6
137 38 20
16 30 60
3 27 25
9 56 22
146 147 85
66 41 59
90 73 99
18 79 53
126 121 99
94 115 83
51 37 16
15 26 102
91 72 97
79 14 80
107 24 20
99 134 71
106 118 115
157 86 60
11 91 95
126 134 35
85 24 57
78 94 74
12 78 48
151 77 110
1 68 24
106 69 82
142 80 97
33 11 24
129 148 58
22 121 38
116 41 2
75 9 64
5 97 80
81 54 9
80 63 87
68 49 12
98 42 28
138 127 111
54 104 77
35 149 117
131 79 30
33 2 25
123 95 37
31 61 52
103 48 93
125 62 43
32 96 80
100 27 42
126 12 55
141 142 17
73 42 96
33 127 104
129 139 34
18 15 26
54 152 64
151 115 37
115 73 8
31 26 54
27 48 90
38 2 8
54 82 24
153 114 48
81 30 110
125 157 82
60 126 8
5 19 48
10 6 33
9 70 47
139 156 32
123 115 62
123 103 81
76 81 103
71 114 42
85 52 47
58 44 69
137 9 45
16 11 88
146 9 107
96 131 50
131 147 17
39 46 90
119 74 34
22 66 8
99 31 89
8 111 75
114 85 111
136 32 90
147 82 56
91 137 59
50 12 82
112 129 1
23 153 15
143 105 32
133 27 77
63 116 103
57 148 110
46 126 97
129 80 49
2 64 114
58 35 100
157 122 62
86 140 9
23 110 8
154 130 29
45 103 51
65 102 41
93 152 8
118 16 8
17 122 90
134 152 29
113 91 1
58 145 60
83 106 108
120 148 23
33 101 94
15 17 87
121 117 38
134 125 49
4 108 82
43 69 99
79 127 111
112 20 113
15 96 28
73 56 12
5 34 99
13 89 36
51 121 68
136 16 27
31 100 37
40 12 27
124 126 19
96 27 33
19 75 108
37 14 43
2 142 109
149 117 20
94 158 77
3 3 34
86 23 47
75 111 33
150 156 12
39 8 69
110 42 83
44 103 118
67 18 54
78 143 61
147 15 39
87 84 69
155 49 54
44 24 58
106 156 70
105 158 33
124 27 1
83 36 118
146 118 56
103 122 109
137 147 102
34 5 77
90 45 92
69 53 22
64 5 57
14 126 96
11 98 101
99 124 100
18 131 71
116 115 104
7 158 104
73 71 53
95 142 112
7 150 96
70 61 19
81 34 106
112 82 92
13 67 71
88 25 21
151 130 91
1 57 108
83 126 32
20 126 1
53 77 10
40 49 75
84 86 32
118 89 31
125 58 97
79 65 88
14 127 76
106 52 43
45 126 8
61 154 61
46 132 86
32 110 105
47 92 46
96 96 54
98 56 46
73 16 95
89 2 45
128 89 83
154 80 50
114 28 94
49 61 14
92 94 66
16 93 50
140 81 97
22 30 108
26 100 89
90 67 28
122 105 94
94 13 11
101 58 36
61 52 78
66 133 13
21 52 3
130 119 112
4 34 95
36 146 34
141 81 51
151 18 99
151 142 61
93 134 56
36 67 6
70 138 7
93 85 38
96 117 102
54 157 5
6 149 69
86 112 59
126 59 95
125 92 45
93 90 22
128 143 116
20 86 94
147 104 53
101 74 118
148 131 79
48 121 102
113 63 43
136 36 81
101 55 103
60 67 81
57 88 1
107 121 97
155 75 27
136 60 61
124 13 83
117 40 68
48 97 32
85 74 107
153 67 20
115 8 86
67 125 34
52 119 82
153 42 90
77 68 54
155 23 98
71 19 9
84 6 90
99 123 57
55 34 57
139 99 106
127 116 109
26 115 90
88 31 88
4 60 100
82 105 112
149 108 52
152 43 81
63 90 50
18 102 90
135 106 89
153 9 22
152 39 97
143 50 99
66 138 59
80 144 111
88 77 117
104 38 84
84 33 65
144 9 51
149 158 107
135 101 58
93 81 110
124 29 93
58 4 98
48 37 67
108 118 107
69 102 21
31 12 3
7 72 21
49 22 15
66 84 30
143 77 113
43 65 26
62 5 113
71 65 59
46 116 35
98 29 108
60 61 45
33 132 92
80 4 64
158 136 27
45 105 53
60 21 46
83 154 62
21 122 107
152 68 47
24 85 115
112 74 73
18 16 93
82 91 42
155 39 46
130 37 10
91 90 24
2 102 4
34 40 11
146 122 113
28 109 116
79 74 4
41 44 78
155 32 3
45 79 93
77 129 9
25 27 50
90 128 56
122 117 60
46 83 68
12 105 12
135 23 62
143 16 33
125 87 105
24 103 37
49 112 107
69 157 5
9 47 9
71 110 24
123 97 35
40 132 108
150 128 44
119 86 118
54 89 14
21 36 25
69 97 40
121 106 12
36 144 89
15 109 111
17 96 69
5 65 26
81 48 107
145 118 106
23 127 55
3 53 36
79 59 15
81 22 51
48 103 45
10 158 78
20 96 104
20 6 62
24 30 51
138 128 3
72 17 75
88 33 81
136 104 103
102 97 21
3 76 8
111 64 63
29 125 41
126 71 94
84 97 48
41 88 88
16 45 24
4 133 17
112 49 74
32 78 6
22 50 29
41 106 27
102 20 89
36 44 37
85 116 30
107 97 111
13 148 73
28 111 112
129 134 97
128 55 67
43 100 47
33 75 86
157 137 75
153 74 98
95 122 100
109 110 115
43 37 77
76 137 37
141 135 57
63 132 101
98 52 53
33 100 13
8 136 89
81 147 14
138 157 75
8 128 27
81 67 109
82 157 59
140 146 109
138 99 10
142 123 116
35 7 12
91 48 61
145 115 13
110 134 63
38 158 97
41 157 42
144 134 13
84 141 55
98 47 41
49 123 44
48 86 117
79 119 106
122 141 94
25 22 44
49 3 8
12 140 94
9 15 11
58 26 73
50 61 88
125 130 12
66 73 117
98 118 20
