414 6411 637 140
580829 102234 306514 860746 668877 258262 205165 326512 416970 77514 177819 75785 655247 79575 321338 206213 940712 862819 88297 643718 816156 438865 988501 948944 736413 933296 58310 486348 616922 901326 504649 706643 139960 686756 230995 975913 233050 295903 426138 942733 695607 223041 144553 597729 856197 369836 969669 501113 671445 515071 203186 227900 77838 277766 306721 783266 861736 780888 766955 652230 508119 787836 436935 660704 444210 152778 884079 171720 553285 187495 699393 895976 447156 781785 741205 169391 511828 236427 416407 738971 443105 387160 543062 780554 318947 206452 633563 509121 354993 447631 646538 51331 297984 311360 565653 463166 875569 954661 318018 373605 750815 679006 867800 954213 226147 824792 137176 940487 695920 230191 71631 413145 573824 328866 50819 81031 247900 836481 207107 706085 832534 844303 965677 523344 713868 451148 879604 961091 745589 579203 464058 391603 773453 356260 679321 181214 451001 425197 109535 259031 904799 852671 728322 80116 90894 15088 242051 276070 360794 172605 62628 823267 299418 838549 45822 912176 675133 263454 362041 815590 593995 665780 81262 244855 588638 467245 545328 963461 570214 710395 737013 630330 409361 209239 183568 446359 530838 826699 581258 585014 817016 379521 643458 899222 979978 298354 50152 197029 607604 320292 343980 170861 260345 634938 460022 876939 344458 244729 462187 622245 175437 484100 705670 186456 988652 905844 99015 206857 64222 179110 386660 264306 247379 960604 355745 446331 862668 242022 609375 735668 163646 316991 988753 33345 894364 724886 367332 370869 514765 17648 3452 643911 115756 178135 805778 740249 345966 888158 564102 593634 405925 208017 347009 248710 35104 926481 295076 509485 950456 189081 222945 320702 979628 776725 972461 582595 297315 880941 867514 180994 14661 323132 522776 424192 459051 814556 218527 610548 688094 425289 392368 232349 463126 938234 804280 548232 269075 272830 884680 312773 767249 308611 365659 103250 400525 749556 698871 285989 936135 973015 528892 381623 300495 833566 126578 34308 37256 773516 392812 89976 579088 799968 920504 926736 962606 572371 267876 641057 243682 512882 1832 596090 856892 449856 525464 883306 192525 921577 295975 716635 70540 244320 138059 750050 357588 35173 278563 52784 768501 513028 224378 68951 421959 954016 226971 884423 241481 629866 829160 53831 425042 637008 398773 442576 863378 313806 732034 416557 775997 539807 283417 685517 631648 775383 18625 165319 779309 59581 228919 111523 472314 31091 942866 455732 996316 393417 657307 183624 126174 617718 773105 787338 235231 519954 360772 486905 927259 192240 218479 179977 537215 792703 101718 699599 892051 795907 470816 159872 182528 127763 697755 227406 938220 734698 856324 180501 569774 800760 572495 868863 829544 105603 246185 169359 137287 839864 325310 237778 774597 502143 740995 97608 671020 745177
250 66 116
241 293 51
321 239 118
230 212 65
127 413 22
82 173 27
40 86 26
215 95 64
362 160 80
32 233 17
110 332 97
34 125 71
44 170 93
55 250 125
244 221 11
260 41 60
320 197 9
359 69 82
171 195 5
268 137 4
283 126 87
272 200 113
37 342 108
229 230 105
58 140 85
167 409 22
400 244 87
385 253 79
33 89 79
358 321 29
349 365 85
254 261 121
355 87 5
329 411 109
51 332 109
365 356 67
112 286 39
375 143 88
323 290 55
259 15 29
101 67 23
125 380 53
396 199 39
296 343 21
38 218 52
113 192 97
288 201 14
343 37 96
80 74 24
188 362 22
413 267 111
135 248 7
64 388 115
332 269 58
60 357 5
257 346 112
208 346 110
41 260 16
280 69 109
259 306 104
308 218 32
384 167 64
334 390 37
43 18 66
396 181 87
80 280 100
288 108 82
199 15 73
223 336 53
15 359 82
165 153 28
63 387 87
18 222 113
281 27 55
315 336 10
107 170 101
123 154 106
201 153 93
68 292 33
3 83 97
261 113 119
1 151 107
150 407 41
90 253 22
19 309 52
65 188 105
265 238 19
242 273 121
213 357 89
34 364 23
84 123 64
356 298 43
247 269 124
189 234 28
205 160 127
153 387 114
383 393 23
53 99 49
56 213 55
35 169 21
323 36 61
14 347 64
407 291 40
271 340 86
251 218 46
238 308 35
18 21 12
290 378 124
77 125 66
62 321 10
105 378 57
324 255 46
360 316 81
47 370 41
308 397 126
263 377 6
324 144 116
278 271 108
286 392 31
98 192 26
404 232 113
230 127 109
288 287 3
85 36 67
331 337 66
296 11 86
245 292 72
291 347 63
319 17 51
368 63 106
4 50 55
5 185 37
91 140 97
31 269 66
200 161 56
290 247 44
99 376 71
13 174 3
213 171 81
105 71 86
169 38 55
65 93 32
292 167 97
315 337 82
159 236 62
26 216 34
393 391 118
224 316 123
7 24 120
371 344 50
197 189 84
14 351 60
155 343 38
164 198 62
227 245 20
153 215 42
242 136 17
332 128 28
226 257 4
380 364 93
26 251 109
160 280 111
278 4 90
286 360 55
56 374 76
126 220 122
342 46 59
201 87 30
69 74 78
6 162 60
230 119 79
324 143 73
286 178 122
210 299 92
398 226 94
56 365 4
395 64 88
4 187 12
264 394 24
340 405 85
405 36 95
298 376 40
161 389 76
191 376 121
117 297 42
311 159 70
353 192 5
391 197 46
340 247 6
345 373 53
205 38 7
217 126 21
168 285 84
162 22 13
369 96 74
186 239 85
356 331 93
355 83 106
295 222 47
85 6 25
183 376 105
104 144 110
203 344 115
236 8 1
333 304 20
229 243 17
90 265 74
85 381 75
294 341 97
131 4 108
365 382 55
23 104 125
362 42 45
7 363 58
360 197 70
126 254 51
59 241 112
305 197 59
94 98 76
277 247 5
33 83 5
176 337 2
16 32 57
251 92 39
272 202 51
167 154 105
101 89 69
136 90 25
389 299 3
297 307 27
349 64 42
198 227 1
342 119 46
200 68 71
21 209 2
32 408 99
116 268 21
357 324 65
302 102 17
209 147 104
372 343 60
183 248 122
133 22 30
117 173 71
266 370 114
384 296 9
357 172 16
21 165 68
277 257 4
181 305 89
255 48 113
173 215 112
7 366 86
266 23 78
172 184 17
74 75 79
34 362 122
385 315 17
113 357 83
365 340 18
358 4 14
190 109 23
335 366 55
413 54 57
166 33 36
202 140 64
36 311 102
197 55 94
383 230 15
123 384 76
319 384 1
310 46 12
25 241 57
339 92 78
309 232 106
168 201 10
2 235 21
209 364 15
145 217 45
401 325 49
349 20 32
192 185 17
232 109 15
305 93 17
350 96 39
38 155 99
92 328 4
188 291 45
7 150 25
132 134 68
287 20 55
9 216 106
122 155 44
122 237 87
66 175 56
406 63 40
277 340 33
339 170 56
141 42 36
405 342 107
374 190 118
344 139 42
115 161 62
116 371 19
33 316 41
290 273 82
182 94 2
167 17 114
184 369 56
368 12 33
260 6 100
272 72 29
378 326 97
258 355 18
327 108 14
337 219 53
161 366 54
342 230 127
412 265 118
157 239 82
21 384 14
40 166 106
100 280 12
112 102 32
305 323 21
250 94 33
24 201 22
350 25 30
161 150 17
293 337 63
167 63 85
13 48 88
106 63 32
216 385 68
120 243 89
206 36 52
329 273 13
96 310 2
112 404 16
129 272 47
249 10 1
232 144 82
62 189 77
338 282 48
58 363 100
81 281 50
408 281 27
228 95 7
307 200 42
253 61 46
21 13 77
226 313 91
4 243 36
3 339 112
332 76 29
354 104 7
186 227 85
322 405 54
97 406 79
206 306 125
305 144 79
295 104 7
132 372 118
94 378 19
76 379 25
68 182 30
67 15 63
258 95 108
312 153 111
288 66 119
254 406 29
44 326 109
84 210 44
166 177 38
340 152 88
126 159 30
383 346 23
223 165 115
355 371 22
54 192 92
103 308 93
10 307 54
194 351 108
300 406 90
69 245 29
67 390 21
404 126 36
226 111 92
311 62 68
304 156 75
172 374 11
316 175 95
220 252 89
231 229 11
274 140 13
230 308 81
1 119 72
232 238 10
212 180 108
387 223 50
409 305 53
22 229 17
124 135 17
271 255 102
237 200 100
79 386 44
362 413 75
34 267 75
152 116 33
33 62 127
318 227 55
296 312 31
238 267 64
271 311 107
321 145 91
281 104 58
225 108 76
156 157 98
53 33 28
198 42 20
54 137 112
43 130 24
400 165 62
325 357 87
134 372 109
412 203 114
100 247 40
195 305 95
180 124 31
337 200 47
108 328 114
289 390 67
60 323 113
90 42 8
53 34 66
374 387 114
109 30 26
234 393 125
106 368 63
226 110 59
326 19 13
46 191 115
359 128 81
55 248 45
73 157 107
23 195 122
126 322 73
397 406 70
122 264 63
410 182 48
414 97 16
197 301 87
207 301 80
102 379 85
349 215 85
175 199 89
56 140 42
348 141 9
192 190 84
146 392 65
57 65 71
66 212 38
324 349 59
28 278 102
349 12 106
114 104 57
406 140 40
401 397 119
312 64 21
211 326 58
328 154 55
78 408 102
139 226 11
147 272 62
129 344 99
187 329 32
211 142 13
169 313 106
61 121 119
180 297 97
70 141 98
53 131 95
189 32 79
242 121 42
90 112 46
182 307 114
316 282 74
179 213 95
330 136 127
359 140 15
231 159 29
207 344 12
77 233 102
130 221 59
240 161 21
293 170 1
348 155 4
150 403 90
228 188 81
158 397 104
368 67 53
124 340 118
397 170 35
319 5 126
260 391 112
319 377 68
198 316 76
396 16 50
93 64 78
297 67 95
113 260 95
152 27 98
152 34 61
214 382 13
251 236 26
379 203 122
346 157 23
408 309 90
117 311 119
329 222 68
104 387 55
236 264 125
18 47 30
292 322 21
118 113 105
346 287 117
68 366 105
411 151 85
278 388 56
216 286 19
8 28 84
103 342 105
120 179 102
43 199 26
169 16 100
145 205 112
83 140 100
129 349 66
177 341 6
53 335 59
365 61 41
275 323 8
300 222 101
400 127 102
110 108 95
20 249 36
57 198 99
26 340 88
29 39 50
294 182 46
388 1 96
133 13 72
169 112 86
19 73 98
328 8 52
55 332 84
10 93 120
264 259 100
75 204 88
68 306 57
206 401 110
182 228 1
144 316 83
334 248 118
370 320 23
330 135 111
352 368 72
317 392 76
14 254 117
7 16 70
314 92 83
271 102 64
240 153 62
384 139 5
156 78 87
310 56 76
65 121 122
312 86 66
94 177 46
398 63 39
24 104 3
3 408 110
209 397 100
280 398 93
285 213 27
180 137 111
162 305 8
233 146 119
212 395 117
407 377 31
315 356 43
356 216 86
41 140 118
320 35 28
315 316 106
10 189 56
148 176 97
139 163 98
331 272 56
34 100 83
343 45 27
392 199 96
285 370 1
266 32 116
282 353 83
298 109 35
182 122 8
331 274 103
67 158 50
213 108 107
145 271 127
154 406 7
318 372 48
121 358 5
270 361 45
379 27 16
215 99 35
128 287 104
350 382 127
1 322 75
414 49 5
191 150 124
257 375 78
234 274 53
211 47 24
85 170 74
278 393 45
40 107 111
11 256 53
195 370 70
376 218 75
302 281 40
323 340 91
209 251 99
325 23 114
327 214 127
199 355 18
328 198 31
16 218 57
297 117 47
407 174 87
192 376 66
117 141 79
151 299 113
63 218 88
395 367 92
194 323 65
370 128 78
70 175 5
20 29 70
140 261 37
72 210 74
105 218 9
297 306 94
245 39 22
252 61 7
178 125 5
114 111 118
335 349 1
319 376 91
224 212 119
166 368 88
130 23 10
272 13 55
347 191 87
13 56 35
235 314 91
98 295 111
69 204 20
73 1 24
162 172 126
163 77 127
13 338 67
46 118 89
101 368 22
365 264 25
158 30 1
24 68 20
258 230 82
356 318 4
211 343 27
309 347 77
12 247 61
346 1 25
285 283 51
84 176 68
288 389 74
335 81 118
10 142 62
200 286 74
134 7 73
295 79 122
146 344 18
412 288 114
334 100 39
18 124 78
340 184 28
395 392 43
63 176 80
153 333 3
11 396 74
356 152 16
10 78 63
409 290 2
66 286 75
322 203 58
58 253 25
336 100 5
179 107 57
363 148 66
83 147 70
141 393 3
181 156 22
55 43 52
9 292 52
116 314 32
73 193 72
184 234 49
217 312 126
31 19 97
143 183 9
181 344 12
73 369 19
114 212 40
271 29 19
254 343 110
216 302 112
46 223 46
14 189 75
60 298 110
368 410 38
41 302 44
364 160 109
80 145 114
136 327 24
47 45 14
152 70 115
137 334 126
62 193 73
29 148 43
296 192 28
403 190 58
397 143 99
358 160 43
322 148 81
40 138 16
295 359 87
221 301 124
223 247 70
103 66 86
101 116 3
30 226 111
169 273 74
113 67 100
92 263 67
345 382 117
95 268 56
214 49 75
414 11 84
87 216 12
198 23 56
43 120 62
264 120 33
2 337 65
143 384 113
377 163 35
210 51 71
370 197 23
258 153 61
196 404 65
216 177 6
59 405 42
126 157 120
283 260 77
62 131 59
348 383 6
67 396 80
332 396 119
203 129 98
275 329 40
225 209 36
410 211 127
53 271 9
298 127 12
199 369 10
68 349 108
306 252 30
60 136 11
78 372 73
71 389 123
115 155 65
69 27 19
5 324 6
267 5 32
243 335 53
268 270 67
328 386 29
81 221 111
46 243 112
316 239 54
357 372 96
114 59 1
346 403 42
96 58 91
273 152 32
300 208 116
398 155 47
394 131 66
246 247 2
9 148 94
117 172 53
254 110 67
197 232 38
183 153 22
219 335 17
178 316 98
373 162 84
71 167 97
179 15 93
304 39 127
169 371 59
73 201 105
302 253 35
307 390 65
327 205 82
393 14 87
69 79 109
219 114 5
413 286 62
364 52 118
129 2 49
15 141 29
336 406 38
198 213 50
300 214 60
389 39 5
234 229 92
409 394 86
72 244 62
114 295 50
15 75 34
173 338 8
108 86 89
279 173 89
247 258 116
87 328 8
287 206 123
315 414 78
375 207 110
328 308 97
44 3 55
230 357 11
82 398 86
335 124 124
394 366 20
121 294 56
335 377 82
87 146 68
15 313 11
291 172 65
31 150 49
28 212 59
95 373 26
121 6 119
274 206 19
158 133 47
89 349 111
136 338 112
342 103 31
87 9 40
333 308 56
363 245 60
46 157 66
211 109 58
57 270 106
105 227 48
281 75 120
211 36 84
338 48 107
45 223 47
62 18 99
36 85 87
299 154 79
357 231 98
377 259 38
254 254 34
374 222 50
203 63 46
358 334 115
120 178 92
248 191 45
183 212 71
13 263 75
408 24 4
40 391 27
328 106 53
23 159 105
333 367 29
189 290 51
169 124 55
134 218 77
166 71 126
363 222 1
388 23 105
360 262 89
370 343 17
91 343 60
353 197 104
383 23 57
18 19 59
21 213 79
41 261 114
395 82 33
372 15 54
103 300 112
413 147 99
56 77 98
74 252 72
331 242 64
229 78 98
350 297 91
402 250 6
303 377 96
190 318 106
44 318 35
199 322 1
4 93 59
68 132 93
264 263 120
164 145 10
169 129 126
345 326 110
104 19 31
70 392 24
144 205 21
86 324 37
364 24 22
27 257 51
359 296 49
348 113 110
130 335 43
97 312 103
180 37 125
249 192 125
162 86 5
143 19 82
150 266 107
203 268 118
160 389 98
253 273 12
57 269 37
144 251 114
327 144 123
246 256 57
197 406 74
134 392 120
224 121 66
9 269 77
305 86 47
148 82 91
237 176 23
181 116 108
14 340 24
121 215 126
226 378 17
145 398 114
32 178 124
120 128 50
23 215 41
392 190 33
34 209 30
100 345 50
126 182 106
249 302 52
125 187 16
216 390 5
354 45 92
232 325 58
112 339 6
297 389 87
179 75 18
57 203 12
305 370 124
257 383 123
117 292 44
122 124 90
167 115 30
59 271 23
85 42 49
98 85 95
108 14 57
195 175 75
382 216 26
163 270 104
178 91 91
297 271 120
341 163 95
317 66 47
394 218 55
397 349 41
345 305 76
370 143 74
397 273 10
74 340 61
245 193 103
395 258 11
296 348 64
112 29 117
407 326 9
113 324 47
407 252 83
365 290 25
84 330 111
280 90 6
177 406 57
86 294 52
18 81 34
116 278 126
327 179 22
86 29 104
260 375 116
205 129 72
331 194 1
227 149 72
2 274 42
209 341 121
203 161 62
167 361 41
12 113 44
309 111 91
176 400 11
167 245 22
114 309 40
301 212 52
372 163 45
98 195 28
304 53 124
409 343 80
102 127 91
292 376 103
266 84 102
374 410 14
168 220 80
326 314 64
129 36 92
216 391 37
39 269 57
324 154 16
309 77 117
180 66 3
317 232 72
50 264 72
411 342 90
62 228 9
352 371 60
54 226 102
168 242 76
373 223 46
260 196 114
184 361 6
123 257 81
165 210 112
118 350 113
68 3 13
115 132 37
351 191 83
98 163 39
11 320 99
347 224 16
319 391 96
204 90 2
141 146 86
206 362 58
126 313 84
62 316 47
194 6 119
59 282 116
8 309 61
196 207 59
359 317 97
312 172 47
171 293 26
20 377 50
216 402 26
317 375 28
352 389 4
173 400 124
342 294 108
213 337 49
120 252 127
131 59 35
180 132 93
274 79 45
235 101 109
69 113 105
90 24 1
269 13 94
285 239 78
368 364 59
78 47 93
398 190 89
319 75 118
140 153 102
31 118 103
317 135 118
295 189 8
166 266 55
384 387 38
74 47 60
146 128 53
248 277 119
101 338 20
27 86 39
389 362 78
367 253 81
177 184 103
19 109 45
246 208 118
236 259 19
317 279 110
242 15 121
362 242 1
405 239 113
155 28 126
315 348 8
93 414 43
113 95 45
216 142 82
351 174 71
142 298 102
51 13 96
293 366 50
102 34 39
115 232 70
332 347 122
209 282 5
240 212 27
219 347 28
88 339 12
333 316 71
68 231 59
55 95 36
47 274 43
308 201 60
57 84 111
10 274 77
299 406 90
355 117 14
169 65 77
19 140 94
287 70 123
114 200 35
195 25 70
175 334 31
121 156 67
403 368 40
16 63 41
100 280 44
70 48 81
97 220 51
157 305 22
282 35 22
171 274 25
20 171 20
197 130 3
7 363 58
165 240 84
69 344 48
78 125 2
237 20 60
137 271 66
340 319 48
392 4 104
336 23 85
6 182 84
288 268 14
234 355 74
126 304 75
6 32 30
269 250 62
242 325 7
414 277 105
177 42 33
340 34 77
94 27 71
103 282 26
367 95 78
129 193 65
326 235 13
392 320 62
133 191 6
361 392 55
125 177 42
399 3 49
378 374 105
10 201 40
299 62 13
52 243 68
75 379 86
229 221 10
346 363 72
363 114 81
119 143 119
314 275 30
235 355 95
190 334 32
26 289 101
175 360 67
399 273 57
267 182 27
93 196 47
250 21 121
63 315 39
203 402 105
310 132 95
81 355 65
363 213 82
5 113 32
76 103 62
157 77 94
261 165 35
167 160 48
202 18 101
73 156 118
98 142 11
394 97 17
283 83 123
58 258 125
334 34 107
401 222 21
91 101 88
325 107 29
263 261 109
165 74 24
293 220 24
315 179 60
127 71 114
111 219 105
226 209 80
115 65 11
315 265 4
356 131 26
241 116 104
152 412 27
263 392 63
27 286 70
366 188 11
256 193 124
158 99 40
94 306 101
157 121 96
162 52 91
30 124 124
142 273 16
80 114 72
34 389 111
267 378 45
346 413 122
259 136 107
391 215 51
247 214 38
48 160 38
186 122 4
254 44 15
225 202 122
176 197 104
401 189 90
25 110 47
104 164 84
61 275 95
365 411 52
277 188 68
43 160 113
50 108 51
350 48 45
352 70 27
132 322 84
304 370 26
247 414 26
113 113 74
299 389 1
51 382 50
374 57 65
157 334 98
33 102 33
183 203 74
111 42 19
230 182 51
363 141 9
332 361 11
153 413 115
387 196 91
315 193 105
258 284 115
188 152 105
111 10 76
220 414 102
211 235 10
85 83 78
132 161 33
49 169 98
75 188 119
310 256 88
292 372 106
23 117 41
62 156 66
414 1 102
292 21 91
175 16 63
9 195 86
229 122 3
413 123 73
169 267 77
112 196 119
403 70 7
170 186 65
22 95 41
157 230 42
251 323 120
373 121 2
234 92 116
260 288 31
333 238 120
105 358 88
104 370 120
384 248 60
348 233 127
61 183 52
402 195 115
9 247 2
31 351 63
136 218 70
353 166 124
381 75 10
218 156 21
69 67 102
98 313 87
316 387 4
21 6 35
258 368 111
257 8 16
254 35 22
373 117 86
149 237 78
88 45 54
2 314 108
94 159 95
72 354 108
272 400 24
144 348 72
156 171 46
364 60 65
136 46 116
68 368 107
30 356 111
315 22 93
212 97 50
305 79 18
200 301 91
33 78 56
18 326 99
211 260 10
86 270 14
235 141 30
400 384 66
343 286 123
403 3 110
27 15 11
111 125 116
126 214 85
70 97 26
123 69 54
358 15 113
291 332 98
187 207 116
107 58 12
92 249 21
253 85 7
272 88 119
57 103 7
278 68 19
149 120 124
352 224 25
30 153 80
125 269 60
334 248 6
324 208 65
271 40 39
107 151 47
76 10 2
232 139 125
101 232 86
10 294 35
308 17 36
117 101 125
238 412 122
149 265 38
387 142 82
160 401 12
385 402 127
45 318 65
210 236 19
277 198 108
95 32 3
49 257 82
116 394 26
131 254 58
215 138 94
116 108 82
250 176 18
113 151 62
93 183 20
171 93 28
389 35 71
15 330 41
255 273 17
374 176 46
318 390 112
334 45 109
214 6 37
231 34 111
350 284 10
163 49 60
112 257 47
111 192 124
285 318 100
295 60 114
9 165 78
83 5 87
42 191 23
389 190 79
279 303 13
274 387 119
24 39 109
116 410 13
376 134 60
167 69 89
21 237 61
22 308 95
297 378 38
342 169 108
375 203 34
92 277 14
390 396 15
274 131 31
304 179 54
217 276 105
244 64 59
106 128 55
86 18 46
22 152 6
105 351 124
298 75 59
124 310 100
45 25 98
337 145 109
265 272 8
371 289 24
277 127 125
110 22 120
414 152 85
209 255 109
268 377 71
159 350 51
137 43 103
168 110 26
279 2 75
236 93 44
33 355 12
288 339 72
175 51 78
370 272 13
11 326 125
189 365 48
190 407 46
70 354 35
374 36 116
166 130 1
256 47 80
323 386 41
345 23 7
126 42 54
159 392 102
181 311 90
355 200 39
209 399 116
107 114 16
47 197 61
58 68 95
256 257 104
96 410 95
345 340 110
44 102 49
282 353 82
148 216 5
86 110 104
188 125 72
44 373 126
279 31 123
344 75 92
168 66 81
64 296 35
69 373 121
17 205 124
79 273 56
243 382 20
234 378 100
249 358 54
340 247 50
175 115 101
137 70 74
7 364 24
266 108 122
138 118 119
92 340 8
46 162 123
116 137 100
329 242 58
368 309 96
134 110 120
380 129 103
206 276 30
319 170 21
392 244 95
184 20 111
121 117 77
270 157 118
198 330 2
164 308 66
149 405 80
304 397 85
259 317 29
313 40 48
167 390 75
182 81 88
282 150 113
55 318 100
73 162 60
287 344 115
395 232 117
276 265 97
359 72 84
4 57 68
321 178 92
364 320 39
245 293 103
301 397 35
95 263 102
367 371 73
282 24 105
40 286 81
300 259 29
379 80 69
1 123 11
347 101 54
62 362 61
83 362 6
43 179 62
8 269 112
254 178 115
381 270 21
399 68 19
252 390 79
268 33 67
49 176 70
47 263 121
79 86 30
16 71 91
236 245 60
382 381 16
369 119 13
354 255 30
280 386 68
31 371 76
57 397 90
84 346 16
356 378 67
240 203 36
122 178 12
220 375 24
107 222 29
192 266 120
125 91 53
305 389 100
188 228 70
146 190 87
190 250 104
34 373 4
141 115 68
386 183 5
126 232 100
150 202 50
359 384 42
399 186 111
407 141 37
36 150 112
15 42 52
114 32 51
118 273 110
337 77 88
388 377 63
345 145 25
283 110 114
182 28 51
284 154 46
56 316 81
173 137 54
342 344 37
66 411 81
412 111 15
124 201 59
322 52 111
151 354 106
175 412 11
139 272 74
15 328 66
410 115 77
313 37 20
165 403 121
240 293 112
364 111 10
111 8 1
72 381 27
364 326 41
75 178 12
307 207 76
387 238 66
372 90 35
354 149 88
173 410 68
331 105 21
291 250 16
327 31 108
52 240 22
44 256 84
33 180 72
102 83 47
106 388 127
77 263 118
149 289 35
387 341 88
190 227 65
48 178 91
361 20 107
175 128 126
366 19 61
321 259 115
222 382 90
281 40 30
119 386 24
244 75 93
389 59 11
283 5 69
390 291 44
168 147 123
288 19 99
122 228 20
260 193 64
321 361 115
161 9 31
231 298 13
28 340 81
201 310 102
200 159 15
71 258 88
133 270 26
257 313 62
18 403 23
64 375 81
237 293 87
114 220 16
353 59 80
376 328 9
162 154 120
142 183 49
91 228 30
392 84 23
289 162 113
304 302 100
305 382 125
179 152 36
26 118 42
243 301 39
147 178 1
405 65 71
9 225 68
150 321 124
308 117 122
7 253 71
41 398 72
374 375 119
348 157 6
410 73 3
76 262 23
177 63 1
365 284 118
179 27 107
154 136 62
121 321 45
212 402 39
320 86 58
61 398 69
404 121 22
355 67 2
171 129 82
372 147 111
201 34 96
282 83 61
241 409 20
240 221 7
28 62 115
330 343 82
191 143 36
205 4 83
195 306 19
158 311 48
35 297 97
214 230 42
60 160 95
57 3 1
369 207 120
19 281 119
179 351 39
215 348 4
184 222 119
342 333 85
241 248 108
389 183 127
289 300 99
150 62 119
346 368 13
336 414 71
133 102 35
304 387 12
330 124 19
99 304 26
56 46 113
387 307 108
187 227 43
321 308 21
403 55 11
242 330 121
230 333 97
196 198 81
97 310 59
391 316 84
276 267 7
131 45 112
352 288 78
378 302 83
320 316 17
288 9 19
219 399 71
321 289 52
338 47 48
374 238 18
241 247 18
390 391 16
286 295 33
257 223 60
77 236 46
350 191 61
41 21 99
349 312 126
10 45 47
301 40 112
194 58 15
369 281 80
88 300 71
213 201 27
316 145 111
194 137 127
77 203 96
379 96 100
4 73 52
187 138 51
67 351 96
114 136 4
99 171 99
303 161 17
378 118 43
329 88 35
41 299 38
385 285 117
403 84 13
390 184 54
121 294 119
345 406 98
413 346 86
292 338 31
339 55 26
109 174 55
272 404 18
371 403 42
158 139 110
9 290 33
33 377 40
393 27 98
401 192 49
24 220 14
90 47 97
91 84 39
199 16 50
316 118 90
58 282 78
129 45 54
320 88 107
20 261 79
231 403 76
178 259 92
153 412 9
354 9 70
265 6 32
198 89 41
334 242 109
233 366 97
410 36 39
64 362 104
261 330 68
186 396 14
344 325 59
310 248 108
69 2 103
317 271 30
4 17 77
343 148 88
113 411 76
124 17 125
371 168 95
366 286 38
28 397 49
76 123 97
149 226 36
128 383 11
198 211 43
388 248 61
261 61 21
152 48 40
405 393 11
173 117 86
53 207 15
210 115 28
138 79 32
94 408 18
35 245 107
201 212 104
178 179 87
139 135 73
351 238 94
82 361 43
107 389 61
115 275 44
189 158 91
277 75 123
51 257 66
122 171 99
102 327 52
358 164 121
221 59 41
24 33 79
2 265 123
228 313 115
21 282 41
161 198 71
125 336 108
391 56 100
226 282 17
105 125 60
294 58 60
360 408 92
377 163 105
197 152 92
337 122 96
47 232 98
112 382 18
192 243 46
327 304 41
334 48 16
242 236 8
286 208 38
4 273 25
248 127 89
356 62 25
388 28 17
14 141 85
17 163 115
62 373 7
8 359 2
136 377 122
213 130 1
394 297 75
298 191 24
181 101 123
313 412 10
259 161 109
410 295 126
341 151 51
237 227 107
207 105 101
222 261 116
246 136 100
154 392 73
353 170 57
179 260 81
226 269 6
312 242 113
29 47 26
17 228 20
383 74 64
91 106 47
384 145 24
253 407 32
211 45 92
216 222 72
106 248 86
122 252 67
215 127 16
230 74 82
10 201 104
7 190 2
284 322 22
381 301 63
107 88 74
333 95 9
103 363 123
172 349 95
202 155 110
31 164 59
316 208 113
329 398 27
207 44 71
200 36 122
292 104 99
13 133 93
210 120 47
136 178 46
321 332 107
229 76 66
340 307 99
204 252 69
231 110 46
152 142 113
191 48 125
338 292 85
403 48 92
411 41 17
313 382 115
168 193 56
230 215 73
398 195 32
406 296 111
333 320 15
142 60 10
370 186 95
321 107 78
88 100 40
240 74 52
89 261 4
80 307 25
135 63 16
393 161 50
116 213 60
2 195 46
215 103 15
46 239 83
334 169 106
55 102 41
107 279 106
254 34 67
256 1 125
337 402 86
172 123 123
372 402 28
412 312 36
216 247 124
336 277 24
371 161 7
47 197 71
116 197 127
143 225 103
97 286 80
54 133 48
204 235 108
213 80 3
386 411 103
369 72 80
176 366 50
29 371 120
56 278 121
344 37 37
204 36 5
342 131 100
361 166 79
45 109 120
225 284 67
123 209 8
248 276 99
110 219 44
47 155 79
98 119 9
397 250 107
109 55 66
240 355 52
163 348 20
67 371 11
92 269 95
74 192 17
36 165 9
129 390 45
234 134 65
310 6 88
119 308 62
1 248 23
3 183 19
195 96 40
241 106 67
127 294 7
306 234 9
215 152 10
64 75 16
265 312 22
55 3 113
159 289 83
7 308 57
273 140 17
94 93 98
159 175 53
313 389 29
93 182 95
195 187 127
166 144 116
354 365 15
339 93 120
86 255 101
34 237 33
256 392 56
317 347 10
60 26 125
93 93 79
203 191 115
146 156 82
170 61 86
244 4 68
90 243 26
382 357 32
345 300 37
349 323 57
270 409 62
271 68 48
252 19 69
364 153 111
359 331 36
387 203 39
376 90 108
108 57 79
403 137 79
118 247 109
217 188 61
363 45 1
258 349 38
249 271 53
80 141 103
300 209 126
106 394 65
62 59 20
351 393 13
151 79 13
60 167 29
116 51 118
305 131 5
182 171 71
283 280 47
376 225 64
172 343 9
70 167 29
223 83 61
182 199 82
354 278 44
275 273 17
346 105 42
171 238 73
358 44 50
130 413 111
306 6 115
103 407 124
327 278 48
197 74 50
92 304 49
52 120 46
304 164 65
244 353 9
46 8 48
114 212 44
331 382 102
72 380 32
215 296 52
55 195 55
101 69 70
194 178 29
379 210 100
293 24 76
262 315 78
211 116 79
29 268 44
357 166 82
327 262 84
63 66 5
23 331 109
251 384 5
371 100 58
186 114 63
385 307 54
218 78 99
333 177 5
40 372 21
83 237 67
126 295 100
216 385 120
70 180 40
190 342 70
203 399 122
250 72 47
122 400 81
188 338 121
337 62 119
25 353 85
309 343 116
50 79 95
289 229 9
172 228 62
282 62 24
39 21 127
138 94 33
173 233 53
10 249 64
165 274 124
369 104 8
397 394 1
35 156 17
211 53 30
363 71 71
235 17 28
332 77 57
354 414 106
133 347 77
378 176 23
303 320 101
316 410 64
345 16 1
268 161 80
324 208 8
21 364 48
307 163 42
93 280 87
371 277 79
327 107 103
256 54 31
183 73 27
344 308 21
244 387 36
387 370 87
33 289 3
38 100 90
288 229 65
265 144 85
324 286 24
181 38 17
72 91 112
408 392 106
145 118 112
197 282 16
374 35 39
258 142 78
80 187 26
351 38 102
137 170 116
149 90 106
191 156 43
406 163 123
15 379 2
39 333 14
368 214 84
374 108 41
400 336 13
320 14 53
271 195 29
326 200 98
373 165 18
153 395 96
116 206 8
118 406 122
296 58 52
188 146 49
252 42 91
239 320 87
69 406 106
179 45 107
383 291 103
86 32 9
396 379 98
315 231 127
213 178 55
142 187 6
83 223 122
45 208 124
124 274 73
371 238 4
268 273 58
377 78 120
385 273 102
352 254 5
68 218 55
400 154 89
224 16 89
149 407 24
391 177 107
366 7 30
13 101 88
142 410 83
265 294 106
44 36 89
224 99 35
278 110 104
315 96 98
119 82 57
299 87 69
155 29 34
180 391 106
365 111 85
399 195 7
44 404 46
338 373 127
345 159 64
181 277 34
150 297 113
107 29 50
298 308 2
238 315 109
381 284 122
155 132 3
28 190 88
326 218 72
398 403 31
409 263 81
160 42 33
96 283 104
104 70 8
156 219 113
332 169 52
251 225 50
249 258 3
280 237 74
129 250 35
253 198 2
115 254 117
261 404 20
391 313 40
156 138 112
42 345 93
402 313 34
38 321 123
387 399 98
183 53 119
329 58 68
280 34 100
198 88 102
315 230 64
63 91 60
166 5 30
10 167 29
92 104 7
44 245 47
249 367 111
290 6 81
346 360 52
350 199 103
58 293 21
132 294 5
258 122 50
163 213 86
306 229 83
119 212 114
126 384 113
359 101 120
194 381 127
120 231 108
365 68 75
186 289 45
35 410 53
99 189 33
324 185 107
55 404 125
77 199 99
22 156 110
331 351 92
198 7 79
182 195 77
81 189 125
225 410 11
315 187 25
150 72 52
117 108 90
151 339 57
367 290 107
117 206 99
385 119 19
227 7 16
375 360 2
381 296 43
217 63 87
180 267 37
328 313 30
163 407 30
156 229 12
29 405 15
34 231 3
257 304 3
127 162 1
383 23 64
401 242 104
350 379 100
327 6 44
176 70 29
267 399 21
68 297 95
103 198 17
41 219 69
282 104 52
356 143 98
319 77 36
326 262 67
320 236 6
80 266 14
303 316 85
238 86 123
366 259 39
130 157 113
234 27 82
239 288 88
104 388 64
190 41 46
166 188 42
369 6 9
135 300 124
186 228 118
380 28 85
8 304 65
397 192 39
306 204 97
255 253 91
283 185 79
100 95 90
364 37 75
318 192 120
174 119 101
323 257 36
315 323 9
10 79 69
351 287 110
36 399 98
174 3 72
237 261 7
305 88 22
106 269 103
211 35 120
232 97 108
74 143 5
353 353 2
43 376 42
355 152 73
393 197 13
121 233 63
409 395 74
413 251 98
21 42 57
164 109 82
303 219 90
399 373 10
286 169 122
190 367 32
407 398 29
55 95 5
371 143 18
148 283 62
292 240 7
272 46 122
298 209 108
193 199 118
166 333 33
16 50 13
382 134 126
281 319 105
303 50 118
149 45 4
6 158 8
237 330 53
401 352 62
297 255 16
257 213 42
357 357 4
278 63 45
315 5 101
144 247 84
19 103 99
62 340 15
171 97 98
395 39 47
8 285 21
403 339 43
347 69 120
91 6 14
379 3 56
125 64 118
3 365 77
11 20 4
216 407 98
170 388 87
403 413 32
24 55 49
30 409 117
9 123 120
308 124 69
179 259 70
152 128 60
141 9 48
248 83 77
144 381 32
112 355 19
346 279 8
181 388 10
58 192 115
2 162 125
139 303 6
373 253 127
260 372 21
53 380 4
338 5 100
267 292 11
22 307 117
395 139 71
110 63 47
24 296 82
192 333 67
391 256 75
393 176 23
181 162 95
117 335 95
228 9 40
222 139 104
169 389 97
290 367 65
261 304 122
295 243 6
167 81 53
128 316 50
172 325 34
12 281 6
232 137 111
374 153 62
192 6 115
339 4 118
304 227 67
316 35 91
352 303 79
337 104 42
190 366 79
400 273 44
230 213 120
313 295 14
324 46 37
80 1 41
345 298 30
408 57 122
186 24 84
118 273 4
144 292 74
30 226 41
279 140 111
125 21 44
160 39 107
21 231 58
197 148 45
335 77 101
61 92 107
194 321 55
52 166 40
32 176 90
179 18 54
150 280 90
1 383 18
128 119 90
104 132 68
188 78 112
28 194 74
341 128 85
286 5 77
245 201 114
195 243 62
164 286 100
164 193 114
61 410 64
167 335 41
38 378 56
380 339 69
89 63 71
279 35 57
146 123 93
328 25 95
225 39 33
317 304 124
406 60 97
227 272 28
410 135 80
405 267 30
101 275 114
391 357 43
361 364 8
186 347 16
66 209 116
406 350 58
120 232 24
209 23 35
320 157 21
64 31 60
291 366 103
412 137 94
178 137 79
66 311 34
302 85 51
391 73 100
334 126 106
222 100 81
78 45 71
109 294 94
347 258 17
126 79 32
234 257 34
189 105 104
14 101 112
20 373 81
334 316 70
344 186 56
153 66 54
239 208 81
386 210 100
272 276 53
22 327 66
204 410 61
140 150 90
201 143 117
147 234 78
52 119 99
27 342 39
137 203 65
142 101 3
161 66 22
329 326 63
187 231 9
398 304 123
70 24 86
283 115 48
400 12 113
414 188 41
116 83 63
144 315 29
312 334 57
157 67 24
139 177 10
375 331 63
278 20 117
298 40 98
287 124 60
108 106 69
350 378 20
57 168 81
277 79 107
203 359 21
152 77 81
9 109 105
366 95 111
161 316 20
61 46 51
354 344 115
124 173 68
228 269 36
6 317 45
90 29 99
119 81 110
126 63 5
51 311 63
413 335 70
369 85 62
231 13 45
265 169 70
4 351 99
391 113 40
363 153 63
194 104 124
404 4 88
380 261 36
336 195 52
205 331 124
69 68 76
280 19 76
271 76 15
349 216 90
353 173 33
138 44 63
189 386 64
34 108 22
122 368 20
293 108 70
40 372 49
55 309 72
121 411 104
222 252 101
9 122 21
154 347 75
358 223 41
223 61 118
163 259 46
167 319 24
406 309 62
179 68 66
159 29 19
385 76 83
18 264 113
413 147 15
46 81 63
254 403 85
85 255 7
258 227 81
356 368 101
397 406 9
32 94 54
365 34 116
90 290 111
206 130 38
18 323 62
174 229 8
120 77 13
17 151 61
369 166 64
46 345 61
226 88 118
109 302 30
36 329 28
414 333 116
40 53 60
229 196 53
106 272 6
52 339 117
327 170 7
363 288 18
316 237 105
112 314 12
219 27 123
44 353 109
46 136 105
231 274 32
218 203 51
269 109 92
354 359 71
159 228 41
143 175 72
144 104 82
333 98 104
340 284 26
353 414 120
3 8 18
108 124 82
120 316 114
54 221 46
382 303 105
278 323 24
379 72 43
125 7 104
397 356 62
192 409 87
371 377 54
71 27 115
163 190 46
187 89 60
277 50 49
279 132 73
221 25 7
171 23 98
159 5 50
331 189 67
156 309 102
354 360 20
285 180 103
167 216 51
250 283 85
216 220 119
219 250 56
163 197 125
410 377 33
123 46 37
284 339 115
98 70 56
283 172 30
382 363 13
336 260 110
59 116 15
79 402 50
352 118 5
175 369 64
288 233 42
43 111 22
16 139 21
284 21 49
276 45 28
400 150 65
91 182 77
360 276 44
313 314 73
95 256 100
223 367 110
411 128 5
207 317 84
111 58 29
145 251 62
78 133 45
338 301 119
168 192 15
320 189 52
175 371 52
25 291 41
178 245 16
155 50 78
396 200 72
59 205 87
258 188 33
128 211 44
273 371 95
207 35 13
343 311 63
78 221 99
56 46 103
92 325 47
340 345 17
119 101 38
69 177 30
288 82 70
166 74 97
228 124 111
353 314 113
199 280 103
216 64 61
151 143 41
136 212 84
399 41 85
378 365 10
45 227 50
19 81 127
229 26 69
369 271 106
212 164 7
131 326 6
395 14 16
364 387 91
324 214 27
171 119 81
10 312 52
51 343 38
160 50 1
2 363 11
110 11 106
87 289 3
316 336 54
58 61 90
1 277 34
398 134 7
264 72 67
53 23 63
403 243 46
348 395 100
102 127 122
294 203 22
141 20 62
322 159 38
100 369 114
242 38 107
62 337 113
108 376 53
299 400 47
60 155 76
358 10 125
75 183 101
279 114 40
374 120 1
245 106 127
250 96 36
149 317 55
103 78 46
231 203 87
159 11 70
307 12 100
313 305 114
104 282 86
15 175 124
163 157 52
329 131 110
233 193 73
238 273 124
241 62 118
353 85 61
232 24 96
376 59 113
16 51 15
84 301 55
181 342 72
270 64 40
187 3 4
226 346 8
253 367 78
234 158 48
214 331 62
18 207 99
240 246 72
79 235 115
64 23 97
311 290 28
137 380 27
387 175 48
18 392 126
303 278 92
250 218 81
178 221 23
235 24 65
178 340 23
51 256 105
56 28 34
357 203 45
19 179 72
131 101 26
204 253 14
184 366 63
399 69 85
181 232 83
120 262 51
169 306 23
208 300 100
135 8 14
381 144 121
307 243 107
398 52 49
105 152 80
299 379 107
390 45 103
15 378 118
237 259 6
370 309 32
78 297 16
147 46 76
246 248 54
27 219 75
387 138 110
3 138 25
183 114 41
158 37 57
39 310 67
193 120 39
175 52 98
390 164 43
243 158 116
144 306 74
238 59 4
199 120 3
406 39 11
280 88 1
360 340 80
341 266 3
200 320 24
136 204 126
396 10 120
346 98 93
185 27 72
201 94 24
219 300 53
406 324 57
92 361 26
96 206 85
132 340 52
145 116 52
76 370 118
179 18 8
107 309 124
341 30 117
139 34 15
301 345 81
140 351 83
192 153 119
168 151 113
95 267 60
405 25 37
141 96 36
205 326 123
342 306 34
279 22 120
2 154 65
315 130 59
17 3 64
109 255 88
253 166 76
362 140 92
316 14 56
329 372 77
19 128 67
223 303 118
220 173 105
137 256 39
93 379 118
113 346 33
53 8 10
273 283 56
395 153 89
146 270 54
145 180 63
346 166 72
158 250 99
347 377 65
46 55 96
414 181 11
288 194 105
165 169 50
39 144 41
11 132 124
357 122 123
376 381 49
214 371 65
91 38 18
151 58 118
249 174 121
378 54 11
350 387 99
294 358 2
404 148 127
219 296 37
158 288 53
134 80 75
318 186 111
367 171 24
163 347 74
314 409 126
107 356 94
329 45 37
27 75 5
264 90 123
230 269 74
43 338 81
115 235 36
3 24 123
269 277 44
227 18 6
55 361 93
236 31 4
114 66 93
223 82 80
229 21 84
300 72 74
246 158 22
407 186 5
399 245 30
180 406 71
49 293 57
370 31 5
87 185 96
398 359 20
231 285 62
256 331 10
125 73 22
376 186 80
176 221 65
397 318 13
292 99 61
167 132 19
210 57 80
251 91 74
321 19 7
317 170 80
175 32 89
336 284 36
89 43 59
191 208 125
134 223 43
160 413 4
314 213 49
208 73 57
253 391 70
380 191 62
292 333 28
171 344 53
149 64 44
90 66 75
27 140 33
105 406 2
147 166 6
286 177 104
177 95 113
68 256 104
158 268 104
321 221 52
244 359 83
112 340 28
105 13 37
386 300 70
294 83 20
172 16 28
270 299 76
233 145 95
55 183 24
176 358 81
169 87 105
268 222 99
166 142 75
409 85 116
9 228 121
394 330 68
299 368 14
105 163 46
229 398 84
394 311 118
255 12 101
362 330 122
279 224 126
198 240 80
347 275 127
178 304 108
136 317 16
240 343 94
207 234 41
277 327 48
54 302 66
359 4 9
363 211 5
351 334 70
373 116 61
383 119 32
144 241 92
42 248 18
11 64 58
181 371 51
300 60 29
389 250 8
254 293 10
286 61 52
42 234 83
9 230 56
196 71 113
200 87 88
371 248 49
26 188 32
236 34 92
56 237 76
366 183 117
160 3 47
40 112 80
378 274 77
207 252 108
273 108 103
69 76 20
149 32 93
122 398 40
166 341 54
8 351 32
331 260 66
133 336 87
232 305 46
5 49 101
6 408 99
102 72 53
247 300 43
76 398 6
213 68 119
185 172 51
215 25 43
123 227 115
14 276 2
10 183 120
201 76 13
178 302 57
188 225 14
115 231 64
359 97 47
229 230 79
146 410 2
223 28 38
141 122 107
70 367 76
62 134 40
38 154 98
356 285 28
90 356 99
218 405 90
261 62 32
252 183 57
100 147 44
51 113 64
311 312 110
295 302 43
44 306 86
42 217 20
285 43 98
153 301 8
72 272 118
96 293 9
343 168 56
348 278 109
361 9 36
127 266 86
97 283 97
180 237 7
227 134 32
203 238 53
154 321 102
353 295 86
297 150 108
64 259 3
98 148 55
163 85 32
296 50 110
136 95 37
313 173 31
4 40 24
165 337 65
239 297 62
287 356 37
197 138 87
326 217 38
240 320 118
360 60 55
245 50 68
142 9 88
202 403 63
81 208 56
396 177 2
314 183 32
409 174 39
89 86 29
183 346 61
36 314 89
234 285 78
162 44 115
2 263 64
194 331 117
135 403 17
384 409 15
315 371 92
348 381 92
257 317 8
177 169 102
207 19 46
386 146 67
91 325 10
127 288 19
72 325 90
18 172 120
139 56 102
27 285 95
323 376 6
98 298 30
395 55 75
144 106 108
80 353 67
162 299 122
27 413 92
46 193 71
399 126 69
8 73 20
41 52 17
24 87 115
100 225 24
97 67 4
335 144 72
158 253 124
89 360 59
170 19 41
362 105 55
242 314 70
128 283 104
273 375 87
127 155 102
41 48 83
96 19 91
317 303 88
238 24 67
332 13 14
241 219 36
303 186 54
330 217 106
33 396 87
186 367 25
301 57 110
280 323 20
162 372 95
238 23 119
183 1 67
132 143 86
77 171 2
30 346 57
171 98 57
168 328 51
154 111 33
152 94 99
326 110 95
63 286 57
109 205 106
400 297 2
93 354 120
154 332 101
196 73 87
17 292 48
354 107 15
237 23 103
102 407 117
384 320 62
161 15 104
146 219 5
185 130 45
306 207 81
76 362 27
315 255 59
179 11 72
367 253 18
96 342 14
313 386 113
389 349 33
330 165 42
99 297 111
216 20 10
154 55 106
190 89 53
374 113 89
193 31 121
374 314 58
409 126 115
344 263 113
154 20 82
309 373 35
147 244 18
105 37 38
390 259 118
172 269 96
32 78 89
16 197 107
362 19 118
154 333 45
108 321 62
237 109 51
43 155 50
343 63 19
337 200 113
323 129 23
53 406 93
288 26 76
123 262 94
181 50 103
215 285 1
134 88 84
328 370 44
364 166 16
304 198 2
140 136 111
306 257 63
389 403 90
55 356 57
74 259 106
206 315 47
218 92 73
20 160 65
88 356 20
85 319 126
280 200 1
184 13 27
411 292 114
392 89 111
238 386 53
90 398 117
355 40 7
403 292 16
133 412 126
331 386 30
232 330 8
49 267 67
310 305 14
300 79 101
163 389 84
338 257 106
352 359 115
228 256 38
190 122 75
73 44 109
414 245 2
53 288 127
12 384 42
270 82 65
356 172 97
328 390 28
6 350 90
274 124 41
413 294 112
400 383 47
33 295 39
391 168 82
346 210 21
357 113 34
274 304 127
99 362 53
182 150 93
84 206 14
337 293 94
184 41 38
387 125 45
94 405 127
328 344 114
303 345 34
356 410 42
321 37 105
248 317 104
326 393 4
281 316 115
5 274 58
369 257 4
56 256 62
296 249 15
341 27 10
67 83 112
154 200 16
42 20 108
90 358 53
351 45 62
336 33 71
322 68 9
245 107 105
182 255 68
181 298 50
331 248 88
281 16 58
251 208 1
160 305 18
48 411 57
253 142 77
23 231 98
216 193 40
246 159 64
71 269 33
246 43 34
365 340 16
270 360 121
150 82 103
199 8 96
38 399 79
247 265 92
161 260 57
56 376 90
171 406 51
184 132 110
263 259 11
53 104 73
309 392 79
12 158 65
386 338 47
45 377 74
329 296 79
325 408 69
256 141 89
127 111 24
386 24 60
29 34 105
289 182 102
297 399 114
295 350 111
290 287 84
189 127 85
122 379 27
55 79 112
50 83 37
194 70 95
398 26 78
241 142 84
363 202 11
8 322 10
307 11 64
299 59 112
54 249 62
75 46 117
142 144 68
101 276 90
23 389 31
119 298 59
193 253 7
321 4 68
18 274 50
309 193 78
243 261 40
323 189 46
42 320 69
313 161 2
218 379 34
203 310 33
51 169 7
41 168 35
30 167 3
392 122 73
329 228 14
341 76 43
146 324 116
350 277 24
242 261 81
362 176 79
139 96 96
366 204 104
286 185 5
414 373 106
75 190 69
336 269 19
220 24 71
335 335 12
90 60 14
226 105 7
178 70 111
171 404 96
241 375 49
392 86 55
263 319 112
371 178 60
406 357 57
288 111 8
158 19 74
139 108 40
52 113 76
378 164 26
152 11 14
21 217 104
323 10 19
392 14 104
79 391 61
219 376 26
268 282 9
74 90 109
309 182 112
105 243 43
259 109 78
259 147 73
294 151 106
64 377 60
311 351 70
127 165 105
77 301 124
90 315 20
371 60 99
191 168 25
194 12 51
59 288 54
82 121 15
333 50 80
29 309 14
403 334 112
315 130 103
145 204 30
268 266 32
180 144 96
89 286 79
349 411 20
113 175 124
352 330 8
230 246 56
246 34 114
31 5 18
410 286 85
12 357 121
43 313 59
135 385 69
222 99 42
99 13 37
205 8 70
83 341 43
64 127 34
360 79 76
50 5 63
385 220 9
152 49 55
30 228 81
232 354 29
200 300 84
200 288 4
87 251 22
274 209 32
213 405 58
302 128 24
199 43 25
52 27 68
362 163 73
248 287 31
262 221 121
323 84 79
336 211 116
337 262 86
4 258 36
28 80 50
283 234 81
186 387 39
251 253 101
143 311 58
169 63 51
232 88 108
211 246 114
200 309 13
256 207 7
296 255 26
170 246 44
36 247 87
55 19 102
345 228 122
10 134 79
260 264 37
376 145 17
347 280 83
413 410 78
294 200 94
155 378 36
343 345 82
57 321 81
35 169 43
284 98 86
238 142 97
33 347 8
288 41 49
115 21 2
121 190 122
131 233 23
52 370 28
321 355 20
271 6 118
72 414 68
311 412 93
264 185 1
244 221 95
68 244 108
225 175 58
138 204 90
349 53 60
42 218 26
251 58 8
13 263 4
312 310 71
307 357 98
312 277 5
210 332 55
179 44 45
173 277 59
171 328 40
32 293 82
51 274 37
20 144 96
241 145 30
261 350 6
34 325 1
241 244 21
152 147 34
226 9 33
83 280 66
288 197 20
285 162 57
398 65 78
99 115 58
216 344 97
379 381 93
57 361 123
231 65 125
1 272 98
226 389 73
322 218 6
21 407 120
370 1 14
295 382 22
323 250 15
290 131 22
27 315 47
38 22 84
324 309 12
33 348 91
41 163 120
320 51 102
225 320 48
54 340 28
206 285 90
389 225 49
238 409 82
377 236 59
343 173 1
244 170 90
154 375 108
229 221 59
336 376 58
84 409 83
164 408 123
381 6 6
313 385 76
307 1 29
163 315 13
199 303 41
302 228 49
282 398 59
347 138 34
73 130 46
373 32 68
370 112 104
229 408 16
12 294 104
384 115 66
283 399 96
373 45 39
314 247 39
6 276 95
37 61 14
293 156 39
118 267 33
392 94 117
27 294 15
364 162 3
336 101 65
124 159 56
232 184 2
280 222 87
40 156 83
205 2 117
132 363 117
49 246 20
131 265 47
341 50 71
405 292 2
2 104 112
33 220 71
334 109 101
60 185 86
130 133 66
319 387 69
208 223 11
103 183 102
175 263 89
226 66 63
71 236 15
177 173 102
122 251 61
70 363 107
154 217 62
187 176 10
299 40 50
69 239 98
169 119 109
339 278 97
104 79 23
324 400 2
194 320 115
128 157 126
2 74 32
246 350 30
122 356 1
127 123 16
393 290 72
175 406 48
81 167 27
284 190 100
252 16 43
76 241 55
168 278 8
240 242 63
409 124 87
250 41 62
398 196 122
278 113 26
414 158 55
76 316 47
203 51 20
158 294 110
45 289 29
135 139 110
404 113 33
121 401 50
142 14 24
389 409 90
96 64 98
397 90 120
116 103 107
127 34 63
112 95 115
342 199 10
347 183 11
321 122 85
175 341 106
237 200 67
134 401 13
138 153 27
106 370 64
192 43 117
46 328 70
300 345 78
180 15 86
304 171 77
205 13 45
135 373 28
130 178 5
59 159 55
107 395 104
410 56 109
408 356 67
237 256 106
383 88 124
305 214 93
33 84 60
233 95 41
334 296 79
303 114 73
10 398 19
296 23 96
92 372 67
100 87 86
100 406 27
15 49 125
70 224 77
16 289 102
276 305 61
400 112 43
56 391 47
361 185 79
306 408 55
51 361 28
186 359 13
129 203 21
45 146 44
38 54 38
292 197 24
384 342 81
338 29 88
370 241 93
159 212 7
281 326 127
231 175 3
338 250 124
131 140 102
62 141 49
76 28 124
51 405 103
84 272 75
97 121 67
399 89 119
319 67 77
341 67 27
145 290 68
172 346 6
195 399 89
78 119 107
399 34 6
137 295 82
296 77 85
35 155 100
165 364 25
142 312 33
239 275 60
122 237 88
410 189 67
360 218 81
60 113 45
291 297 122
389 174 29
12 353 46
405 156 64
355 353 69
285 362 90
125 37 89
414 130 37
159 18 99
308 183 98
298 114 68
285 16 80
407 122 112
34 291 62
327 355 116
111 347 123
288 200 62
25 353 83
135 229 22
246 411 52
318 35 68
394 313 81
249 13 8
14 391 77
6 202 97
74 245 43
340 61 13
294 319 47
267 281 15
327 63 87
176 110 88
225 24 75
242 166 30
130 281 97
268 242 75
163 280 36
234 103 52
117 391 126
294 272 47
71 178 65
34 80 84
233 26 35
189 206 101
258 155 71
42 274 117
391 279 75
161 168 94
357 285 14
255 309 122
69 92 54
15 89 104
260 384 89
1 287 34
238 246 119
125 302 96
325 235 98
344 70 15
6 165 72
246 378 60
125 90 96
216 263 2
344 213 48
317 62 115
244 69 15
218 342 31
344 158 60
408 245 73
60 63 110
192 10 23
199 150 9
328 226 20
298 98 35
330 117 65
279 108 55
199 100 12
6 155 80
326 192 89
389 206 17
373 195 127
76 30 109
1 166 11
104 295 22
97 188 37
231 234 73
289 65 66
62 319 94
150 118 113
367 347 27
242 348 59
179 114 72
126 28 71
412 139 82
376 196 122
8 199 103
345 311 110
278 281 82
112 395 108
210 377 10
44 365 106
43 176 5
35 242 13
95 308 80
71 307 110
83 257 79
91 210 7
43 222 46
26 330 17
298 193 121
112 139 85
268 126 44
282 228 36
369 66 15
265 389 123
117 184 72
409 118 34
236 52 10
109 384 63
183 105 20
113 157 1
388 84 77
356 61 111
102 184 54
189 200 77
62 130 53
406 339 103
211 86 22
311 379 35
322 347 88
44 328 58
412 410 88
51 317 25
364 241 99
20 328 101
288 83 46
376 178 92
84 147 41
178 183 103
141 104 117
135 212 116
254 327 104
265 166 26
253 131 30
11 217 31
139 322 10
295 213 118
293 405 59
394 374 18
174 90 119
36 145 72
399 368 4
261 255 83
336 214 9
85 46 15
281 378 92
220 366 103
386 29 5
66 373 109
139 207 39
182 405 53
372 240 116
272 190 42
369 411 54
344 251 85
357 203 90
171 52 18
259 326 73
95 223 5
147 7 38
339 221 20
124 170 106
197 110 60
77 94 123
95 243 111
142 268 103
199 123 55
227 406 26
136 252 120
290 148 53
101 269 117
23 331 115
314 296 82
126 383 54
128 213 102
256 389 7
208 329 106
375 234 52
372 78 89
91 349 35
292 242 74
113 234 5
42 55 34
69 321 101
126 400 106
289 342 48
153 367 124
36 330 45
54 281 75
363 201 76
324 41 10
59 389 47
351 217 80
323 73 41
58 324 14
314 116 28
184 45 57
79 12 15
155 105 27
147 383 77
217 11 10
341 191 117
160 358 83
73 305 41
73 384 26
254 150 101
134 66 22
347 7 63
189 283 124
219 23 2
28 242 66
327 14 17
58 224 123
18 80 106
318 12 1
207 45 70
379 341 121
208 264 10
204 45 13
243 247 111
88 95 47
398 352 109
143 140 30
344 105 43
244 358 118
81 42 124
222 373 106
394 261 82
296 331 24
158 154 48
169 22 123
341 52 88
104 247 51
241 89 1
231 190 118
47 301 58
68 334 79
248 290 45
180 237 6
361 121 12
106 239 33
186 214 98
211 55 32
50 167 98
69 16 78
204 55 112
60 59 60
408 139 102
102 360 106
82 160 80
297 169 100
201 90 78
75 383 110
107 234 26
18 311 11
14 254 19
267 378 26
176 378 6
263 73 121
363 313 124
281 334 11
370 214 122
250 298 55
107 290 105
383 388 93
160 21 86
322 184 4
10 229 26
215 345 75
124 255 74
115 295 76
2 52 83
250 324 9
397 184 77
213 152 17
21 381 85
96 182 67
98 102 102
232 152 123
180 327 60
359 84 102
231 336 93
72 410 108
34 15 72
223 157 104
48 231 112
168 290 102
4 85 9
194 218 54
141 153 106
22 376 98
119 300 69
73 8 113
313 353 110
186 120 18
389 223 89
307 368 72
55 201 108
169 223 57
333 8 95
386 385 7
114 11 25
16 231 78
101 36 5
311 100 40
157 93 63
31 145 16
9 157 83
124 171 22
123 306 69
248 22 58
58 184 121
199 134 127
214 353 101
150 292 29
412 313 57
92 260 14
104 203 7
159 296 123
152 239 81
331 358 104
299 212 28
391 330 78
387 396 41
341 248 43
88 120 47
274 38 8
40 342 66
390 99 80
249 282 48
104 411 20
351 268 63
114 290 28
99 172 2
39 359 63
172 330 2
219 335 72
12 395 38
129 104 69
70 150 103
138 122 9
375 45 8
206 3 8
234 356 127
296 14 89
96 129 104
287 299 15
81 119 125
334 201 119
81 170 50
119 328 43
12 369 67
35 51 10
95 214 87
109 116 66
293 137 95
345 99 30
249 176 34
383 32 26
329 171 66
249 200 37
290 98 89
332 150 22
43 315 8
410 370 118
330 21 25
15 53 93
330 98 67
366 402 94
106 280 40
398 323 73
270 390 81
374 190 114
218 107 21
390 15 117
40 406 41
136 117 4
46 8 77
41 330 26
400 350 75
356 273 5
51 178 119
25 373 121
210 34 90
173 297 19
54 21 107
105 135 76
336 196 56
95 156 38
206 385 57
214 322 88
363 214 68
337 26 46
111 265 85
83 44 15
18 303 37
222 81 119
83 7 99
385 226 104
138 68 69
287 96 64
325 220 10
330 364 71
204 143 84
195 96 43
283 177 36
235 96 62
294 301 104
355 199 41
54 111 11
129 234 49
167 87 105
173 133 107
167 338 60
38 265 9
148 222 88
301 165 22
114 217 46
168 410 40
102 76 127
159 90 38
195 194 12
203 155 108
341 27 97
292 3 109
177 393 45
304 128 61
324 169 107
97 12 97
288 151 115
307 138 22
285 89 78
234 1 96
292 6 127
249 208 103
168 412 107
78 220 88
163 74 57
389 29 57
194 79 21
334 53 126
370 43 4
209 342 124
287 312 62
15 355 68
170 166 8
124 344 108
288 301 108
140 101 9
156 374 77
146 212 9
118 285 87
74 14 102
378 336 52
348 291 112
45 257 84
84 113 101
399 315 10
126 349 10
204 248 3
83 98 4
79 166 96
285 143 99
216 113 41
61 327 127
333 64 35
357 56 108
241 117 113
407 396 45
35 21 70
78 183 126
299 316 85
225 308 79
401 311 89
188 19 11
147 213 51
204 290 94
117 330 55
232 78 78
387 152 65
238 386 43
306 142 32
211 267 14
202 248 100
37 137 127
49 167 115
358 375 26
196 215 10
4 144 3
58 404 73
223 130 17
87 229 123
338 232 79
150 296 97
294 11 29
283 346 23
86 150 17
104 164 91
296 297 103
163 100 29
271 152 23
177 281 94
322 190 30
218 412 42
363 279 27
94 275 117
145 300 113
225 365 87
312 338 93
146 10 124
269 122 37
380 2 89
367 73 63
387 143 92
347 12 98
12 61 32
308 222 43
100 382 89
152 155 76
407 10 113
116 334 77
289 1 1
280 211 40
412 227 82
409 75 40
93 339 45
156 60 107
381 40 44
177 342 38
278 265 39
129 59 101
58 28 13
337 207 28
158 30 22
33 360 65
64 308 68
199 119 3
67 166 57
225 336 79
233 30 87
48 309 88
126 106 48
174 151 30
399 159 88
391 113 50
30 394 5
341 124 91
309 279 68
126 302 43
195 78 35
141 342 125
406 45 37
127 139 60
156 361 47
316 335 9
193 19 87
22 294 12
350 29 67
46 202 98
166 227 62
195 85 13
282 384 38
49 378 10
49 356 4
271 141 62
396 374 119
298 348 72
219 391 68
304 356 43
261 397 69
281 304 60
269 356 32
381 344 10
352 146 85
228 250 52
314 10 93
48 395 74
3 203 124
302 236 43
369 148 48
26 336 26
307 387 34
172 322 55
126 151 28
308 185 124
330 394 13
24 321 21
25 375 21
20 386 23
100 17 111
206 299 117
74 279 4
354 271 68
191 189 29
292 240 61
211 327 125
106 81 93
149 7 101
156 370 50
191 145 120
45 86 27
100 279 14
29 104 22
131 76 109
98 208 32
371 154 28
115 346 84
321 174 86
234 166 20
116 228 77
81 65 43
211 210 126
242 46 61
410 272 86
73 56 95
281 403 115
162 174 25
295 324 120
60 364 19
176 163 70
358 356 46
369 386 38
326 27 69
211 236 56
43 115 95
41 222 109
216 71 44
406 261 46
52 324 95
273 108 13
329 247 102
73 189 6
203 295 88
377 401 46
407 106 102
381 224 75
142 360 52
327 120 32
105 218 42
349 108 49
412 402 77
182 194 93
118 301 67
21 311 119
390 278 35
201 114 25
164 156 98
281 198 106
354 68 93
10 116 23
136 106 127
276 78 24
319 4 2
393 236 12
110 30 81
324 165 86
133 362 105
223 408 110
172 367 47
313 103 52
146 133 41
120 356 24
204 311 73
228 111 110
162 203 16
203 32 1
230 156 86
22 41 34
307 135 54
262 74 107
55 408 66
323 24 4
311 195 111
400 15 29
242 349 70
284 173 64
114 49 70
299 283 95
289 408 51
344 214 101
409 203 5
126 250 83
264 156 66
142 310 126
351 208 56
182 374 77
133 222 46
99 53 14
110 136 30
243 206 59
353 314 107
167 120 41
37 214 41
98 145 18
38 136 52
60 394 85
204 101 35
37 287 31
154 60 68
260 366 79
47 187 28
159 269 84
322 39 80
370 318 55
159 37 123
93 192 58
334 52 107
125 148 51
342 104 110
86 53 20
126 311 2
369 92 65
358 324 123
144 115 99
93 397 101
208 329 20
336 108 41
250 6 58
329 272 124
44 382 44
130 137 85
219 155 37
171 392 66
140 239 49
16 143 78
251 242 120
328 348 92
366 15 55
63 96 10
304 137 107
407 294 127
310 164 110
42 333 66
293 181 109
270 265 32
145 387 86
145 317 53
134 197 6
219 287 91
355 324 111
286 405 92
318 21 119
312 352 124
86 329 100
288 93 106
194 302 44
330 391 64
238 8 113
225 387 77
161 158 36
370 202 102
156 397 24
368 389 84
352 201 31
241 402 65
356 369 57
268 16 45
30 89 64
287 118 116
244 46 68
62 400 15
402 159 35
215 185 102
189 158 26
400 223 91
18 327 42
222 179 100
323 200 66
285 364 65
228 151 124
27 133 61
232 399 54
155 305 56
116 253 32
142 70 45
85 142 19
378 182 17
237 193 18
15 121 86
6 96 99
219 16 124
364 404 88
97 401 108
335 377 31
68 134 121
374 24 8
149 404 82
383 142 37
59 95 117
87 144 5
361 193 45
350 361 81
163 92 123
340 282 21
387 315 111
286 138 35
210 178 4
309 56 105
142 337 48
106 145 40
265 127 32
382 267 109
361 72 43
147 79 44
214 347 51
76 21 14
386 395 4
322 369 1
257 34 112
306 330 93
93 304 101
227 41 43
221 174 40
153 282 117
102 408 97
391 299 11
392 127 126
180 200 104
169 268 127
136 209 45
390 342 55
412 64 49
18 2 54
396 188 14
164 382 44
267 370 61
370 160 85
10 63 86
13 89 116
20 167 69
338 60 23
212 173 45
279 140 61
405 341 11
172 290 89
294 291 93
39 199 77
131 383 26
173 321 108
352 304 70
57 281 86
331 353 72
162 209 117
288 82 101
36 120 59
29 12 73
238 14 110
309 282 51
267 379 120
309 115 93
287 9 110
261 371 21
344 176 19
147 385 15
165 399 111
227 294 26
90 380 81
103 303 102
252 340 15
194 355 56
345 17 70
18 325 29
26 39 19
177 362 49
236 74 25
175 312 118
340 66 37
140 225 73
157 216 106
115 329 113
257 2 86
76 8 32
280 236 68
177 103 35
166 34 17
20 283 7
3 180 11
45 263 36
51 251 100
413 381 13
279 373 99
61 289 15
6 162 117
284 133 76
279 112 42
6 365 73
68 4 48
333 246 37
242 390 91
116 298 54
271 123 103
334 229 117
107 145 17
59 222 78
134 280 57
383 226 116
161 291 5
349 303 113
192 180 106
118 383 31
320 17 37
296 73 48
370 154 67
321 179 122
35 189 91
330 142 83
31 55 12
174 13 47
34 268 107
72 374 125
116 47 79
77 281 53
302 147 100
126 377 111
184 121 109
237 138 95
243 172 90
47 87 101
374 110 57
367 284 115
127 376 29
6 337 36
406 241 78
412 36 57
216 103 43
93 93 94
414 157 85
336 386 117
268 256 34
194 123 12
13 205 39
371 400 68
314 292 119
138 102 86
272 395 76
18 20 84
49 47 68
316 53 14
154 276 95
172 206 15
106 216 45
246 314 81
102 87 95
28 239 16
280 286 27
8 413 22
305 56 33
201 2 10
72 285 113
215 118 88
24 275 5
360 235 64
113 100 35
403 389 120
142 267 39
275 320 88
183 348 12
405 115 72
30 76 87
113 407 26
132 74 113
204 240 85
36 367 86
27 177 53
160 353 4
112 264 2
59 310 107
390 292 59
328 208 68
112 110 103
165 20 49
88 330 19
50 329 5
228 412 26
296 385 14
141 283 8
389 383 4
339 390 95
145 332 103
158 301 119
15 339 4
388 248 115
150 95 42
177 210 33
247 352 24
89 234 119
243 282 78
81 76 27
220 41 30
101 21 60
259 400 119
195 73 39
410 113 23
402 239 44
166 399 29
152 286 14
346 112 40
99 14 64
403 257 112
103 168 62
202 114 78
301 208 31
414 329 31
111 400 14
402 326 110
132 8 96
124 327 123
7 144 26
62 214 47
260 1 92
409 357 55
181 59 95
336 298 19
129 30 41
291 147 6
74 5 12
317 299 33
142 403 58
83 324 56
393 355 19
115 226 35
50 48 35
354 356 75
333 231 106
404 11 12
332 250 79
17 215 62
75 121 92
95 262 20
206 254 68
269 36 88
268 335 90
351 172 93
196 235 84
309 395 3
40 371 64
114 36 83
406 334 52
121 15 118
75 51 37
63 200 104
108 111 56
407 154 105
83 414 8
396 35 54
243 397 88
391 132 124
121 79 76
196 378 9
48 57 6
385 247 109
223 180 121
102 206 100
391 235 84
241 410 15
406 189 4
235 216 25
178 121 114
276 130 16
59 360 13
403 21 14
259 410 66
47 68 61
148 214 102
119 74 106
222 178 52
17 304 114
232 165 109
352 123 90
82 45 89
140 224 115
349 126 101
405 275 127
128 97 78
237 145 51
63 125 20
139 328 94
89 94 1
223 210 56
70 164 70
112 314 86
240 47 50
34 143 19
393 314 82
187 375 34
412 383 8
122 261 125
156 248 123
100 22 58
154 176 124
252 53 34
84 139 68
222 14 54
242 338 107
175 132 15
30 306 34
46 260 31
229 375 90
77 194 21
180 147 83
224 24 91
50 116 58
273 113 29
361 350 73
337 283 31
327 385 1
169 278 109
197 114 50
359 29 15
80 276 80
363 307 89
153 303 21
84 222 28
7 304 94
163 402 38
364 150 48
18 377 55
139 146 26
366 237 18
89 194 23
57 322 112
322 11 39
311 411 54
237 406 38
113 141 6
22 195 27
399 387 31
228 245 74
378 332 99
200 22 36
104 83 67
25 161 14
223 37 72
292 127 4
334 1 47
53 296 9
35 411 9
221 80 104
74 92 16
5 94 66
54 250 74
274 300 91
179 159 54
194 393 57
336 71 117
347 357 34
268 302 109
178 358 84
354 57 21
241 37 99
52 36 114
240 18 102
14 67 99
123 55 10
335 384 95
88 320 22
21 354 85
22 63 87
250 216 35
24 107 17
162 285 50
388 84 105
226 384 21
99 392 125
26 192 127
187 233 49
65 5 14
359 333 82
213 362 60
167 393 14
256 119 40
146 195 31
258 414 51
147 99 74
185 354 40
164 282 6
78 404 101
48 313 126
322 105 70
44 2 115
33 108 9
154 389 108
178 398 36
200 333 66
104 67 100
369 318 122
321 123 81
197 51 41
14 337 3
138 127 53
127 1 29
327 50 88
80 298 115
162 301 94
382 102 44
269 136 61
85 157 10
282 23 104
231 42 81
190 183 109
200 188 34
63 230 32
213 279 117
5 43 105
251 107 46
247 99 76
221 414 72
397 268 67
49 220 86
143 95 45
347 263 56
403 161 6
150 286 64
197 327 99
70 50 10
80 219 82
154 236 25
165 106 25
186 122 113
226 339 23
125 146 89
371 268 18
314 180 46
82 53 46
291 288 23
257 213 56
90 270 63
55 274 52
326 134 105
191 275 8
289 191 56
117 123 94
299 110 18
25 33 14
167 235 17
213 159 116
117 357 29
90 371 108
250 356 59
240 219 60
348 132 6
254 334 82
36 376 92
399 64 15
293 7 99
408 250 72
26 345 48
16 164 20
246 360 30
284 59 22
59 6 124
257 8 97
220 368 60
284 286 114
206 358 118
11 216 40
318 143 90
366 344 83
238 222 68
396 76 46
346 193 109
317 2 12
308 185 14
48 400 91
325 52 93
111 325 102
379 292 38
93 265 33
89 396 103
406 185 57
221 396 88
311 401 31
351 287 96
84 222 17
329 14 14
249 144 19
131 354 24
250 184 73
328 328 120
204 96 33
66 64 70
410 388 63
210 151 121
71 78 114
40 132 77
211 347 35
318 288 85
249 294 69
55 240 20
318 83 51
52 163 104
360 388 33
126 347 127
30 88 50
297 168 63
357 197 55
108 217 51
120 338 78
382 182 76
393 299 123
272 233 76
33 157 57
86 349 33
183 148 35
339 79 122
66 101 68
344 209 95
115 195 107
158 167 24
331 348 95
395 5 82
88 402 59
217 78 41
378 240 14
43 140 89
223 385 59
27 292 81
385 283 116
151 299 43
244 90 109
12 363 105
299 391 58
272 2 112
327 41 79
71 381 32
33 322 45
125 349 81
55 325 112
87 270 116
21 298 39
157 163 100
287 38 99
401 238 44
234 333 46
310 378 87
361 24 46
198 39 114
290 329 40
156 163 96
183 379 66
44 43 124
105 163 61
82 214 107
229 103 4
158 174 25
87 354 51
137 361 66
361 31 102
153 197 78
86 225 9
413 368 88
180 404 115
115 54 81
222 158 105
247 6 17
31 387 89
304 10 27
373 71 104
183 210 113
85 302 114
96 209 123
357 185 18
215 281 26
162 346 28
96 205 109
214 339 89
222 25 57
194 5 80
351 192 64
122 71 51
30 210 87
347 150 13
81 213 32
341 127 4
44 250 78
51 30 84
42 178 123
87 364 107
223 311 11
159 105 98
80 51 106
139 401 64
18 110 93
325 83 99
25 413 104
260 56 103
44 246 126
202 73 47
273 246 122
206 62 9
129 51 7
77 167 17
176 376 86
16 93 74
231 71 65
348 84 17
177 126 64
6 54 115
22 336 119
128 270 39
203 364 41
226 131 17
350 293 98
144 313 113
179 397 83
180 90 20
337 284 39
140 147 45
114 141 99
292 234 78
253 363 6
349 227 89
160 329 50
262 399 80
250 19 113
191 146 16
338 203 119
171 118 123
46 400 11
359 147 74
35 354 62
29 331 107
408 50 2
19 332 111
404 412 28
158 65 75
84 52 46
389 189 57
263 97 108
295 336 100
271 313 10
333 171 13
134 340 115
7 307 119
179 21 17
120 342 127
274 374 72
136 315 46
398 67 111
309 381 7
254 138 106
189 68 85
102 261 36
411 289 78
404 413 71
76 138 55
326 262 78
23 393 96
352 271 23
109 199 98
65 5 51
90 8 117
75 7 19
320 109 27
411 272 11
23 240 19
62 191 125
147 158 43
410 321 77
245 213 4
349 210 51
291 131 86
159 166 2
177 306 9
74 135 3
358 266 1
390 230 1
103 82 114
24 190 99
232 269 99
296 121 22
86 168 11
335 74 63
72 336 118
292 179 3
376 99 33
13 236 30
105 385 19
207 139 93
205 329 81
210 258 39
188 295 116
80 125 63
413 287 91
3 105 3
207 299 64
66 78 65
317 199 63
384 298 88
186 112 94
114 86 20
31 312 101
70 347 109
253 239 105
350 243 38
339 289 59
243 330 123
370 221 125
285 289 85
290 106 48
117 219 74
98 235 81
264 195 55
58 341 39
91 409 40
92 108 47
339 155 70
250 116 113
93 342 10
408 97 87
263 25 111
87 298 119
111 339 127
38 367 14
35 282 93
233 34 104
83 335 58
370 133 105
113 26 92
136 357 103
329 52 24
253 68 73
204 137 31
341 27 13
201 398 64
284 167 34
73 285 85
300 383 28
20 3 30
58 257 6
33 90 116
363 263 17
38 339 52
235 400 104
203 220 127
306 31 127
229 199 122
348 262 72
259 4 29
14 9 77
134 75 9
280 206 119
228 93 62
322 70 115
310 113 122
189 183 11
392 152 7
268 184 51
380 218 116
294 361 14
348 173 42
216 234 58
35 369 35
32 306 111
172 404 57
410 245 106
92 364 94
40 267 77
18 281 88
367 327 120
64 195 121
89 57 5
140 381 40
313 331 18
305 104 84
14 409 26
193 79 50
249 137 40
44 312 41
233 372 58
226 187 61
199 143 93
200 74 95
412 149 120
180 183 73
87 16 23
48 98 4
269 255 86
384 266 41
104 279 40
197 290 12
22 345 96
105 97 76
109 278 48
72 99 9
90 18 40
204 209 104
183 223 66
6 42 91
354 217 18
109 349 15
201 360 38
345 361 73
245 375 26
213 120 12
198 286 60
331 84 45
345 182 73
188 213 80
6 230 34
194 318 90
161 118 119
412 25 119
288 192 122
276 28 44
386 151 89
333 26 16
16 409 96
308 187 71
215 351 115
304 233 29
266 259 35
259 372 41
298 234 114
80 280 66
251 71 86
354 414 76
237 294 54
21 345 68
332 276 80
43 146 5
221 20 13
252 71 101
356 414 63
177 308 50
298 142 18
82 360 108
335 331 30
224 309 17
13 194 9
312 205 62
12 293 120
258 38 16
249 143 21
13 296 52
179 406 82
70 314 42
220 312 10
240 98 94
267 282 98
307 210 28
187 16 25
341 158 86
123 15 92
65 153 16
201 396 61
29 156 26
15 187 99
222 27 78
169 358 43
229 114 91
114 369 52
348 88 12
218 233 1
64 305 52
170 44 62
260 403 124
115 135 106
44 234 75
255 6 91
360 124 95
237 348 85
366 401 66
380 385 53
392 332 31
223 70 114
56 198 97
11 29 49
71 132 25
382 303 104
263 388 20
274 414 97
193 46 88
409 332 88
312 328 121
227 218 52
258 89 108
291 356 58
368 381 92
413 155 81
209 410 11
380 4 43
162 270 30
8 190 50
101 192 73
274 385 83
383 202 59
344 204 36
319 95 82
111 320 19
287 161 28
316 314 113
104 34 118
105 288 93
414 306 74
301 352 115
154 354 70
255 120 34
333 356 33
150 248 121
214 162 80
366 295 2
343 81 25
16 98 62
52 20 105
230 122 65
204 87 112
297 78 4
338 296 71
342 186 35
28 46 16
83 53 1
96 65 22
54 303 39
277 57 61
104 143 9
94 162 22
157 326 44
224 13 84
354 355 4
218 259 71
323 48 96
348 279 121
340 344 114
19 139 28
111 196 123
41 312 19
85 180 92
66 132 114
378 120 96
224 408 43
380 200 117
337 123 15
5 347 66
110 46 111
185 175 117
365 245 89
68 96 126
395 100 5
188 6 110
347 21 65
117 283 127
350 354 16
363 340 96
270 310 22
353 343 51
217 281 35
294 189 7
248 336 116
215 363 79
198 226 12
219 245 90
260 349 51
139 90 63
117 160 10
235 185 111
170 405 49
269 220 119
314 4 101
359 342 8
16 134 121
7 9 78
179 114 62
334 20 15
145 90 80
327 137 123
159 115 88
54 296 108
187 147 13
145 270 7
357 395 50
109 296 122
76 308 124
114 206 69
137 15 21
333 208 37
21 346 97
300 139 101
392 103 119
168 82 114
95 124 70
248 94 97
280 211 28
204 127 32
387 291 7
127 376 64
10 68 118
27 197 22
92 233 65
88 39 54
94 343 63
233 184 71
178 370 124
338 206 33
245 333 33
274 28 99
177 142 17
200 368 37
49 269 105
397 233 109
260 12 73
336 371 1
300 237 6
367 374 121
312 267 64
264 245 20
274 358 46
80 60 35
348 303 98
96 86 127
296 402 101
331 141 102
314 109 76
211 6 67
255 106 85
24 204 33
56 34 56
155 314 93
217 283 58
69 277 92
226 172 84
336 110 32
230 234 77
221 374 68
94 121 60
378 225 101
121 65 81
9 91 17
191 394 9
1 315 70
308 394 24
309 127 28
55 240 43
341 326 109
379 289 46
259 144 54
91 28 106
30 394 73
124 146 47
130 236 126
359 370 57
15 329 67
185 384 74
221 46 24
130 401 105
34 393 12
333 222 122
155 187 93
92 192 90
389 345 77
81 11 97
74 22 101
272 125 31
206 295 38
369 196 116
318 395 117
289 49 20
255 51 53
309 282 118
227 33 77
295 368 80
213 95 92
86 61 7
110 313 100
204 4 21
304 336 5
85 195 81
232 263 116
12 10 77
175 247 14
327 283 49
151 35 9
7 365 13
91 85 11
21 117 65
126 211 27
326 176 95
96 78 124
275 123 15
149 17 72
57 314 92
379 15 64
178 308 56
29 345 47
118 169 13
252 178 113
31 365 108
69 233 98
8 240 62
286 314 27
227 54 13
392 188 20
97 252 23
5 242 98
173 98 103
343 121 26
217 141 103
412 13 91
11 124 18
52 61 102
19 355 42
329 355 35
309 111 57
252 343 49
197 275 125
1 206 86
165 195 28
413 206 103
225 243 115
56 320 127
355 247 109
284 151 54
200 83 79
369 89 84
250 312 117
299 174 27
1 302 4
21 191 42
76 163 127
382 60 82
192 378 126
354 226 39
245 110 49
391 136 91
256 11 7
146 223 101
292 324 126
258 184 18
135 315 17
12 231 126
124 77 51
235 329 55
82 325 16
371 119 49
389 47 118
355 43 76
84 217 122
300 358 114
91 166 49
106 270 15
238 125 107
368 276 38
13 209 31
332 219 69
398 411 123
101 178 2
346 151 120
247 321 103
231 207 101
61 388 18
152 175 12
134 364 76
396 240 122
38 354 118
176 355 23
74 262 84
67 74 118
284 293 73
256 75 20
101 182 29
1 98 76
241 302 46
358 267 84
65 400 115
278 107 100
401 104 55
53 186 84
217 196 80
170 54 90
245 101 11
61 181 80
300 236 28
324 399 52
14 34 125
153 197 44
129 169 71
234 95 123
82 151 3
50 176 14
403 219 26
11 106 94
374 6 50
351 262 4
319 144 51
88 332 26
302 283 107
219 328 50
366 26 43
158 343 110
198 107 122
324 369 10
81 177 34
91 157 19
261 390 55
205 235 6
354 322 81
400 269 102
31 29 32
152 302 17
373 327 25
401 296 85
36 254 9
385 369 22
61 153 109
353 288 55
405 305 100
113 400 88
158 269 2
271 291 114
115 109 19
412 398 93
262 33 56
12 178 48
7 181 20
231 193 48
173 168 46
401 264 86
63 414 107
341 140 21
49 170 94
142 368 15
18 253 45
160 299 31
137 251 103
280 333 91
165 105 124
396 4 70
264 364 47
179 385 97
368 318 119
217 182 102
185 123 97
351 369 114
336 69 19
73 352 25
231 94 82
20 15 100
81 194 11
269 124 81
46 222 123
228 162 53
358 248 114
336 131 28
395 349 13
10 227 85
404 253 100
232 328 80
256 403 124
285 290 33
403 327 63
139 307 66
155 227 127
160 197 80
408 413 9
213 315 125
287 401 109
382 154 101
132 393 87
124 218 59
103 104 12
121 2 46
221 196 32
407 253 64
334 34 17
361 263 104
405 167 64
410 12 85
349 295 86
215 289 6
369 254 127
98 281 93
156 69 76
174 52 96
360 113 110
379 414 38
374 395 100
7 259 93
93 91 93
164 30 44
79 1 18
217 211 90
392 409 37
9 102 125
108 239 80
138 84 16
124 369 59
133 5 119
370 18 45
109 223 14
117 344 64
256 163 15
260 31 11
318 283 122
58 89 75
288 167 70
363 117 40
74 6 127
408 92 103
261 178 32
29 172 99
202 378 15
254 219 54
66 299 31
28 224 93
177 89 7
244 358 113
360 78 100
110 391 92
145 178 23
219 192 74
58 256 39
99 37 127
2 10 24
350 374 127
159 111 101
225 276 90
74 380 115
192 375 16
127 236 121
235 156 37
179 317 30
264 275 78
241 79 42
100 14 121
273 2 38
411 139 9
37 291 73
82 66 119
79 177 48
294 334 38
35 110 97
370 307 73
59 208 79
393 160 81
92 291 57
138 345 4
406 300 42
54 117 58
311 228 64
168 357 92
171 270 11
359 21 49
194 330 71
399 344 4
291 257 101
32 174 46
377 273 119
150 398 66
356 172 108
365 356 86
150 62 108
47 18 13
361 80 25
176 220 103
377 321 121
132 298 100
168 281 19
316 20 35
36 47 74
149 355 27
90 238 33
367 313 73
19 155 50
164 90 3
44 325 17
313 336 57
376 203 8
311 392 117
226 117 121
174 152 99
220 298 29
198 331 122
34 412 15
114 75 72
299 306 57
380 216 52
34 111 76
206 368 46
282 408 124
405 259 12
77 345 120
68 230 53
1 365 89
400 304 53
244 387 78
163 159 27
405 172 41
225 340 96
251 344 29
201 201 78
354 117 95
45 38 125
173 295 12
144 380 68
115 252 125
259 244 39
1 364 43
340 213 1
196 191 108
275 25 119
53 173 80
53 99 85
94 305 40
31 366 37
329 321 5
324 103 60
160 83 72
6 379 63
204 14 115
255 118 5
308 378 44
176 75 51
122 363 47
257 133 52
3 295 90
165 252 118
151 54 123
174 175 104
38 292 37
195 150 38
89 180 116
367 25 69
5 176 90
94 289 9
287 46 85
215 213 91
335 84 70
222 247 83
338 191 45
395 152 113
277 103 111
379 128 12
133 111 37
236 173 14
139 105 26
349 25 121
77 377 60
241 123 89
50 401 113
123 382 64
147 249 27
303 46 103
344 363 94
330 25 84
254 303 19
250 262 91
233 161 101
90 328 73
6 394 9
325 32 126
383 94 80
41 26 30
413 303 77
101 112 110
302 2 40
394 75 94
11 295 4
188 75 35
180 329 97
201 96 9
296 57 37
285 191 19
362 385 98
35 112 101
137 54 99
119 37 83
329 32 106
240 2 127
289 350 11
188 358 91
224 406 47
238 282 28
366 11 43
128 343 121
183 397 97
310 317 28
240 115 101
93 367 84
233 223 38
156 185 75
312 133 90
170 344 117
127 169 19
291 16 95
233 158 3
199 228 40
321 89 58
313 261 32
207 205 39
261 332 8
147 123 113
288 229 4
357 10 80
86 182 97
132 81 53
32 158 36
268 14 110
9 359 57
182 160 55
41 192 38
42 96 65
234 33 40
39 284 87
41 14 86
316 168 21
342 51 25
401 140 31
234 329 113
391 190 1
16 291 70
408 64 126
160 308 112
55 3 112
340 59 78
111 72 117
315 210 89
387 398 88
63 3 22
53 241 55
397 414 80
112 85 108
185 336 93
146 23 36
408 158 38
60 390 111
100 139 102
364 224 14
228 277 26
317 102 26
285 365 126
311 100 123
396 313 10
289 193 43
101 402 75
201 85 30
310 302 69
228 66 90
5 35 57
83 24 84
55 178 90
265 347 31
226 355 76
163 57 11
48 32 115
208 185 116
171 181 118
178 369 110
69 341 8
352 97 71
101 107 2
108 381 56
127 28 34
184 199 24
117 82 1
15 381 87
107 413 126
252 400 80
298 347 76
153 332 88
119 378 100
293 406 83
142 231 107
401 145 74
244 24 122
394 188 103
382 161 6
239 11 69
12 287 61
11 261 31
10 24 71
355 414 64
288 150 110
411 402 45
353 243 1
378 174 114
322 334 5
172 414 30
338 293 68
392 363 11
300 141 21
271 243 92
27 52 38
391 345 32
265 370 78
371 160 13
413 6 81
121 378 50
45 105 60
203 279 86
125 327 29
404 117 28
382 179 103
168 336 63
242 214 9
315 211 115
186 2 123
43 40 2
141 320 55
238 227 95
211 120 44
286 87 77
366 15 94
291 44 82
384 67 21
413 83 4
409 293 35
275 160 60
18 297 64
2 332 29
108 215 103
220 54 85
117 119 57
139 322 30
213 329 67
152 322 28
86 333 4
35 302 38
69 364 57
186 182 61
336 322 35
97 181 58
199 110 87
406 74 88
160 212 100
276 342 105
211 310 96
120 175 71
129 35 81
284 70 79
112 61 69
43 251 1
248 13 40
230 104 24
55 23 114
48 240 125
86 339 77
349 376 123
398 306 69
260 127 82
97 70 119
84 293 110
272 70 10
327 306 109
377 16 116
101 194 12
388 109 114
193 153 123
190 409 9
29 12 62
404 126 86
247 362 32
309 132 4
82 180 98
33 155 106
265 109 46
363 72 106
233 413 42
129 51 111
201 394 15
323 11 69
404 132 57
240 358 124
116 159 123
289 300 36
272 369 3
252 224 120
326 125 67
82 125 76
144 204 75
393 376 51
296 319 84
300 246 124
402 150 96
378 249 8
73 204 40
87 353 70
84 254 110
215 307 97
385 302 53
336 388 64
257 278 116
153 70 73
357 364 9
41 265 57
259 205 12
37 4 116
274 20 77
397 372 41
328 185 94
327 281 123
64 81 117
409 396 60
82 23 14
87 289 121
204 317 26
131 48 78
134 255 115
256 144 106
199 18 105
411 280 32
30 386 58
349 281 77
354 93 63
98 215 63
112 332 78
38 241 5
329 114 97
9 374 112
189 364 59
250 30 46
146 164 3
268 189 67
259 177 88
290 306 78
386 208 109
9 396 109
276 404 110
332 230 32
231 75 121
10 163 28
141 131 6
171 353 62
336 119 35
407 315 6
320 304 117
12 219 109
371 25 18
211 106 88
290 23 81
224 364 25
189 241 22
158 269 28
306 228 10
254 334 22
320 49 56
333 133 48
68 141 58
284 380 71
360 150 68
294 8 66
218 346 64
53 126 98
140 191 37
210 205 10
347 94 51
358 398 116
40 226 34
149 176 25
129 97 56
292 303 123
275 142 123
26 244 41
81 79 39
101 144 70
4 232 49
48 52 102
27 171 21
341 112 99
369 269 117
236 149 18
3 319 18
135 358 95
387 137 122
269 118 63
335 79 110
192 16 59
394 384 118
325 91 79
251 396 95
15 237 71
238 162 28
58 113 69
380 189 19
291 84 54
177 255 10
331 332 61
175 164 44
344 248 99
132 259 71
318 154 24
153 252 28
199 375 109
139 377 60
157 154 8
10 272 22
179 356 20
254 328 44
49 268 111
137 48 20
382 199 29
15 86 17
350 52 9
123 176 125
391 236 63
257 60 13
214 149 97
134 383 98
236 316 60
231 116 25
85 107 115
350 15 112
364 223 21
53 306 100
156 103 108
235 91 75
385 322 26
353 96 34
221 283 115
156 143 114
336 273 96
54 228 58
311 21 112
303 44 106
169 373 48
394 142 75
32 255 85
220 206 7
32 138 86
8 139 8
264 279 28
158 208 73
212 313 90
206 194 96
186 223 29
315 194 105
410 72 18
152 382 99
64 225 110
80 315 81
371 290 43
266 25 88
331 36 41
94 392 106
273 86 118
255 170 21
251 398 60
23 119 125
