555 8325 304 260
427283 103277 646814 194228 364817 298783 45682 688477 597147 329905 78081 607898 615460 25560 167413 828851 105455 73928 59214 484288 259528 917786 889567 483652 630923 327795 16842 605654 548037 73256 945090 142678 631656 696869 242957 189374 957114 780054 252473 796377 510399 912734 881708 394238 379009 845104 122787 444243 422278 455772 139099 149604 462768 321983 894362 778663 88047 207867 828761 310715 509789 253703 815550 49328 36698 257214 896199 118982 308647 927333 771216 68871 785128 688124 168432 687549 924824 333930 848439 11596 412873 880520 999097 801374 789201 283606 28011 98618 897019 183077 135480 464748 506707 590243 544998 743420 71990 256472 582114 918931 565748 136187 577126 776367 683402 563492 42733 517821 483110 493053 359341 855994 237165 477628 653057 424971 41753 93855 406613 710322 897662 740777 898460 324980 181249 403149 109740 372428 840971 958964 572082 887925 226451 122691 131534 101290 681005 956433 258675 977601 427512 355827 86729 925964 336969 120056 434638 687778 532038 872051 757765 795974 541632 486551 620915 394853 688453 601091 599238 517974 364056 702486 184895 964455 675001 378265 330717 386988 956216 530302 339936 432009 729401 542802 647801 123264 673841 985296 302068 849006 612487 491154 454189 88063 481836 897716 791951 674500 578908 448685 121089 901587 127663 662117 72252 179402 852284 409625 383034 668398 479319 56511 747341 599394 679753 871862 288142 293070 450413 933501 590244 347685 704034 298061 356902 113205 50913 805296 706558 285226 903673 362593 735529 384279 490091 916755 228302 488486 886385 732754 373407 951592 328027 661742 696474 868874 455118 973062 235598 216962 685102 827141 301966 598780 289681 476830 77011 23757 130914 877362 607082 612248 580135 757230 925379 705414 705431 437367 5299 859102 152837 701434 433416 606878 265982 736507 80362 845436 496044 259022 592319 127795 931798 270885 695185 529476 832030 363265 415434 957959 643907 405630 676782 190132 341492 556611 569595 306462 124547 441220 947408 57070 82792 550072 9664 281453 32046 525740 502379 575098 477759 807713 18412 995204 994714 860985 836970 115632 150572 13790 957657 532708 38627 564298 654735 32542 469827 130949 100181 325736 373715 635056 886421 478786 787342 737799 775117 437487 864354 910153 329345 362322 990661 505244 118850 563914 46769 407409 795940 471907 56372 916684 528952 12618 584553 397455 898285 999011 562823 557355 464838 553747 911346 155078 69302 40277 445090 105673 123087 432436 529878 52121 217408 787961 247180 618497 309913 665977 531754 308749 900189 288902 265937 994325 207514 805053 394466 290944 633270 525891 46838 282285 419980 726993 408000 502591 555658 349373 233145 920059 589366 117523 973208 497458 381491 901637 446630 894090 731169 214340 230409 797696 813699 716560 221890 496316 658445 849879 22934 739255 168141 34974 352818 240013 269068 226613 240562 907968 959960 643667 964504 538728 173968 940422 578323 158140 240787 878259 777576 436641 325398 45068 128599 203447 611421 398987 95638 805745 112860 94383 658894 357222 402503 74368 48942 494 531043 622086 382191 706615 155875 991412 580688 8273 867907 27807 297869 792839 423055 443799 291313 968159 598862 475767 981085 487575 360423 74264 922059 105011 326608 224387 477634 478322 811358 63673 826052 860097 888878 4329 918079 518695 28281 578325 76460 701768 529829 840820 900484 903460 134690 128718 259525 645374 117218 314495 989069 789945 440366 878318 348347 416135 294735 170678 429974 262871 598293 725051 971150 224057 662884 574789 562179 305658 109409 7817 370135 650323 945252 294989 742727 996 266526 818293 960742 461469 331262 115629 513863 894461 798073 874730 849863 953665 50885 838136 149287 466143 281908 197592 55966 632736 924664 4158 405019 931737 966845 838394 924306 521828 530839 882587 137857 103307 334120
163 153 21
1 405 19
464 502 26
40 350 46
84 539 48
249 172 60
373 340 5
200 551 49
202 30 48
22 341 18
335 82 59
195 444 35
524 434 33
203 464 2
92 219 18
216 211 40
370 266 1
324 4 29
278 89 39
29 390 19
95 417 21
420 272 2
451 310 25
54 67 6
29 115 34
467 105 24
248 100 35
409 116 45
210 61 36
507 363 4
48 465 25
189 372 14
378 444 37
478 460 54
18 68 58
390 228 2
427 7 58
106 357 50
73 249 9
326 518 37
335 468 26
137 60 33
88 49 56
202 504 20
470 275 6
476 236 4
182 261 21
550 554 40
468 265 14
496 325 43
282 89 26
366 504 41
89 118 55
293 219 51
213 108 35
421 103 14
395 459 18
194 474 18
411 543 10
552 214 47
273 509 48
365 196 24
37 439 8
482 296 38
42 176 57
274 3 24
184 223 27
383 141 35
319 69 18
27 78 34
391 8 54
292 95 47
385 296 10
118 370 3
425 469 19
269 518 46
282 209 46
277 194 27
149 9 50
266 301 47
270 125 32
44 508 23
289 141 18
378 4 46
107 188 57
301 54 55
278 103 58
512 316 30
60 266 22
539 369 51
165 419 22
426 394 50
172 388 57
8 177 48
235 140 40
341 513 32
331 372 44
42 469 18
315 98 51
278 416 1
456 524 32
405 68 33
381 213 33
12 262 45
131 95 18
218 284 52
353 180 16
445 526 51
497 4 46
273 326 20
555 546 15
445 393 3
7 305 7
262 54 29
525 528 45
155 519 14
274 252 34
491 253 31
536 207 2
99 423 21
328 467 19
142 509 3
38 397 36
279 94 18
97 446 36
440 265 41
213 32 18
416 167 36
167 199 40
540 475 4
419 118 7
332 230 5
135 358 27
23 417 42
405 339 8
388 41 38
413 322 25
477 64 27
259 524 13
253 330 17
352 489 2
199 151 49
454 48 22
539 123 55
496 441 27
322 100 35
179 435 58
11 180 41
12 157 5
111 397 21
391 202 33
334 190 13
95 288 39
463 296 40
463 399 32
104 203 40
452 462 2
477 229 23
116 176 24
401 85 55
234 109 15
200 159 58
23 466 59
401 232 36
322 46 44
497 83 23
409 237 57
311 402 55
93 164 37
177 235 4
511 9 10
257 262 48
199 547 52
218 417 4
373 255 35
378 258 35
5 131 53
324 130 31
252 136 54
388 361 5
362 159 21
279 257 44
473 249 15
403 203 47
324 521 3
204 340 19
232 247 26
60 331 44
215 444 35
528 456 10
277 550 7
234 48 32
554 163 19
4 270 8
116 342 41
314 389 13
441 1 52
81 337 53
330 172 39
524 17 12
311 208 3
489 530 3
97 223 3
437 160 7
43 151 17
44 148 48
230 231 54
409 35 57
393 85 23
57 91 47
433 306 16
317 222 30
305 456 38
158 33 11
394 187 9
134 308 50
522 133 18
108 275 42
134 29 58
438 512 8
421 7 3
419 275 20
529 461 28
257 481 2
251 227 51
433 73 1
517 294 11
263 350 12
408 53 47
68 458 13
393 485 9
521 145 43
222 36 8
60 483 38
344 259 6
163 11 30
450 313 49
365 134 39
525 26 17
63 426 47
413 40 26
457 260 15
324 474 56
407 280 45
270 236 18
81 55 45
285 264 6
265 236 19
136 502 22
478 148 23
424 91 36
366 416 52
340 372 39
522 550 28
336 107 20
539 326 39
404 248 13
391 480 49
390 103 9
264 144 13
455 82 15
467 196 42
305 65 28
348 392 32
401 271 56
330 481 18
335 226 32
347 159 21
76 10 8
435 333 1
139 145 37
428 399 27
41 67 26
44 366 5
436 395 49
538 355 37
238 211 21
427 45 28
183 547 12
327 237 1
200 145 7
463 135 1
206 126 4
122 121 26
140 240 25
236 549 16
71 20 19
495 6 21
294 413 1
380 290 12
505 448 44
393 326 41
235 126 9
466 76 31
23 300 6
177 439 4
146 280 45
9 501 21
458 386 57
482 324 49
77 544 55
527 361 31
386 202 37
542 178 26
245 335 8
212 40 38
36 123 13
545 162 54
412 318 14
491 65 56
114 133 60
413 236 26
387 342 51
442 497 54
330 31 40
252 153 21
267 553 8
456 58 44
203 137 59
99 353 36
496 454 18
118 529 39
146 394 29
177 119 2
51 377 52
520 72 58
40 502 17
64 511 51
198 345 43
245 234 8
210 242 4
116 108 38
157 50 33
385 167 42
57 380 20
536 412 53
144 390 1
464 39 41
540 196 23
372 80 57
469 397 5
539 98 31
18 99 60
383 405 25
332 531 36
110 467 27
184 153 14
258 419 45
413 132 60
369 49 43
533 28 7
37 410 23
102 475 55
266 201 18
497 345 41
502 207 45
15 363 1
521 148 60
434 258 45
31 432 59
50 389 56
131 12 16
376 430 2
259 182 28
95 243 36
265 119 52
180 190 35
504 374 49
295 188 6
58 234 25
402 282 58
264 221 34
321 235 55
169 429 53
107 479 7
541 405 32
418 450 5
401 10 15
222 264 14
448 526 28
76 475 9
473 376 45
476 545 5
341 185 34
116 170 49
19 227 10
230 337 13
519 245 19
200 57 24
384 510 11
511 409 27
329 47 43
445 194 42
468 142 20
108 308 5
190 331 57
408 218 33
300 342 50
293 409 30
318 535 54
267 158 35
311 473 7
324 363 9
192 165 18
62 271 28
113 201 52
102 311 38
375 292 34
284 252 24
35 478 32
531 508 11
272 248 22
159 73 42
172 391 60
412 314 56
463 218 49
512 234 6
93 508 22
547 313 60
166 168 44
116 436 54
145 211 3
447 542 59
175 44 52
411 127 18
13 552 16
251 286 56
151 78 50
439 95 41
429 535 24
342 429 33
535 77 11
132 97 48
83 67 57
292 515 2
439 124 27
248 29 27
479 108 31
56 155 26
228 280 19
260 365 43
352 257 18
466 192 53
361 426 35
344 8 59
362 142 23
200 314 51
527 206 33
283 533 58
139 104 57
475 35 56
315 125 24
167 8 6
462 413 42
137 498 60
69 207 18
225 3 1
12 167 48
299 51 19
279 445 53
449 280 51
340 227 36
408 223 44
488 219 20
545 121 32
167 421 27
419 128 18
26 187 9
451 31 55
375 469 13
298 453 12
276 185 10
545 301 56
120 111 48
151 494 42
365 63 5
288 382 49
87 379 22
14 271 2
385 364 35
48 32 20
141 309 27
232 104 40
332 114 18
182 40 20
326 322 41
174 211 6
141 193 4
199 486 15
148 12 20
288 505 33
528 130 11
420 175 51
328 180 60
265 277 33
205 51 27
129 285 24
142 513 8
447 480 51
125 113 43
161 462 35
112 153 46
438 306 38
470 521 37
272 365 28
8 392 13
235 203 16
67 504 29
375 444 26
521 314 48
427 240 31
350 439 4
232 290 37
290 530 3
40 287 32
82 460 5
157 421 29
479 172 4
59 199 27
190 221 46
490 78 48
425 515 4
284 22 59
324 256 49
32 281 35
30 206 56
265 86 21
301 525 12
34 548 43
158 487 58
178 69 57
18 151 1
213 111 33
291 262 52
430 57 12
458 244 10
546 520 20
474 237 16
388 47 43
133 316 60
553 449 20
364 275 8
377 349 7
183 314 50
515 259 29
291 315 54
42 121 17
96 166 29
220 537 21
177 107 51
458 143 59
274 354 30
97 496 47
396 517 39
47 172 41
370 278 6
132 376 8
182 187 46
117 389 29
449 425 54
209 69 45
233 111 8
506 361 21
66 108 54
508 120 10
520 471 32
41 484 42
130 37 50
333 27 56
545 340 30
369 241 48
58 459 15
455 479 24
318 319 43
95 278 55
86 279 20
470 177 22
401 323 16
150 330 23
467 387 19
335 532 31
157 526 14
356 524 17
190 66 31
105 490 26
235 224 27
238 337 43
244 437 26
337 156 19
128 398 1
425 516 18
432 204 60
454 230 43
387 414 10
339 157 53
86 106 41
222 286 35
235 214 45
14 196 13
338 364 19
211 208 4
234 386 18
93 42 5
151 139 19
123 282 50
413 231 8
469 518 28
156 343 13
5 60 17
171 376 31
179 265 8
354 242 2
283 45 59
405 440 55
17 367 56
227 241 31
308 411 36
92 174 21
372 215 9
433 337 46
149 152 42
536 372 56
171 209 6
208 282 11
5 266 1
328 15 10
47 32 32
277 249 13
41 525 47
163 237 31
225 137 55
256 245 45
264 279 13
465 397 32
43 155 17
197 199 50
448 278 8
483 165 20
238 408 4
246 519 26
471 458 54
451 395 34
366 509 6
163 339 54
533 374 21
447 80 57
498 177 44
194 96 55
337 444 1
423 392 34
88 386 37
184 200 21
286 105 56
530 276 44
452 93 20
347 100 49
266 430 36
115 454 51
310 210 44
136 38 9
55 21 55
519 429 26
484 69 39
509 335 7
495 275 12
167 203 39
442 243 37
168 192 53
69 285 47
323 454 25
191 323 15
127 465 51
275 71 41
332 2 21
351 377 34
436 356 23
531 248 25
96 471 27
309 401 34
192 186 59
516 122 59
554 371 27
24 424 49
485 205 10
233 394 59
347 44 42
170 149 2
240 134 52
268 150 28
176 522 44
294 240 57
383 257 40
32 182 52
417 306 58
248 401 39
223 246 14
61 515 59
346 382 36
252 348 43
174 184 25
379 211 6
364 470 24
46 530 30
543 356 8
463 462 31
548 526 6
163 128 53
403 267 21
75 352 18
49 356 52
367 139 23
459 472 16
445 178 29
420 38 16
65 179 21
198 126 13
24 382 33
405 74 22
56 531 32
291 450 38
541 228 54
241 498 1
471 130 20
264 40 54
386 371 48
297 524 33
290 196 33
22 191 30
270 369 11
197 550 10
34 406 26
162 21 36
266 71 30
376 352 35
244 472 36
353 71 52
44 85 47
344 26 3
433 400 36
152 278 21
29 251 36
165 135 21
114 147 57
153 450 26
31 61 4
64 233 11
420 395 50
495 355 8
123 365 53
206 111 42
113 53 28
114 414 1
471 378 26
86 192 60
269 492 40
136 450 40
394 531 13
7 511 29
416 519 8
150 455 2
102 328 35
221 9 48
135 12 9
386 402 15
287 440 8
550 241 4
305 525 26
49 242 17
52 457 33
152 257 36
549 548 28
331 543 40
78 228 50
58 187 24
219 254 26
94 149 58
26 367 53
154 164 27
87 188 32
32 131 24
338 28 1
214 399 52
397 169 55
367 89 9
541 378 40
496 162 34
190 433 12
93 513 13
425 238 11
280 50 42
119 64 35
518 191 18
65 418 40
418 209 43
167 223 55
428 228 8
141 165 53
90 459 8
462 426 44
393 221 37
14 261 55
468 46 49
467 195 17
544 293 14
298 151 60
167 335 39
124 434 53
352 51 26
487 167 14
417 304 4
140 75 44
392 485 51
318 233 55
122 425 5
423 504 19
533 555 34
274 494 54
404 285 21
395 539 32
60 459 39
392 244 38
21 306 3
371 64 9
383 353 41
284 53 43
63 376 18
50 436 58
474 389 42
365 7 60
394 336 22
176 105 54
309 525 29
5 369 51
541 520 52
4 4 26
203 545 58
349 547 27
145 393 56
525 311 2
251 216 50
105 364 4
382 54 53
518 499 25
185 161 14
13 4 17
414 266 14
428 468 23
13 76 28
436 9 29
440 35 16
254 350 39
511 508 32
430 392 7
191 474 27
134 73 21
203 204 55
24 246 13
258 304 10
159 23 38
213 13 58
360 515 30
263 367 27
439 387 40
431 281 46
251 384 6
262 453 28
477 432 2
421 30 14
139 250 28
14 21 4
544 337 48
60 225 30
261 34 30
499 29 29
542 547 54
223 196 19
119 62 30
456 177 35
78 285 40
429 355 59
532 58 56
111 441 3
116 65 48
542 187 37
255 34 34
404 67 2
438 176 56
294 312 10
267 150 60
106 506 36
4 373 2
87 69 41
5 46 49
112 106 29
222 531 41
294 287 7
243 485 6
419 312 42
195 387 26
484 433 42
373 434 3
481 140 46
337 352 25
42 502 24
179 287 59
249 274 13
173 267 28
238 221 29
363 172 49
537 435 1
124 235 41
148 55 56
408 326 46
215 387 1
420 61 46
543 264 16
145 202 48
343 446 9
398 52 13
313 57 60
290 499 37
143 438 57
421 127 4
551 120 43
174 398 51
219 373 35
1 74 45
538 492 45
508 444 23
308 554 49
295 330 18
465 258 35
429 34 28
396 76 44
228 236 9
84 370 29
497 281 31
48 454 13
116 509 54
227 207 53
94 315 51
421 477 40
375 334 31
171 360 4
149 43 11
456 463 58
243 461 17
519 90 27
321 142 21
453 479 18
528 489 26
164 70 54
230 201 2
411 483 2
152 290 53
406 508 3
146 392 38
17 51 50
404 287 24
471 413 41
396 350 31
377 314 37
543 176 3
328 100 55
64 300 15
245 220 34
141 87 21
97 259 15
505 28 15
482 384 6
205 390 32
30 3 41
252 219 19
532 73 26
101 318 36
401 517 43
281 242 57
154 9 58
321 425 33
73 142 38
274 245 21
526 425 27
461 516 20
32 504 38
432 484 11
143 436 45
255 65 48
554 39 59
397 49 7
345 287 60
179 4 50
427 276 8
386 236 58
316 227 11
445 441 45
498 175 6
134 227 27
185 276 3
129 65 23
344 221 41
367 114 56
485 162 55
40 211 56
396 51 41
92 496 23
194 219 36
424 239 11
553 338 12
311 362 7
250 103 1
10 126 13
40 415 50
552 16 8
448 64 20
45 516 32
192 200 5
466 230 9
157 486 6
155 168 39
166 85 4
520 417 60
553 7 41
106 381 27
298 112 32
177 93 47
205 207 13
438 378 1
214 373 39
222 315 57
214 19 54
244 493 47
102 302 34
377 346 60
3 477 60
26 4 48
1 136 5
156 422 36
464 284 6
119 338 27
342 15 18
407 318 40
210 30 9
83 497 47
225 122 26
204 394 29
420 51 12
323 156 26
542 298 39
546 158 18
422 254 42
514 106 25
78 393 6
356 324 56
440 72 38
352 484 8
507 215 9
81 417 18
408 476 21
473 130 34
379 329 22
463 342 59
146 229 51
245 36 60
478 181 8
233 349 49
5 310 4
24 348 6
345 255 30
117 154 55
405 312 13
348 219 21
291 126 2
129 138 11
133 552 43
11 512 33
315 484 52
486 506 25
25 545 48
512 144 6
319 71 52
144 552 53
308 34 59
530 85 15
50 486 54
257 191 31
441 170 49
519 106 18
448 358 30
377 305 18
438 152 36
311 46 2
66 340 27
144 428 55
51 437 29
273 494 14
13 395 22
440 377 22
403 437 8
331 346 56
428 406 52
240 189 20
202 415 25
19 209 56
267 265 12
184 290 34
34 306 57
158 229 24
162 545 41
373 340 42
34 117 40
514 38 43
436 258 42
229 87 27
330 140 25
364 221 36
338 365 22
550 363 38
362 149 24
342 349 43
247 1 58
250 393 29
217 152 59
331 145 54
97 246 20
167 545 31
445 12 21
84 225 27
103 128 59
358 535 23
417 155 55
166 207 2
189 8 6
484 254 55
464 462 8
391 118 18
42 425 29
548 281 59
195 162 5
248 98 40
20 198 18
276 195 1
69 306 19
54 148 49
389 472 47
395 450 32
242 411 41
551 209 24
107 506 4
84 442 9
505 54 49
529 246 16
410 65 10
127 125 50
318 24 2
358 61 56
436 256 10
173 71 15
545 249 38
454 513 33
476 256 24
343 483 51
169 304 9
364 186 60
8 283 40
369 97 24
314 63 49
471 375 3
171 21 55
511 536 29
356 489 2
371 517 50
178 403 19
119 268 30
339 428 49
390 499 31
18 366 31
30 428 51
52 309 19
531 130 26
165 51 40
135 96 20
328 31 9
384 325 12
57 526 41
97 239 25
480 428 8
342 20 2
168 44 49
509 343 29
412 311 9
274 103 12
8 490 31
85 42 39
225 297 49
25 202 11
309 462 55
233 430 41
535 264 22
189 252 1
545 553 21
9 174 5
46 14 32
231 392 57
440 79 13
476 442 34
345 521 6
256 291 60
129 144 39
331 412 60
187 269 35
147 393 17
273 522 10
159 4 44
145 287 12
231 524 52
40 190 6
72 153 22
475 45 58
101 117 43
249 470 22
459 445 58
10 472 60
19 170 56
341 340 25
515 427 30
23 237 1
251 53 53
446 397 51
19 142 57
371 514 35
498 47 52
304 144 10
295 117 58
37 343 4
384 17 31
526 410 17
223 502 38
495 318 42
272 153 39
304 318 27
51 3 42
208 292 26
433 386 49
3 70 32
179 445 6
85 57 6
357 190 41
546 283 34
135 415 46
68 52 12
464 189 52
501 70 49
387 542 18
90 472 15
380 517 41
367 387 43
414 545 55
416 403 11
272 236 28
149 402 20
203 377 34
44 83 11
207 372 4
438 125 46
494 294 41
376 64 13
372 365 22
59 45 34
505 479 43
324 130 47
443 183 32
52 124 12
470 482 59
37 96 60
548 176 24
14 471 47
335 149 32
81 248 43
228 510 3
97 304 8
540 150 32
383 204 6
64 30 55
26 291 15
239 249 41
381 160 20
115 93 42
408 359 53
396 223 44
374 468 3
303 331 8
85 134 5
392 187 14
488 231 50
157 440 59
536 28 8
12 506 44
386 17 24
513 120 4
124 277 45
335 99 58
294 329 56
497 414 9
392 280 8
408 329 34
183 15 56
454 21 15
113 194 9
370 315 21
480 224 1
471 5 56
46 72 4
136 98 24
126 378 38
213 498 39
545 255 19
352 147 10
504 243 4
102 161 59
520 303 44
23 268 22
286 447 46
436 79 13
12 8 6
347 366 12
59 484 29
106 276 30
315 529 30
325 312 22
230 22 54
488 538 9
302 15 48
100 511 34
138 492 22
363 38 31
412 20 28
168 164 41
496 453 21
537 473 52
522 96 55
160 28 20
176 465 44
464 99 31
279 112 27
387 451 24
204 390 20
344 506 20
41 127 14
405 89 38
113 164 24
142 86 20
415 184 17
82 430 18
323 294 55
102 13 39
414 303 4
525 66 15
86 483 36
193 44 53
249 374 50
332 85 9
48 137 59
42 367 9
396 276 6
271 169 27
492 148 20
166 186 31
163 320 49
476 364 46
31 369 44
257 361 32
452 51 35
207 65 13
12 380 38
3 305 47
193 245 57
249 498 34
54 534 35
510 69 21
306 92 34
314 377 57
421 447 50
94 28 37
281 466 5
455 20 1
138 29 2
273 274 53
430 156 21
210 502 43
119 547 40
401 90 60
528 421 2
389 390 22
260 499 35
157 351 9
500 540 3
434 23 48
363 551 27
309 335 59
327 165 18
415 99 25
543 67 58
452 289 5
165 258 49
354 200 58
409 343 53
234 517 10
260 276 50
24 516 27
503 175 5
123 268 56
411 71 48
320 464 27
499 400 41
381 505 16
410 24 33
257 256 31
159 195 30
40 375 30
316 154 55
247 447 18
7 241 12
310 404 29
396 314 30
259 474 34
91 141 53
450 413 41
185 152 31
128 153 58
353 43 18
12 444 9
48 182 29
7 371 6
30 238 50
341 195 22
132 103 36
95 34 18
501 320 43
127 179 28
443 79 12
502 405 36
223 57 5
357 210 49
223 273 53
135 455 31
116 207 33
311 37 53
484 306 6
85 412 40
226 199 43
366 429 60
533 225 8
237 2 52
352 194 48
316 326 56
14 48 57
113 235 33
412 220 43
131 435 38
306 325 34
191 525 49
271 12 6
481 269 16
41 547 3
489 414 39
499 322 5
112 446 34
534 270 15
172 121 41
366 418 24
406 379 30
502 334 57
83 349 60
508 130 4
24 440 9
406 329 37
146 373 16
450 7 35
128 526 28
18 387 27
372 6 17
523 352 30
167 328 26
231 550 18
138 80 18
362 155 21
307 298 38
346 258 21
143 267 8
284 231 26
302 322 43
331 549 28
484 492 15
216 139 40
468 329 24
506 337 12
40 449 6
46 11 33
11 485 48
324 329 56
186 104 46
279 109 55
544 381 37
461 100 59
490 4 11
282 327 52
361 307 29
362 391 41
380 135 50
117 350 48
77 409 38
121 235 35
378 304 54
219 267 19
553 11 49
353 208 30
395 476 55
104 126 9
153 353 26
529 427 35
539 464 26
472 146 38
552 1 29
403 65 3
69 144 27
274 129 40
189 111 34
149 283 12
458 345 14
457 83 15
286 215 12
335 313 44
159 157 6
111 240 35
425 499 35
415 332 17
510 183 33
50 120 12
432 207 56
461 310 53
67 478 25
111 162 56
504 377 34
422 468 21
148 373 56
401 528 9
349 435 6
429 523 53
272 106 16
251 245 54
477 149 2
105 275 17
251 172 45
295 50 56
461 92 59
173 82 56
354 190 41
372 461 52
329 526 54
520 383 5
234 91 6
342 345 23
462 415 1
220 140 31
260 362 16
338 284 49
366 211 32
141 448 36
240 400 12
512 56 23
502 547 57
334 73 39
342 141 53
368 542 5
269 182 51
177 310 56
140 191 47
501 261 2
381 291 35
512 209 55
492 480 35
187 29 11
129 267 12
57 475 39
106 2 30
127 193 51
86 171 60
194 315 19
545 76 13
515 264 25
208 539 16
76 519 16
134 500 40
413 531 17
275 535 25
506 213 35
346 9 57
454 214 24
161 172 4
191 474 18
411 383 56
4 121 6
466 122 32
108 43 7
429 492 33
100 243 20
346 265 21
499 524 38
74 188 49
274 245 26
267 527 37
181 82 14
483 546 2
474 328 15
368 285 14
525 71 57
514 366 10
122 384 26
337 325 20
482 62 39
25 108 18
520 312 26
35 280 33
120 551 57
176 144 5
213 345 44
38 2 11
256 516 4
551 276 41
66 194 38
223 141 25
443 80 38
417 128 8
368 257 59
544 438 60
23 223 2
457 242 42
291 65 22
153 163 16
472 483 22
374 265 54
195 394 50
132 348 40
16 380 2
210 530 23
2 36 48
317 265 33
371 14 14
457 97 38
272 74 57
434 103 35
339 108 57
144 37 25
250 91 35
400 359 35
26 261 55
313 301 49
44 206 60
297 222 19
451 33 12
290 55 43
219 270 30
404 383 11
230 165 18
482 426 7
485 455 44
535 314 45
342 152 34
513 354 39
309 526 5
410 261 26
224 66 37
279 89 43
131 341 19
110 77 9
381 78 41
13 333 26
294 17 31
51 205 40
513 439 10
29 9 51
436 237 39
482 309 26
115 367 59
141 267 4
257 149 11
167 236 13
407 83 26
477 401 21
468 130 26
213 274 29
415 224 57
200 54 17
18 207 35
520 548 31
105 514 30
484 238 60
555 2 33
326 293 51
522 100 1
181 159 15
414 172 20
516 350 6
407 280 20
249 73 46
255 139 40
532 221 13
426 526 23
47 82 32
202 118 35
441 197 1
362 370 21
299 175 49
193 125 3
326 430 32
422 267 52
364 401 50
130 265 57
284 495 36
13 465 58
58 270 26
153 130 29
464 512 5
124 402 3
91 186 8
18 104 5
235 286 21
154 306 57
459 386 12
377 470 26
322 483 13
75 354 21
195 232 23
282 51 7
211 390 15
510 280 16
374 528 50
484 468 44
36 358 2
240 70 60
337 65 45
188 442 37
165 115 8
474 182 42
100 394 28
549 293 54
167 126 7
178 373 45
350 129 39
400 535 23
75 466 4
250 292 13
247 412 19
407 307 31
117 40 38
132 127 1
335 517 59
128 168 56
11 191 36
555 7 17
336 305 16
475 273 4
131 401 37
98 1 34
167 521 26
84 236 2
501 215 22
390 264 48
483 429 59
547 300 53
273 40 45
268 457 25
538 194 11
126 228 35
222 24 1
151 380 49
360 303 25
199 411 16
80 37 49
396 492 27
73 393 2
376 78 32
231 408 24
263 461 22
295 437 48
201 290 14
167 539 27
172 8 14
166 417 13
420 298 49
397 115 23
221 507 4
334 136 17
81 513 59
155 61 27
221 100 39
311 300 2
10 261 53
553 317 17
482 43 36
520 55 44
411 157 48
107 258 44
9 63 18
184 410 4
78 84 4
56 304 50
196 16 29
188 90 42
161 138 59
29 28 2
209 393 52
321 316 5
43 179 24
65 155 28
179 536 44
514 63 1
159 16 2
80 544 16
32 34 52
359 549 48
130 308 46
1 475 14
32 218 43
352 159 51
514 311 3
20 32 10
76 316 38
110 291 39
106 531 19
389 322 47
413 319 10
221 394 36
106 450 52
271 427 59
84 380 39
232 473 51
258 333 25
360 285 4
508 325 26
107 70 25
199 332 58
281 554 55
284 369 53
113 299 11
319 482 29
165 426 17
340 241 30
99 174 39
454 534 34
449 136 30
291 433 21
405 104 19
139 528 8
167 126 9
365 23 36
517 317 40
351 129 52
126 122 7
156 485 35
91 238 17
287 459 28
503 55 51
145 262 28
227 102 32
64 207 11
486 229 12
514 486 57
422 73 10
113 452 25
409 284 53
67 22 59
71 297 13
135 528 2
115 467 3
549 56 3
554 380 54
75 18 60
256 476 23
346 46 45
109 106 3
272 505 27
230 212 58
506 208 5
147 493 15
238 110 7
291 194 5
262 337 15
365 106 40
294 359 46
109 327 19
534 163 55
525 391 5
283 243 37
227 457 51
287 533 16
346 256 4
271 187 7
480 417 54
196 265 17
117 546 48
165 316 27
237 313 42
413 355 6
408 123 5
174 468 18
169 121 56
295 425 14
354 375 37
249 308 11
67 299 49
515 282 52
332 226 22
292 164 28
275 46 49
483 20 41
94 139 24
99 284 20
231 87 7
186 285 32
153 190 32
42 84 11
63 362 5
266 319 57
302 464 47
493 6 54
504 117 37
517 124 35
30 402 13
168 345 6
334 319 13
97 368 23
118 472 6
284 278 34
476 210 49
343 23 28
274 144 8
249 361 28
24 461 19
91 110 1
53 497 11
241 119 39
222 363 30
20 455 38
320 341 44
197 324 3
402 42 51
501 414 45
160 138 48
119 187 34
81 231 31
201 466 32
421 382 55
292 355 59
266 124 36
164 161 28
25 6 17
36 461 36
7 284 24
216 24 47
305 2 46
555 114 55
185 492 13
154 508 51
476 89 59
424 48 36
146 288 59
412 358 60
124 149 39
349 502 5
362 550 41
249 251 28
504 203 8
173 92 1
129 88 22
537 321 56
295 289 19
232 250 19
252 202 10
545 101 3
200 11 38
20 431 20
364 10 35
542 35 42
181 163 52
219 522 28
184 129 60
309 85 10
26 338 9
477 504 29
301 78 20
514 102 18
65 161 47
530 256 18
517 467 1
514 30 54
150 428 15
133 97 49
182 524 26
524 186 9
473 32 60
516 178 2
395 332 47
514 421 57
162 323 22
49 508 15
109 244 41
265 269 40
291 242 22
29 73 5
298 307 37
205 77 48
548 303 49
183 170 26
540 245 40
338 274 39
108 475 44
27 225 13
318 399 32
542 318 25
403 430 14
424 359 7
414 484 20
293 322 7
310 7 1
535 320 51
262 183 21
293 186 34
471 263 33
348 119 53
63 228 7
375 241 17
307 236 50
362 150 28
286 307 42
100 281 58
219 414 14
8 354 20
510 249 43
555 250 42
466 38 14
406 235 54
193 420 9
340 153 53
81 168 32
30 219 1
197 309 21
372 87 40
286 3 47
91 365 27
536 163 53
144 521 54
435 463 27
142 368 12
96 400 46
411 520 48
114 9 34
318 7 47
417 420 38
195 447 10
249 493 32
153 527 15
356 322 28
213 156 50
189 175 6
479 539 47
382 122 25
354 202 30
265 477 44
56 239 28
344 515 37
144 442 45
290 14 17
361 503 9
297 200 7
26 493 34
520 411 38
50 444 6
522 124 35
287 466 31
230 331 57
90 247 8
32 521 22
530 414 58
334 425 52
376 53 5
2 36 5
542 429 28
388 127 21
75 486 26
127 63 29
239 37 19
443 26 23
262 431 5
544 329 49
100 194 44
370 350 17
514 127 3
275 417 59
482 101 9
342 253 23
180 326 8
12 354 44
307 323 49
349 227 46
145 186 32
175 177 9
70 476 21
541 55 4
481 192 46
331 14 17
122 292 45
336 96 25
172 545 15
99 457 55
522 26 48
370 484 54
408 440 46
238 254 55
225 130 50
231 529 52
220 306 2
215 162 28
214 392 41
340 343 40
302 232 45
150 280 1
420 120 54
287 555 24
68 185 19
36 299 33
499 393 19
171 208 39
107 552 59
493 508 7
317 464 48
459 274 17
327 269 52
141 301 53
479 172 12
498 268 40
137 366 49
307 250 4
82 342 14
32 206 14
315 289 49
191 42 39
298 111 33
43 336 2
344 208 10
85 305 28
144 70 51
13 389 9
442 273 38
547 111 53
145 81 24
31 480 52
170 384 7
394 513 18
322 87 20
545 131 12
302 517 42
248 401 51
341 52 33
260 196 31
316 159 33
247 518 11
502 95 35
274 82 32
105 177 53
64 43 38
303 342 50
475 27 59
56 5 7
232 525 28
47 552 31
548 417 60
195 33 37
4 418 37
95 539 27
42 484 8
175 478 35
176 367 30
321 383 16
435 32 30
284 261 8
450 356 6
106 216 10
200 290 11
216 132 15
50 244 22
492 448 23
115 255 55
283 292 35
359 111 14
319 230 9
445 125 44
282 505 33
258 529 29
414 531 20
163 97 18
428 83 55
316 61 17
221 333 53
481 113 51
251 505 55
212 292 24
324 419 9
269 249 7
170 379 55
331 493 46
72 535 44
90 421 15
142 343 12
400 175 26
477 99 19
478 358 34
446 252 48
19 78 31
443 465 45
355 392 30
299 525 8
429 395 10
388 39 6
190 141 34
262 545 33
244 547 23
395 375 15
491 44 49
197 113 29
162 247 26
32 527 57
251 114 29
12 175 14
278 126 15
221 486 15
84 504 11
262 460 2
364 410 9
553 47 30
533 400 4
376 161 53
92 517 5
134 195 5
363 193 42
293 531 35
157 314 52
239 81 2
191 115 21
56 466 12
159 465 12
329 274 55
373 501 10
138 68 21
472 33 1
346 79 28
456 19 34
545 59 16
20 404 26
19 95 53
23 167 29
487 254 35
328 475 7
244 495 43
223 16 42
202 500 36
467 318 37
150 159 29
460 10 40
239 163 44
71 288 6
14 28 43
222 380 16
75 155 15
1 44 31
202 237 53
326 38 46
204 418 43
357 149 34
187 283 28
61 335 57
281 199 44
349 331 9
137 380 27
365 61 48
345 485 53
366 81 50
447 240 20
257 280 38
274 451 8
527 43 23
518 415 36
431 292 53
526 517 45
535 81 36
417 533 13
72 433 34
282 261 10
81 399 35
491 227 53
333 394 16
455 6 48
270 415 46
192 524 6
294 209 48
526 485 5
266 420 43
383 25 51
2 507 10
407 134 40
69 136 26
337 255 28
313 58 14
361 491 31
130 144 37
307 493 36
299 174 31
393 489 47
28 409 45
227 555 16
34 516 32
198 548 50
191 64 57
179 268 18
296 467 37
388 404 35
427 34 50
58 190 4
54 240 30
267 75 1
195 269 47
454 217 22
373 368 38
554 146 32
524 437 8
390 270 30
197 238 56
105 130 42
65 188 13
3 296 43
159 275 49
282 137 21
207 205 26
210 47 42
80 170 18
478 467 14
298 77 35
292 494 21
436 431 57
304 467 1
111 513 7
243 249 28
442 36 6
328 318 49
273 274 60
225 240 12
18 196 7
116 143 49
502 167 17
485 118 17
302 119 23
525 166 32
8 264 11
445 500 8
388 96 18
142 535 4
122 62 29
6 111 46
501 232 16
289 468 39
25 246 15
48 481 33
376 205 53
128 496 19
479 105 45
224 272 21
133 464 27
385 410 9
25 420 21
158 50 24
441 43 13
402 39 51
315 136 33
408 516 13
325 357 2
57 207 1
445 361 32
79 479 10
369 115 14
493 284 51
405 380 34
440 261 54
310 454 19
10 234 20
464 323 54
23 239 45
355 456 43
100 217 9
256 511 59
325 469 6
11 97 32
58 175 58
363 442 50
107 482 31
31 92 25
454 482 38
258 123 46
361 500 51
20 534 17
297 406 6
105 211 21
15 352 30
359 10 25
394 79 11
128 31 17
314 65 29
282 229 25
104 43 29
51 181 15
98 500 42
396 498 3
178 151 46
350 427 36
228 421 23
190 154 21
315 14 53
82 194 58
236 185 48
79 66 33
361 65 26
553 469 3
221 191 12
253 20 27
31 402 50
417 305 26
123 98 15
215 14 39
93 206 39
369 554 10
359 264 11
287 289 29
299 182 43
161 371 16
304 268 41
298 246 36
337 15 26
103 95 39
13 483 15
8 292 12
297 215 24
209 553 16
434 49 16
473 472 9
365 34 60
115 484 40
111 380 24
421 172 37
165 515 21
253 152 43
418 44 55
159 198 34
30 419 16
38 304 60
238 120 32
274 174 34
77 495 53
17 214 33
540 486 35
310 92 47
144 321 58
455 326 60
99 317 54
105 378 53
165 403 31
505 77 31
459 425 53
306 354 46
189 203 16
255 519 25
281 380 20
446 162 35
394 120 37
387 351 31
420 521 26
303 485 53
40 42 1
245 391 53
183 544 32
207 3 26
361 236 25
539 427 5
398 203 52
73 142 48
520 359 12
178 44 30
469 355 12
22 460 23
50 355 10
274 466 2
41 227 60
306 371 41
389 7 39
361 199 36
62 67 13
90 254 16
120 262 53
41 501 55
498 151 15
482 488 48
67 59 5
22 446 31
133 235 9
223 436 51
442 402 57
528 190 17
213 279 31
526 62 22
154 295 11
147 400 12
189 263 45
225 485 53
122 219 17
424 286 7
132 387 11
498 116 50
321 301 10
515 16 52
12 198 10
154 20 31
459 425 34
520 219 16
371 279 45
377 119 50
508 186 22
44 283 12
222 470 34
521 344 3
171 461 27
331 296 1
257 136 14
457 26 44
510 351 14
527 518 1
177 282 58
346 8 15
55 484 32
553 29 21
198 507 36
404 50 25
138 219 43
535 547 2
424 161 1
352 163 37
434 51 8
449 189 29
188 373 2
64 428 21
275 224 23
387 143 11
413 182 55
350 218 13
292 226 14
509 508 58
228 163 60
490 501 13
373 367 20
382 477 6
23 409 46
526 103 29
550 362 31
206 548 42
22 125 42
148 183 3
285 535 29
42 457 38
484 534 54
517 225 46
243 133 16
204 275 42
58 175 7
523 540 5
479 62 38
211 500 16
483 224 49
126 259 43
190 330 29
535 511 28
415 464 10
51 417 50
479 280 18
316 391 59
71 189 57
144 449 60
441 76 56
56 225 49
530 539 39
286 360 56
27 409 38
99 71 44
408 182 55
111 326 52
303 166 35
179 20 37
331 58 59
242 490 5
471 420 17
162 34 5
454 402 20
403 237 9
312 363 51
243 16 38
434 494 39
472 60 26
49 458 16
209 390 37
490 358 14
50 124 3
463 480 12
486 218 41
34 502 16
120 191 23
15 24 20
222 199 31
73 82 5
217 457 4
332 130 23
344 487 27
143 271 50
103 237 17
26 139 4
318 99 4
15 88 4
181 424 2
189 48 9
405 236 49
51 281 29
420 437 19
123 206 21
34 423 52
294 188 60
202 489 4
123 539 36
535 474 60
300 195 9
91 428 17
79 335 57
473 13 27
452 306 41
123 426 35
69 287 11
386 446 3
99 98 35
516 335 8
81 405 38
323 197 17
73 522 43
440 443 2
553 129 3
323 402 7
159 6 16
315 304 4
129 488 40
3 55 44
134 195 6
424 545 11
522 383 41
27 225 54
361 402 26
534 354 57
459 518 34
300 126 40
32 283 22
469 438 13
93 237 44
254 26 13
219 76 57
403 469 12
308 196 7
317 157 30
6 46 57
512 288 58
132 281 37
41 444 58
71 71 60
243 45 59
95 202 6
292 349 57
68 449 44
399 357 50
186 169 15
294 180 54
206 401 3
123 512 41
95 33 40
456 133 27
353 414 6
71 446 11
205 419 47
247 50 38
322 529 22
325 98 28
551 204 49
89 57 13
504 254 5
161 474 48
149 7 49
476 110 27
312 335 5
339 531 60
180 401 1
338 297 19
291 110 52
378 347 43
204 171 44
166 394 35
364 448 16
454 464 5
122 216 13
281 540 33
240 425 12
299 164 46
150 500 2
275 152 22
104 74 18
295 533 6
328 20 10
102 414 21
59 349 7
253 262 11
491 460 29
256 322 19
543 290 23
205 406 43
373 113 60
318 33 6
87 307 22
271 298 51
45 123 32
437 289 26
295 362 45
525 69 11
151 189 39
460 536 43
354 371 40
555 496 2
89 278 12
199 278 4
341 524 29
263 548 23
388 399 40
233 55 40
212 212 26
465 299 21
209 221 1
272 343 19
133 43 19
510 498 44
227 400 34
236 461 43
223 452 20
380 511 38
245 387 27
83 403 49
506 474 21
37 407 40
376 458 1
521 213 55
239 173 15
23 255 43
426 397 9
537 529 49
8 147 46
164 201 26
27 374 18
473 415 50
247 186 49
321 33 39
355 144 23
167 280 33
9 502 42
530 225 9
2 83 5
119 402 29
522 189 11
204 450 41
10 482 7
260 391 40
276 291 1
319 329 37
421 16 4
390 251 42
440 260 30
439 216 37
438 331 22
280 200 26
490 477 31
467 32 24
38 338 30
351 97 8
265 127 3
420 214 11
388 216 47
398 254 54
172 285 44
61 385 14
433 6 49
320 460 53
123 532 20
552 384 21
151 12 22
417 510 60
59 129 30
29 206 33
252 494 55
458 101 1
501 205 50
418 219 17
165 367 1
345 387 17
442 8 44
539 248 60
329 460 48
53 134 30
275 238 58
321 164 30
536 550 48
441 313 7
141 293 58
219 252 34
483 139 18
134 81 44
400 281 15
485 452 8
208 110 56
100 165 7
305 284 3
437 263 20
85 482 55
507 151 16
538 502 36
92 542 31
33 204 4
207 532 39
307 316 39
141 16 1
346 153 39
549 455 55
53 371 4
223 197 27
110 172 54
411 167 3
430 414 38
474 453 50
432 351 56
431 416 18
212 403 46
46 495 6
37 457 18
474 428 4
461 512 50
360 415 38
287 459 40
329 415 31
321 87 15
225 419 16
200 196 8
299 429 9
53 162 33
440 33 3
237 433 56
169 152 7
21 427 35
26 465 47
10 377 42
466 35 4
302 349 46
509 70 27
25 377 45
234 123 8
268 390 32
233 476 60
64 234 47
454 113 36
30 124 46
509 506 13
271 242 33
83 61 52
498 117 58
230 363 19
32 453 57
72 124 25
258 289 22
418 85 3
505 506 6
65 251 50
155 176 5
111 532 59
197 81 41
513 74 32
36 33 9
106 349 18
80 152 58
180 349 2
36 209 15
302 332 33
340 271 53
196 16 29
204 140 60
53 391 3
232 206 4
154 33 32
265 183 56
476 413 42
383 2 56
364 112 4
408 245 56
49 18 13
259 339 26
294 271 39
198 298 10
113 317 57
539 537 60
44 474 37
488 215 45
540 15 37
133 205 52
335 408 2
245 105 48
412 468 41
77 319 45
463 143 51
233 89 52
486 43 21
197 185 47
43 516 35
444 271 26
52 440 1
464 238 10
91 477 39
511 369 13
428 210 58
319 420 28
275 336 52
458 47 12
95 402 57
262 336 13
269 403 28
69 121 49
59 284 35
266 372 19
2 4 19
301 61 14
2 499 44
430 408 27
296 135 13
229 262 3
254 309 34
187 34 29
242 275 55
192 102 4
427 16 31
16 313 49
514 388 23
300 360 35
171 50 42
349 411 19
553 9 37
505 451 51
251 422 40
261 191 54
76 539 59
438 126 22
128 212 37
182 504 1
533 124 40
470 70 56
80 251 13
296 411 23
217 542 47
212 121 27
522 244 39
273 104 1
68 437 50
57 236 17
129 311 58
2 180 29
390 482 56
25 37 37
260 291 46
21 395 52
231 197 11
377 2 24
390 422 4
353 50 27
416 90 33
101 475 17
389 49 22
550 104 30
263 178 44
414 457 4
76 34 18
21 267 56
227 88 11
143 42 24
138 397 20
132 476 6
376 449 34
211 254 42
534 120 27
151 407 42
339 423 28
348 545 10
544 128 17
363 237 28
323 524 44
475 498 58
226 304 27
51 326 6
490 513 36
135 356 26
272 450 19
146 134 11
379 49 51
34 321 42
396 328 36
71 511 16
539 384 52
268 509 27
430 506 42
336 412 36
244 518 24
549 385 3
4 158 4
64 214 41
71 540 26
126 112 38
44 10 42
290 16 46
400 228 1
550 334 21
145 537 43
42 130 55
332 393 10
92 70 42
270 188 31
551 77 41
454 18 7
129 89 34
523 52 39
267 464 39
16 477 23
106 444 33
180 36 31
319 76 44
517 306 36
403 54 57
195 476 49
374 345 38
253 467 59
377 12 54
361 338 25
487 113 34
246 534 21
416 517 37
118 513 48
95 229 27
422 411 32
271 6 29
242 300 39
306 526 5
50 412 38
487 146 34
107 446 52
10 452 41
495 262 15
224 150 36
501 296 8
47 147 5
523 120 46
98 22 51
333 162 23
198 313 21
333 335 26
262 70 23
509 208 60
453 474 35
268 449 52
377 387 27
103 536 32
89 315 52
517 291 53
368 119 17
456 116 11
554 201 43
419 5 26
175 526 16
460 269 5
164 460 60
530 448 8
343 519 3
465 435 5
173 402 54
170 36 53
64 476 3
24 295 4
246 222 34
12 374 56
139 368 35
163 430 18
166 16 6
27 474 20
301 251 34
197 492 51
354 471 41
1 387 19
400 50 4
539 344 59
44 235 41
1 238 37
338 538 5
548 211 57
113 416 9
455 350 43
462 35 18
532 306 26
483 6 48
76 218 59
305 451 45
120 338 16
517 487 35
112 290 43
28 194 16
490 493 19
38 93 55
148 51 15
46 211 7
144 344 56
200 522 3
135 368 32
279 199 54
94 398 4
185 443 54
181 163 4
173 163 44
485 304 59
207 280 17
535 284 4
543 354 27
458 499 49
326 393 54
547 15 28
513 183 45
503 375 30
165 227 35
324 338 31
552 179 6
310 82 34
484 425 3
261 32 58
149 543 37
114 546 43
552 148 35
112 407 7
119 508 50
495 131 3
458 321 30
86 512 11
39 139 7
428 265 57
68 154 42
546 45 51
452 104 57
168 376 30
266 365 41
322 145 3
305 129 35
267 413 54
250 554 38
449 37 3
98 285 29
169 234 53
43 240 15
437 431 53
181 555 46
262 513 57
487 553 29
171 331 41
78 502 38
195 363 37
315 426 34
388 434 58
395 212 52
68 50 6
168 239 26
237 248 2
451 127 52
160 83 55
53 109 43
523 224 3
510 409 41
134 224 30
95 378 45
100 459 46
480 236 6
253 2 22
485 434 48
234 436 23
107 81 12
297 475 57
82 164 36
129 199 23
465 139 49
166 388 26
162 27 57
143 355 32
90 126 25
463 156 59
23 341 31
104 45 47
368 417 55
179 551 43
450 341 57
427 503 17
510 211 28
258 504 49
291 298 4
32 187 32
468 546 10
482 52 54
408 366 7
520 151 46
464 345 6
20 521 19
31 336 21
275 133 28
458 448 45
77 41 12
189 361 27
305 465 52
193 418 60
101 258 30
460 184 34
128 119 47
302 13 29
460 548 41
148 148 40
235 31 40
143 69 41
278 419 24
485 170 39
122 253 60
547 87 28
158 234 19
71 98 29
494 59 56
245 8 53
189 85 17
495 511 17
160 227 55
73 68 44
347 468 18
270 541 12
544 492 53
449 1 17
502 351 42
390 156 3
276 480 40
97 124 56
491 421 34
112 115 39
363 186 57
441 390 52
98 319 29
140 379 42
381 411 15
156 102 34
6 174 42
175 440 38
383 463 16
16 220 54
226 7 48
478 118 21
28 42 18
113 411 24
225 412 57
524 270 56
513 277 32
1 295 45
382 513 30
399 245 37
456 312 17
82 420 50
338 421 42
111 268 41
497 62 54
320 401 51
224 59 6
392 261 47
188 90 37
9 256 10
298 278 30
527 290 6
47 18 54
401 418 43
332 137 12
470 376 40
127 248 42
254 449 40
122 310 19
361 37 1
280 89 12
174 491 53
149 81 45
297 223 47
322 232 34
509 419 5
540 135 57
523 76 25
25 363 38
178 484 25
360 353 58
83 283 53
514 353 7
436 180 57
230 354 51
264 404 23
185 378 25
352 381 9
427 359 27
300 130 27
141 329 40
517 538 43
245 135 35
492 266 51
120 437 58
63 498 29
6 528 37
171 435 43
92 367 2
48 490 41
408 518 19
202 64 42
335 221 12
393 302 54
221 525 41
41 115 35
82 426 54
35 40 38
523 1 22
396 516 57
320 357 46
70 398 39
261 22 54
112 90 18
303 328 29
1 499 57
387 151 55
25 412 2
516 397 13
174 547 13
6 388 53
170 145 39
492 16 8
180 279 15
410 98 15
145 505 20
217 222 55
186 135 46
466 514 24
429 367 40
466 552 7
467 219 59
188 243 7
183 213 28
253 280 40
103 501 13
521 1 15
186 67 26
500 323 52
542 199 16
220 171 38
515 336 59
500 136 60
537 460 33
348 270 51
471 493 2
169 110 28
467 511 1
283 32 45
307 29 27
527 420 42
52 227 3
406 319 16
121 119 26
348 98 1
175 21 15
233 326 44
6 88 54
429 81 17
30 422 18
14 286 19
281 377 55
186 493 12
19 270 55
385 147 49
211 175 36
233 442 24
3 148 52
436 522 39
384 61 35
231 183 29
235 327 14
533 466 16
11 166 58
450 49 59
288 248 29
270 209 21
425 171 24
71 30 55
430 136 59
401 285 5
372 384 33
417 140 51
500 321 2
164 190 41
265 164 18
421 319 56
172 84 42
35 51 28
269 106 15
534 6 39
104 127 10
251 329 31
5 248 17
374 342 17
135 289 10
6 37 48
104 511 58
342 54 47
199 345 6
493 277 31
135 220 51
160 358 12
3 344 13
425 496 26
46 387 59
304 555 49
486 404 46
108 341 8
220 147 33
541 109 54
435 220 11
414 178 40
375 167 16
504 188 44
279 307 15
184 147 31
335 317 11
170 49 42
35 80 30
510 277 56
464 272 12
52 88 20
109 276 41
116 158 26
509 239 60
129 183 30
453 529 12
231 439 9
104 151 60
488 308 21
525 547 54
449 407 51
301 410 25
258 306 47
47 373 47
288 84 26
457 530 57
486 10 12
29 165 30
142 79 48
169 438 59
276 374 48
248 296 38
20 414 6
495 32 43
425 119 34
396 524 48
504 273 23
351 205 58
369 292 15
96 401 40
319 256 32
196 335 28
127 444 34
221 46 29
523 482 40
280 475 51
334 513 21
22 535 33
341 133 32
293 323 26
432 343 50
511 305 27
151 341 16
453 400 34
185 121 36
242 520 52
489 483 37
121 464 18
496 59 51
515 403 27
434 522 4
511 284 5
18 75 23
96 140 53
25 137 41
62 441 49
16 474 40
31 287 8
359 526 23
167 37 20
378 268 60
11 268 53
95 176 40
38 491 29
19 325 6
4 452 49
462 195 52
534 302 51
79 169 42
203 239 41
386 109 41
433 444 1
39 98 20
285 317 58
398 359 16
400 443 19
203 320 10
541 533 21
216 381 32
500 357 16
318 136 46
166 84 32
150 336 57
449 518 37
101 122 46
452 251 41
197 132 6
401 299 46
213 105 36
410 241 50
365 305 53
513 32 3
62 103 25
279 131 39
459 90 8
215 203 58
64 536 59
142 356 2
272 92 49
66 66 20
469 449 55
7 37 14
347 462 40
345 385 17
425 320 50
294 59 12
444 112 58
27 491 38
463 290 20
66 477 10
305 122 53
351 196 18
65 417 59
146 344 9
195 331 23
140 312 17
508 326 41
250 238 51
500 140 5
196 229 46
215 310 27
274 77 49
292 87 43
503 424 30
452 266 23
173 418 3
32 501 21
338 355 19
36 115 48
541 175 9
26 540 58
217 143 29
105 469 40
223 213 39
85 474 33
273 313 35
416 58 36
522 59 16
537 131 6
146 347 39
39 520 23
207 13 45
451 64 27
122 69 30
42 367 33
59 450 31
223 532 33
177 295 54
64 417 24
267 140 59
119 58 2
469 349 33
144 82 16
74 87 47
311 282 31
477 405 23
187 415 11
366 528 8
139 131 21
71 553 19
59 464 56
423 388 59
487 8 40
137 356 2
153 474 12
341 219 15
87 276 55
318 327 53
357 8 21
180 538 1
307 457 51
496 186 37
233 140 23
359 151 29
552 151 15
467 292 39
269 555 18
543 53 42
524 245 9
71 118 27
346 242 11
415 378 57
181 275 54
356 28 37
308 262 27
336 166 10
68 461 3
157 36 33
110 479 8
296 99 42
478 541 13
241 169 21
488 9 41
434 454 25
191 547 11
2 368 35
50 218 54
405 251 57
443 400 15
471 221 9
437 273 6
364 262 50
525 375 40
36 486 13
441 521 56
141 412 56
221 50 43
371 119 26
267 398 57
325 60 35
315 185 39
277 264 31
39 243 35
126 20 13
112 345 7
426 314 38
414 4 6
470 326 41
77 28 2
165 216 7
494 178 12
226 420 21
391 205 6
508 372 51
186 473 39
515 248 42
524 20 34
21 296 59
419 436 47
266 19 24
34 414 50
200 390 46
409 205 45
96 291 34
56 292 41
434 418 18
344 387 29
425 234 55
38 200 46
385 69 4
97 284 49
548 500 35
104 146 46
5 269 21
178 156 45
17 298 4
404 488 41
518 464 12
496 306 13
130 145 23
465 59 56
179 135 7
117 136 4
152 347 53
137 251 8
387 456 59
358 274 25
129 389 12
191 104 18
547 245 41
546 51 13
250 326 6
445 145 40
336 419 32
117 364 14
376 332 40
307 45 55
103 277 16
432 153 22
300 115 50
409 349 14
374 192 38
305 401 44
120 366 59
470 90 20
220 389 46
211 396 32
468 422 51
83 431 56
344 517 22
216 320 35
179 99 37
8 371 33
510 451 58
114 241 35
528 210 9
356 77 50
472 545 58
153 445 15
42 305 22
493 422 13
353 38 23
118 302 23
174 48 47
319 448 17
540 502 24
174 183 56
238 509 3
123 46 18
372 183 27
278 64 52
512 6 23
428 179 24
241 245 11
158 334 54
59 18 13
218 80 10
361 357 16
404 168 6
411 29 16
239 1 48
426 14 29
504 413 24
14 484 41
373 454 10
554 457 33
149 446 18
167 148 4
499 381 30
87 189 14
54 488 33
366 425 32
200 246 44
353 64 1
376 280 2
127 285 56
65 281 14
186 35 50
189 97 56
438 138 59
475 60 5
405 42 7
345 346 10
165 397 34
76 160 2
344 433 14
407 5 41
215 171 4
480 374 21
423 195 26
202 532 13
331 396 10
449 91 55
85 203 15
470 299 11
534 445 45
379 388 41
62 460 49
405 374 33
177 170 46
91 279 28
510 485 28
18 239 21
480 150 52
419 423 48
159 51 29
318 512 29
418 311 20
132 315 29
501 462 55
466 49 31
499 231 9
418 151 33
209 475 5
48 228 45
304 55 11
374 479 26
238 54 37
229 508 10
22 513 26
219 6 58
204 107 42
284 467 50
343 291 11
244 461 3
53 226 25
277 167 10
13 375 58
406 185 29
123 500 13
351 450 47
448 93 47
394 404 26
405 390 42
463 532 22
493 102 37
538 73 38
211 104 8
337 300 39
380 195 1
255 214 50
460 305 10
325 188 46
246 194 33
316 540 31
85 437 10
35 392 19
459 86 43
302 235 29
224 454 25
338 114 31
261 260 38
432 106 34
353 120 55
276 262 8
477 408 33
22 158 54
97 124 17
219 66 30
178 212 47
183 548 37
109 295 27
128 302 43
209 372 52
217 62 45
283 328 14
213 312 54
119 92 45
481 18 40
365 74 13
499 334 17
477 188 30
390 160 31
272 81 13
275 285 26
393 318 10
408 535 35
172 154 25
472 537 34
544 462 53
60 164 44
260 405 32
431 168 36
77 238 34
177 139 49
147 506 40
437 69 12
460 138 39
548 450 7
523 24 35
450 116 27
530 394 57
162 114 48
6 263 7
521 204 53
257 269 4
268 298 45
504 142 10
108 138 56
130 419 6
382 533 29
18 167 55
225 180 52
47 494 33
465 257 15
314 294 16
198 257 52
331 408 39
383 391 29
207 423 6
140 80 19
510 414 13
439 9 55
501 530 22
291 229 18
496 373 59
515 290 10
117 391 57
401 259 48
525 490 14
48 106 54
92 371 46
209 350 6
154 336 15
273 297 14
100 115 31
532 217 20
385 390 60
437 312 59
92 148 10
299 360 57
148 475 23
76 499 53
220 442 11
516 178 16
312 475 14
198 185 16
226 76 21
68 112 30
68 155 22
6 257 23
53 465 32
239 360 53
444 62 10
173 164 25
118 231 31
123 157 16
274 328 57
512 198 19
57 281 34
422 151 30
532 475 23
221 244 42
292 207 24
365 109 16
388 267 15
134 222 50
95 257 23
257 21 53
444 462 39
169 549 49
308 420 60
518 210 54
317 163 42
537 470 17
241 369 50
20 76 15
78 271 10
164 422 46
483 531 43
234 465 25
204 132 13
117 199 20
204 529 44
17 129 15
522 23 49
270 342 45
204 118 42
376 269 48
264 231 36
498 381 40
506 165 1
137 237 47
226 431 25
37 496 8
477 217 10
170 24 38
22 275 14
488 486 11
425 120 43
153 193 29
1 226 29
22 538 12
223 26 45
278 28 43
155 23 16
375 433 29
542 113 46
254 258 38
290 436 16
241 487 6
336 299 19
456 96 4
127 328 5
524 117 20
502 5 29
318 424 19
394 530 25
135 299 54
437 371 34
493 290 54
24 84 33
306 57 16
199 407 33
7 61 56
140 388 2
143 432 51
545 21 4
211 169 24
335 227 60
123 510 45
409 450 5
153 288 41
424 190 33
450 167 52
363 531 54
529 119 18
408 413 7
168 63 30
490 367 25
494 229 53
20 73 44
517 240 19
240 551 57
245 400 35
524 494 42
316 507 18
260 479 2
462 285 31
476 133 21
386 196 36
408 72 35
456 87 42
441 78 56
93 437 38
444 536 55
348 504 7
403 44 34
243 112 51
269 9 57
489 544 41
264 149 27
291 424 1
324 351 24
238 318 25
139 59 32
105 399 19
450 387 27
12 15 13
349 308 22
414 285 24
450 340 17
376 280 44
81 549 50
271 355 40
57 442 6
150 329 6
33 485 32
439 7 4
337 549 33
290 484 55
395 479 7
292 51 42
71 449 12
46 387 27
165 336 52
392 346 30
91 72 44
304 489 25
171 225 31
217 185 57
382 519 25
292 518 50
50 459 52
174 169 56
160 484 44
310 21 24
411 436 50
158 49 45
216 255 41
404 472 39
244 286 54
494 210 23
165 457 36
536 531 23
435 522 33
27 40 36
329 331 33
346 491 48
413 423 15
65 397 56
513 146 34
201 416 48
548 254 2
446 372 10
535 174 59
127 253 38
200 407 38
447 186 2
324 420 4
171 372 41
360 268 30
553 26 17
186 101 53
310 357 28
59 305 40
183 2 32
545 410 40
507 340 4
479 38 7
59 394 26
126 518 16
165 258 35
282 468 46
392 187 38
20 444 8
399 544 37
107 314 38
219 128 21
428 67 23
447 425 45
305 148 59
485 510 18
472 274 23
273 524 54
443 534 56
319 129 48
22 102 39
107 178 2
10 124 32
543 221 44
475 289 11
64 304 35
500 291 42
115 472 9
16 335 39
352 484 34
535 245 20
197 535 19
289 450 50
533 255 16
330 296 36
89 125 55
152 503 42
166 49 53
93 24 14
260 152 32
548 268 25
347 180 24
391 8 41
298 431 37
48 414 24
125 241 6
328 48 38
45 443 49
486 52 30
527 463 16
323 410 42
188 468 37
248 358 57
286 373 3
373 454 54
251 395 38
206 372 37
377 542 22
440 466 39
12 435 23
241 553 46
195 502 56
174 386 5
160 96 41
539 109 45
481 101 51
252 135 30
502 89 13
480 97 4
232 254 14
63 538 8
427 38 30
401 114 26
532 224 35
33 400 46
295 158 18
9 451 58
67 164 16
467 493 23
305 177 18
195 204 52
257 396 51
284 420 24
431 317 35
523 476 10
409 329 30
13 473 40
257 398 10
224 313 9
522 423 23
302 171 35
116 311 44
504 391 56
254 326 30
499 23 19
32 272 33
239 448 9
299 465 26
302 435 14
362 388 42
231 129 59
312 327 19
346 2 54
159 141 47
233 219 52
491 85 38
476 394 2
360 95 28
478 102 51
428 109 51
427 409 3
53 216 32
133 16 45
69 46 26
314 112 33
137 491 19
50 484 39
262 380 29
546 272 43
200 83 49
355 8 55
313 542 38
489 289 43
145 494 52
126 242 32
222 339 57
195 8 30
275 54 59
150 290 54
117 349 16
60 385 47
182 254 13
274 415 14
453 55 42
236 107 8
129 208 37
290 462 52
519 265 40
183 353 11
356 197 36
419 550 21
377 203 11
321 121 4
47 466 40
348 459 17
45 447 36
223 448 1
19 256 54
175 344 57
262 199 38
2 146 52
317 205 41
12 97 28
480 251 30
454 467 12
246 134 44
495 9 44
276 502 52
92 271 14
509 54 5
190 433 56
94 406 26
443 354 58
432 20 20
542 377 5
466 208 2
352 44 60
222 77 36
323 437 39
188 538 17
524 291 32
104 333 28
450 471 27
499 210 16
242 246 33
226 227 21
153 8 6
387 76 35
72 281 51
1 485 54
3 270 41
500 253 54
119 523 24
409 506 41
534 327 30
193 260 28
414 532 15
278 376 21
83 190 28
552 101 59
526 243 54
489 457 11
217 139 1
317 121 59
547 181 52
127 211 16
156 395 28
462 127 54
552 553 26
97 459 17
376 477 9
296 384 38
553 171 10
289 228 22
295 206 30
87 165 46
335 246 29
523 388 24
20 278 19
314 428 21
266 384 2
313 214 33
10 319 17
56 206 13
555 65 56
476 102 21
252 356 44
73 506 10
21 320 53
3 339 23
69 227 49
511 373 22
77 65 15
277 297 39
528 98 38
309 31 39
409 123 15
386 91 47
196 539 1
319 93 18
528 337 33
48 310 35
425 526 14
354 134 46
539 399 36
438 274 41
433 271 22
290 203 6
372 12 22
121 240 13
436 365 59
481 33 37
160 496 45
422 487 24
482 552 25
268 263 38
292 259 31
264 487 15
227 168 21
258 469 42
514 31 44
348 237 30
9 151 51
78 420 33
40 289 5
494 269 32
96 554 20
543 228 33
375 497 34
202 238 2
516 275 12
53 380 34
267 230 11
311 48 29
152 528 13
481 212 10
32 392 2
341 91 1
491 263 33
234 102 14
95 251 44
8 282 48
188 19 22
178 264 46
86 338 12
193 238 60
493 446 38
289 160 32
286 206 36
427 376 44
402 91 22
496 118 33
183 497 19
25 333 52
400 62 48
226 229 28
514 171 9
158 149 28
30 438 42
91 293 34
492 218 18
504 334 51
270 365 9
85 515 48
202 198 51
88 502 24
247 305 48
18 105 57
145 77 37
431 87 32
131 386 3
180 271 11
355 192 29
48 36 23
368 478 37
297 531 6
454 184 17
427 256 46
229 279 17
7 150 21
132 477 42
502 479 17
350 134 8
381 89 9
62 514 16
397 269 47
358 116 7
158 385 43
27 359 59
1 362 56
263 510 12
415 70 57
268 380 26
17 6 57
160 248 30
59 343 40
333 432 48
140 396 43
413 159 59
303 281 10
163 400 1
453 535 9
1 404 23
282 131 45
191 374 56
74 164 25
443 450 9
37 477 43
272 420 23
346 251 8
200 494 37
504 353 12
482 255 46
45 261 21
249 309 18
293 100 60
223 258 46
254 416 8
89 6 59
46 396 24
305 54 45
404 481 34
484 97 58
471 214 49
551 213 8
381 197 48
535 394 11
344 307 51
234 23 40
45 540 1
57 286 23
330 215 2
431 440 32
91 430 13
305 440 47
128 299 14
350 238 30
263 147 55
7 127 36
374 409 47
375 326 43
193 47 43
285 504 41
505 221 44
312 120 52
354 257 43
319 17 58
90 88 51
178 85 57
20 62 24
195 255 22
403 377 10
159 418 3
62 495 17
203 57 11
298 164 2
255 188 31
360 436 9
311 296 55
272 333 44
254 555 40
144 334 25
87 536 52
530 226 28
149 501 28
340 86 47
126 371 8
519 45 50
9 116 2
139 380 32
67 61 31
554 227 16
250 100 15
43 106 15
42 479 11
463 207 18
49 528 55
176 149 13
155 83 47
236 102 38
101 341 56
463 130 49
43 383 57
314 362 3
327 381 37
167 311 57
401 31 35
437 460 10
149 292 35
217 280 42
246 508 21
1 139 31
490 4 21
185 532 53
72 299 35
470 285 19
260 552 53
70 488 38
47 64 53
189 546 55
446 523 9
123 299 44
485 351 32
15 99 35
528 256 14
3 320 9
529 141 47
69 37 59
496 36 50
73 46 29
475 276 18
474 325 57
62 47 33
420 338 48
38 201 3
109 421 19
529 191 44
346 522 50
225 426 42
29 19 3
468 266 14
114 57 19
413 124 45
427 38 26
373 379 18
131 99 48
477 226 11
144 156 19
302 59 34
503 266 18
333 369 15
177 186 53
321 317 48
445 231 4
226 381 26
241 123 8
537 400 6
536 537 44
407 171 28
515 196 49
194 337 11
547 532 9
234 27 48
415 50 30
129 120 5
522 517 8
201 135 54
411 428 13
135 254 35
85 545 22
84 251 6
119 542 51
195 106 30
65 329 28
375 498 40
97 113 55
548 220 1
16 118 51
311 159 21
522 541 27
77 415 2
225 139 50
79 201 2
252 262 58
450 504 56
309 203 14
217 194 58
239 143 20
470 207 44
105 12 51
266 204 7
119 36 2
549 251 44
44 332 49
339 50 44
468 349 7
94 460 30
494 112 20
176 358 35
237 481 40
33 496 38
43 333 26
284 396 19
414 23 34
449 285 29
99 273 50
282 24 59
452 348 55
28 48 41
240 318 25
220 9 12
352 78 51
309 322 42
321 11 33
264 345 42
245 492 60
178 543 36
33 549 32
510 352 46
262 393 54
264 11 9
405 38 19
393 85 12
195 435 59
313 15 25
396 516 53
405 518 33
373 396 42
390 360 35
288 455 44
168 341 60
95 513 50
485 92 23
482 522 38
418 31 49
451 7 52
315 410 47
303 135 55
173 144 46
403 208 22
8 455 32
247 74 57
167 1 54
53 358 13
33 510 42
1 533 12
457 495 57
34 492 33
141 38 43
59 274 27
97 2 32
405 407 28
461 373 16
450 464 34
75 370 20
205 524 55
106 463 60
113 258 55
396 179 48
281 477 42
377 318 20
22 134 41
196 25 22
233 49 14
383 401 13
43 225 41
79 328 30
52 217 3
359 76 51
221 69 18
94 31 18
441 269 16
316 229 12
508 465 59
454 496 13
411 381 11
188 241 33
473 15 35
311 324 20
278 201 57
170 317 44
454 256 25
377 117 16
166 232 23
263 249 43
8 96 48
400 375 9
403 98 27
229 157 57
92 302 11
48 407 42
409 292 16
16 222 4
546 115 2
423 535 16
203 186 49
114 412 35
480 443 44
87 429 55
369 137 1
382 201 17
495 84 1
103 239 30
408 370 42
259 291 46
509 246 50
457 77 54
4 308 8
529 13 51
24 432 13
74 389 38
501 522 51
420 447 38
223 103 33
510 485 39
528 176 8
314 304 51
183 125 20
46 282 35
178 493 56
304 132 8
372 61 24
253 164 39
3 222 51
384 343 31
248 263 5
509 399 35
164 156 41
159 299 58
231 92 8
528 430 38
542 190 22
61 415 33
89 399 36
70 501 34
320 463 34
554 375 20
488 498 35
294 488 49
542 200 10
425 319 53
552 116 33
265 272 42
327 61 6
453 495 3
321 468 48
342 297 55
238 128 48
554 531 42
56 483 26
542 284 26
237 355 34
239 138 12
459 77 45
68 429 40
266 127 23
347 63 6
40 27 6
385 427 8
457 117 10
333 130 21
315 371 26
361 254 45
38 183 20
478 19 6
211 455 43
284 479 52
104 3 1
459 188 45
554 519 58
189 37 24
301 361 2
446 540 43
428 455 14
402 519 22
53 548 4
142 256 19
388 494 18
453 368 59
77 451 52
97 126 28
384 149 25
480 236 26
211 547 34
192 120 52
147 103 60
303 83 15
421 485 40
205 334 23
44 237 53
282 310 29
233 151 37
325 37 49
541 388 55
276 476 41
69 291 19
108 133 25
517 384 15
479 399 6
283 495 33
85 292 1
417 76 20
142 146 51
339 288 46
333 68 51
261 545 16
153 37 38
523 386 18
468 447 6
46 28 55
280 511 51
257 541 41
58 208 4
186 417 4
14 268 9
271 227 27
497 440 52
71 434 12
92 312 6
195 38 1
65 514 36
555 517 49
384 308 44
44 353 22
491 446 7
344 434 9
231 5 44
190 482 48
53 80 5
122 537 16
127 177 51
266 21 48
457 194 13
460 229 54
65 151 1
402 420 13
388 271 34
301 49 38
341 158 4
211 269 14
435 531 46
525 166 55
373 494 5
132 475 15
254 353 28
253 10 30
54 436 25
520 144 17
95 139 15
59 79 37
37 504 40
211 331 41
69 554 8
548 328 23
25 487 9
44 40 26
235 153 52
266 179 35
387 111 60
391 19 18
464 465 57
466 115 41
170 25 30
267 420 48
19 241 14
210 65 57
377 200 22
107 299 24
468 289 7
190 445 45
216 157 42
287 44 15
195 267 30
53 475 13
493 304 31
49 153 28
513 283 60
492 314 34
554 75 47
397 121 34
111 231 54
308 499 13
395 231 53
377 500 47
393 260 34
143 65 39
415 486 55
133 139 50
471 93 52
185 25 46
218 482 45
369 18 1
424 528 23
182 37 45
550 54 41
92 374 56
464 298 15
30 249 6
435 386 60
237 76 17
424 155 53
362 299 33
33 401 30
43 66 53
529 212 49
400 3 53
199 466 32
172 172 37
483 452 59
314 470 53
94 218 48
7 92 43
221 418 15
394 160 20
408 187 46
501 186 46
275 149 32
467 355 15
162 196 52
243 540 54
219 378 2
268 199 13
544 529 48
61 89 4
61 213 3
67 244 21
138 155 60
325 401 34
418 378 40
191 8 2
319 47 49
541 151 31
31 153 2
144 22 27
431 55 49
426 502 16
535 494 10
472 383 18
494 44 55
185 131 10
43 77 55
247 255 16
405 351 14
310 150 35
247 154 54
109 476 28
70 119 59
307 80 5
297 524 10
48 312 41
343 532 48
361 97 31
427 319 28
335 481 7
198 170 15
475 285 33
73 115 32
251 329 33
363 379 28
421 163 12
242 428 51
221 212 8
423 156 54
183 124 1
222 106 24
129 45 35
304 208 40
538 240 18
176 339 2
400 363 30
474 20 44
486 121 60
270 287 22
216 57 42
59 533 51
465 93 41
47 465 39
356 151 18
153 169 54
380 534 56
189 546 29
451 139 28
337 411 16
552 389 10
286 151 54
275 152 10
22 34 20
29 366 54
440 58 54
403 140 28
323 153 5
7 417 52
133 330 24
104 202 49
204 525 60
243 371 34
499 432 20
376 335 4
399 472 7
106 17 49
376 455 39
186 76 29
281 488 43
106 52 26
472 250 27
306 5 39
198 354 1
548 302 1
308 262 10
225 350 54
332 217 31
427 187 49
296 43 2
7 106 4
149 396 24
499 456 12
480 404 36
192 404 4
250 520 50
421 75 53
478 339 19
375 530 44
283 21 37
56 312 29
189 506 58
218 322 17
442 537 8
489 103 41
493 136 60
249 238 31
386 478 25
410 111 41
507 518 33
450 22 36
540 208 44
91 239 43
321 33 25
412 23 59
214 386 17
263 364 45
108 371 25
191 364 24
277 248 29
433 100 38
125 120 47
90 16 12
237 312 38
12 476 45
249 152 42
271 458 45
33 77 42
362 306 59
138 450 6
489 8 6
203 439 46
60 274 14
94 388 13
467 106 53
272 70 31
245 14 10
251 106 46
90 422 40
457 346 5
444 496 46
354 505 29
516 131 41
77 241 22
21 264 25
302 243 46
326 26 39
142 312 37
404 26 56
6 384 42
401 181 18
324 12 29
479 315 36
487 1 50
523 434 55
109 82 17
11 457 8
252 543 47
480 526 7
386 149 22
168 204 2
42 413 36
11 188 43
207 411 37
389 270 6
185 443 34
447 402 48
17 408 16
507 35 49
328 337 9
120 316 20
429 442 59
93 310 5
436 512 43
442 520 54
103 328 23
43 57 27
235 275 10
17 540 6
236 174 44
518 50 6
304 546 20
545 59 46
59 525 10
473 8 48
181 507 58
397 244 50
426 521 54
371 410 18
79 95 24
240 18 19
256 51 9
338 118 4
462 232 40
257 510 55
253 21 19
294 278 47
447 239 37
273 231 52
329 67 32
30 367 60
215 180 5
554 370 17
454 34 13
353 36 13
155 204 22
496 87 45
437 434 10
206 87 44
134 358 41
202 347 40
310 178 10
7 332 50
525 103 42
127 276 36
3 147 7
325 191 60
378 112 52
197 32 37
253 146 8
518 94 17
297 332 1
540 140 31
312 258 60
509 463 1
425 260 11
88 33 40
318 145 4
384 125 53
109 171 1
59 4 47
250 495 5
410 156 42
389 286 34
231 488 59
206 247 9
359 264 7
222 545 24
534 15 48
22 154 23
243 8 19
432 484 19
537 159 55
146 487 32
527 32 44
121 176 1
472 117 22
68 395 5
310 434 33
129 378 9
191 143 59
203 62 30
20 149 28
88 145 5
519 6 8
479 68 34
7 168 55
234 257 7
137 322 40
73 234 1
545 386 25
456 316 38
186 61 9
297 226 36
377 74 42
335 125 47
180 447 23
153 545 26
321 281 28
316 155 48
517 180 19
134 363 35
42 88 49
252 420 26
308 71 42
356 497 12
368 385 50
19 260 45
140 33 44
421 529 3
543 287 48
139 32 30
226 216 41
87 489 40
424 314 5
48 272 19
528 320 44
548 21 39
502 299 8
233 488 19
271 432 37
509 483 49
168 522 8
116 372 57
469 12 4
307 391 7
454 374 6
345 527 5
482 3 52
263 166 11
148 144 26
99 474 45
474 304 5
48 377 35
253 540 21
202 532 12
430 424 40
357 125 13
192 52 30
231 68 37
16 283 32
285 521 14
363 42 56
36 281 39
221 499 53
276 137 3
461 97 34
6 239 16
481 521 27
536 245 54
427 459 40
350 178 1
163 5 4
224 371 58
263 235 52
478 80 45
247 295 44
248 193 1
116 30 14
21 476 49
29 362 39
14 513 46
543 441 4
138 54 49
505 24 57
507 458 22
403 459 57
408 327 47
392 506 11
123 446 52
511 483 33
443 408 25
3 204 7
289 100 43
256 411 39
509 266 9
204 2 28
91 285 10
506 171 20
59 101 31
104 500 35
507 482 26
384 242 1
472 441 48
134 477 52
228 170 59
166 176 13
224 40 1
269 475 46
41 379 33
546 186 22
180 320 27
542 26 15
161 271 50
345 230 44
545 501 28
499 28 58
78 523 45
156 514 47
359 60 13
403 126 57
178 306 55
392 161 30
137 3 36
539 105 57
230 85 56
140 298 32
93 40 43
421 139 21
334 73 25
196 369 20
51 108 1
181 462 29
479 147 50
457 18 42
319 6 60
169 539 44
404 144 20
32 461 34
227 163 18
221 70 2
447 39 57
363 359 7
303 505 22
387 262 31
467 143 29
69 131 34
110 543 33
69 79 55
175 101 11
377 504 60
201 267 49
194 278 45
158 34 9
515 472 25
440 65 38
95 552 12
115 132 16
500 433 28
495 538 50
458 494 51
28 189 34
114 371 31
546 427 15
125 456 17
336 314 27
198 274 11
280 195 2
31 98 31
133 7 4
343 397 50
548 473 50
196 51 9
463 16 18
519 154 31
361 248 39
420 493 21
431 477 3
322 339 3
476 401 60
76 50 9
458 281 4
132 67 5
92 195 59
71 527 14
131 396 48
217 146 24
356 407 59
356 532 57
312 16 42
339 198 54
180 209 18
121 199 5
361 97 8
485 463 55
225 42 28
552 388 50
65 233 24
7 206 18
244 257 51
18 270 3
459 248 26
225 492 31
176 513 39
158 451 55
233 391 34
427 236 7
388 167 29
330 329 22
449 165 4
76 230 40
346 65 35
418 309 35
425 198 29
411 11 53
60 58 52
480 135 13
50 274 33
30 432 20
543 118 14
69 371 1
457 416 22
40 412 20
317 33 55
384 484 8
131 36 32
31 392 31
69 99 41
469 397 10
392 484 5
49 551 31
484 179 4
283 321 37
496 152 20
149 351 5
452 468 22
193 154 11
28 267 27
276 218 18
502 393 43
240 546 15
148 234 54
465 155 15
162 50 55
126 129 8
59 543 23
16 73 50
387 311 22
229 357 23
469 375 24
468 493 29
232 437 16
186 184 2
403 15 59
117 345 1
78 167 14
144 501 41
458 158 46
9 380 12
308 380 8
405 47 59
251 517 13
386 505 30
321 532 20
118 531 7
96 172 39
54 86 39
313 386 12
291 534 60
546 13 33
411 6 22
66 470 14
56 442 41
188 416 24
191 485 35
81 41 16
321 255 4
356 485 4
212 68 23
156 458 46
338 272 32
209 521 15
429 159 30
479 280 49
144 368 17
93 240 46
279 234 37
430 531 2
77 466 26
245 202 36
416 535 41
470 131 9
37 103 14
310 75 17
434 498 36
419 361 18
33 231 34
186 174 15
88 411 22
202 424 43
110 509 29
98 37 24
484 318 40
532 178 23
370 105 11
513 303 25
113 520 46
416 394 29
132 304 52
500 26 44
164 465 14
436 166 42
267 537 51
182 119 27
457 55 31
145 414 47
439 428 4
20 298 29
441 526 13
170 520 19
157 207 55
505 526 13
222 427 45
4 457 6
167 22 40
119 349 37
165 374 46
212 344 54
460 279 54
150 106 16
318 169 42
553 159 48
11 326 8
224 345 56
386 475 55
289 70 23
520 451 7
308 383 11
230 349 31
129 144 27
274 25 58
403 102 36
223 104 11
396 386 34
6 419 52
351 529 41
227 492 9
177 498 55
287 155 6
423 64 31
20 555 10
519 306 22
350 349 7
157 94 59
456 331 49
263 11 51
3 362 55
463 408 25
51 54 19
199 356 16
427 297 34
313 477 41
256 399 31
471 78 22
477 18 28
107 264 52
353 149 28
66 282 2
221 114 28
448 251 33
303 318 53
153 296 15
501 317 12
295 191 53
95 202 4
161 213 52
53 379 46
333 431 47
189 42 55
493 338 50
524 261 49
206 90 40
429 504 13
373 499 30
140 165 29
79 154 27
91 369 49
72 227 58
82 32 43
84 324 32
550 122 35
377 11 11
356 532 1
66 519 39
69 440 26
74 143 52
435 367 42
357 177 34
454 155 32
130 202 30
98 479 11
216 307 29
246 450 51
352 174 9
46 286 46
69 20 23
209 23 33
241 192 18
386 183 11
377 339 44
346 354 44
279 101 17
363 450 10
447 118 34
107 472 46
158 407 23
89 12 3
402 24 22
259 409 37
380 1 26
504 403 11
404 397 12
340 21 3
350 116 20
277 55 55
374 251 44
354 373 29
41 189 43
193 373 9
96 350 47
499 515 24
428 491 46
15 174 17
272 492 10
476 498 41
202 383 16
434 231 12
418 223 46
209 44 45
277 420 5
208 516 40
445 474 7
267 37 56
289 505 43
75 55 34
261 22 18
316 130 29
190 409 37
403 307 54
12 140 3
163 170 54
33 105 32
350 105 51
39 548 27
196 545 59
176 104 48
216 113 39
376 206 12
459 3 20
539 117 17
448 275 4
49 325 6
238 48 43
423 407 60
279 105 50
130 256 34
437 181 45
515 32 44
58 51 53
320 221 36
250 501 16
308 306 34
118 156 30
117 235 57
381 518 4
252 467 36
449 385 32
513 308 17
144 196 36
14 510 11
170 460 46
329 450 17
352 84 17
154 200 53
393 229 18
308 30 41
228 314 21
91 357 51
402 205 24
10 413 50
101 64 57
444 137 26
171 59 27
151 482 22
47 314 39
104 555 45
480 60 34
53 7 10
315 58 56
377 232 4
323 189 46
288 292 3
77 183 39
395 118 4
371 157 33
379 257 42
421 103 57
536 72 32
77 381 59
295 442 9
127 194 16
284 526 57
312 517 36
364 215 4
192 271 55
32 124 50
254 533 15
505 89 4
197 163 25
371 225 37
462 17 1
156 441 5
201 38 38
19 378 14
174 12 10
135 368 22
407 290 29
6 475 10
473 131 7
86 272 37
254 189 57
301 205 38
234 36 17
267 40 52
215 308 35
46 162 17
107 276 27
87 294 36
246 64 60
36 145 22
330 86 37
320 394 42
423 546 1
283 391 25
169 382 21
234 487 46
528 465 15
315 546 13
525 348 16
249 213 41
528 333 21
274 340 18
75 227 9
420 277 52
271 538 8
489 354 18
257 45 44
471 181 59
259 28 60
133 195 43
493 28 27
366 516 36
417 189 33
33 290 47
124 83 33
20 102 25
83 533 16
490 7 59
507 237 5
511 63 51
458 66 39
295 342 9
244 499 26
465 140 31
469 75 48
360 156 44
232 212 5
72 70 59
238 147 14
306 252 20
432 244 33
2 441 9
360 92 28
154 536 19
498 81 13
367 289 34
251 314 11
344 285 43
432 117 27
265 179 7
94 282 55
42 308 16
35 333 54
45 366 23
238 179 48
90 48 6
512 288 36
153 77 1
339 15 35
15 143 22
42 313 38
468 350 23
152 313 48
355 546 15
42 45 25
520 179 5
147 453 49
139 239 11
69 462 7
53 390 10
325 404 7
236 73 46
103 5 59
411 382 11
414 421 38
196 352 11
371 330 26
254 138 19
247 114 13
114 312 25
292 456 27
195 12 34
417 447 37
223 105 16
88 435 25
104 352 58
33 553 8
308 264 41
540 297 41
414 311 19
516 145 45
230 327 18
136 367 38
129 398 22
317 202 46
175 104 14
435 449 39
136 425 23
144 479 32
33 97 26
79 354 54
115 251 8
115 475 47
41 387 27
49 398 5
488 505 15
398 506 38
365 343 34
384 78 16
36 530 59
553 18 31
63 125 9
92 137 25
63 508 35
125 250 46
452 408 45
305 268 33
307 361 25
325 217 29
493 451 50
118 361 52
126 459 29
487 474 43
171 96 52
264 16 38
208 483 5
551 434 52
499 244 9
505 331 3
174 402 25
111 26 49
328 102 8
129 270 6
396 149 46
278 299 24
11 431 26
423 277 14
397 21 60
405 285 42
119 328 38
28 545 42
135 188 5
532 514 26
292 340 17
2 258 42
342 131 58
79 39 15
417 108 58
419 7 24
49 371 35
103 15 57
122 447 39
195 39 41
27 257 14
339 513 15
428 444 4
404 83 33
187 533 50
182 100 37
276 424 39
113 184 10
211 202 37
8 147 14
111 310 39
310 199 3
74 273 17
283 200 16
519 238 4
258 238 40
120 39 35
376 261 10
374 425 51
444 363 58
539 70 38
232 386 33
348 129 15
332 217 23
521 257 21
162 271 15
497 365 57
485 278 25
340 342 35
188 499 60
551 441 53
335 178 30
273 460 27
208 161 46
515 285 11
241 461 39
551 375 53
12 210 11
267 553 48
478 313 44
324 489 48
528 387 55
97 274 9
214 53 44
303 85 55
29 359 6
249 169 14
367 278 37
29 478 9
315 220 60
26 506 38
467 73 43
508 209 57
169 430 49
319 324 23
224 66 51
55 465 52
453 137 56
201 257 21
253 513 11
245 170 53
448 181 48
435 3 60
382 535 59
295 236 58
322 142 9
515 24 45
127 412 23
423 369 59
272 341 57
14 18 41
85 189 18
475 245 47
121 399 16
466 280 3
451 372 18
537 137 33
448 151 16
217 551 43
44 457 23
348 304 19
187 122 23
248 237 16
47 37 59
371 410 54
109 458 22
316 16 33
48 86 16
47 132 47
402 319 1
428 201 35
243 173 30
510 496 55
248 105 58
170 153 20
21 90 21
236 146 21
321 244 22
359 229 6
347 511 2
130 522 31
171 325 37
258 388 6
404 21 23
29 491 40
481 219 17
260 33 58
380 308 21
230 76 17
158 262 56
524 359 37
114 366 14
524 450 44
19 232 40
300 185 43
547 111 38
209 270 47
492 541 6
185 292 53
307 69 31
237 52 9
313 420 12
285 146 11
431 146 49
404 346 7
295 143 33
375 136 41
411 104 10
212 348 60
340 199 47
316 545 59
443 91 50
149 408 27
165 178 43
465 159 38
157 522 18
355 41 59
105 546 3
203 185 12
386 550 14
172 316 55
37 334 52
178 320 14
257 204 48
144 207 57
100 386 58
471 432 55
341 253 54
233 368 28
42 462 40
295 407 1
474 307 33
527 360 55
97 216 8
106 161 34
265 359 14
324 17 56
128 457 22
25 311 39
278 252 41
396 116 45
177 550 52
4 410 4
96 539 29
138 482 54
537 194 15
205 261 15
373 228 36
446 247 50
542 253 36
539 412 36
16 462 39
16 313 25
242 455 39
420 177 24
285 470 27
466 340 58
550 409 26
308 53 30
393 196 51
423 239 43
540 223 54
548 55 15
489 95 14
88 4 45
234 528 51
256 54 7
229 354 18
406 39 50
427 458 35
138 40 40
353 395 17
144 152 14
49 223 59
256 394 44
503 1 46
413 95 22
457 164 23
80 398 30
303 404 11
16 145 41
227 107 43
248 4 31
25 99 18
368 253 28
112 126 10
174 43 11
282 277 20
378 195 7
140 359 4
329 302 35
151 468 58
403 57 15
208 431 40
302 417 15
410 535 19
187 183 58
419 458 44
381 522 11
57 148 11
265 299 36
358 130 12
2 288 21
271 503 9
253 137 36
125 247 56
246 19 23
166 446 34
455 525 37
229 121 26
161 243 38
495 142 11
81 271 26
529 206 31
154 167 2
438 462 20
187 42 44
417 386 45
36 452 30
39 315 49
77 337 2
433 102 50
489 224 16
188 512 24
507 25 29
520 535 34
524 490 38
307 192 41
427 441 2
217 136 15
469 200 25
209 114 52
50 374 27
199 232 5
289 103 51
425 52 14
309 440 20
361 147 51
451 427 54
99 284 11
534 530 1
496 189 28
439 405 18
473 428 43
434 527 44
298 490 2
16 295 10
214 422 54
339 221 1
19 30 59
277 553 55
431 444 7
121 378 52
405 51 13
183 89 29
80 268 42
358 85 54
20 184 12
159 554 25
113 233 31
154 195 6
321 125 36
132 201 12
388 333 52
143 145 10
187 317 24
7 381 50
46 403 25
196 239 33
127 108 25
177 33 51
263 427 28
256 158 53
302 275 58
207 410 27
351 218 51
37 91 31
404 493 23
122 512 49
56 28 27
66 368 14
544 74 27
216 201 20
193 14 12
375 11 18
116 337 17
63 400 39
53 378 10
513 126 36
297 334 56
221 280 55
355 119 30
520 297 32
108 238 10
166 145 5
328 179 45
279 108 57
61 319 6
494 498 49
370 536 40
389 425 60
521 470 5
59 524 60
406 27 52
52 38 6
50 335 9
107 164 15
110 311 39
60 480 12
310 122 46
429 162 15
63 117 19
110 512 8
106 25 5
309 533 18
514 40 43
361 272 18
446 250 20
328 51 56
208 66 55
430 297 13
486 136 43
323 262 15
202 11 26
193 380 23
187 170 37
334 161 15
410 202 18
461 327 22
117 163 60
335 146 25
421 428 2
200 326 28
441 329 59
311 544 48
161 466 4
113 12 27
398 445 49
239 326 20
302 304 50
458 95 39
194 233 39
87 36 43
24 480 27
63 198 51
194 280 41
125 320 42
6 58 42
151 165 6
521 228 44
259 101 53
221 357 42
363 49 32
212 308 39
224 120 41
336 513 17
270 81 7
174 518 41
451 462 55
342 161 3
266 161 10
476 3 59
11 21 40
511 205 7
95 41 23
180 206 39
152 242 57
538 267 44
438 348 27
380 271 37
160 15 34
455 178 22
555 185 34
438 248 2
29 408 2
300 129 31
226 249 1
137 537 37
193 265 31
338 84 38
7 495 29
376 518 22
475 464 24
295 467 4
402 383 1
82 206 10
299 142 29
282 382 58
298 78 9
66 436 56
497 206 48
408 549 34
483 395 10
229 462 28
365 36 43
222 281 48
371 282 39
182 258 48
300 490 30
517 277 57
533 476 31
354 349 2
374 342 2
136 291 50
127 141 20
436 239 22
403 470 10
227 221 38
213 119 51
511 119 35
118 111 58
164 504 9
143 502 35
328 190 25
555 406 19
475 299 57
268 510 24
80 134 16
349 162 23
136 26 5
17 450 52
75 226 16
170 359 55
295 212 45
145 422 9
317 293 48
427 433 49
102 387 39
43 537 11
13 504 60
484 273 1
238 350 15
154 78 41
549 394 35
221 110 4
51 344 32
136 312 14
308 269 58
12 10 31
181 301 53
280 532 15
402 298 9
362 540 5
8 291 26
417 25 22
419 481 24
91 479 53
383 149 19
256 419 60
495 418 59
428 229 54
275 37 18
380 406 42
95 39 48
224 46 13
552 477 18
96 58 4
169 300 2
250 293 30
197 217 55
441 128 33
39 525 45
214 37 39
20 58 31
523 481 7
532 57 42
508 291 50
129 454 41
267 465 28
516 238 28
101 106 43
469 68 36
434 177 16
308 523 28
151 497 54
142 35 45
207 361 36
503 452 5
211 213 53
10 475 6
330 143 30
70 162 36
340 16 27
158 248 43
97 493 7
246 27 43
67 543 52
56 150 15
110 42 26
150 101 15
488 264 52
518 145 48
293 319 41
366 236 50
453 182 2
29 495 27
422 100 25
216 503 20
215 459 51
34 270 12
393 24 50
378 483 48
130 89 16
355 339 46
103 325 41
393 513 33
441 508 25
416 267 30
289 104 5
250 256 23
250 54 60
301 168 49
159 34 20
456 80 29
445 139 19
342 496 50
53 293 24
112 404 52
454 411 2
388 505 39
522 373 9
322 526 50
401 31 59
339 446 19
228 305 25
522 232 27
154 506 4
385 31 40
162 265 45
277 177 4
300 117 60
465 356 48
463 38 46
390 231 36
353 442 20
74 520 3
142 31 50
89 443 29
355 289 44
76 183 54
332 125 28
386 546 37
517 502 55
85 223 7
209 162 13
76 89 2
291 384 3
277 533 59
401 156 25
9 551 40
324 529 23
464 273 19
338 341 27
234 271 9
397 295 31
332 194 12
356 381 5
528 345 16
26 537 35
389 101 19
342 477 34
253 361 18
525 347 6
478 256 58
522 406 22
553 46 35
267 42 8
433 218 58
335 158 5
255 112 20
357 475 14
509 553 58
449 405 6
146 554 24
196 538 19
521 481 7
283 33 52
117 544 47
347 118 55
449 28 52
463 159 20
398 189 8
261 348 13
63 1 5
489 426 59
473 547 7
310 524 7
364 344 12
548 170 19
232 112 39
122 414 16
162 378 36
173 499 20
14 168 49
452 59 44
498 60 25
536 380 1
263 55 21
357 168 18
414 75 50
428 79 30
539 362 43
5 13 51
211 265 48
521 386 49
375 78 5
346 79 53
35 263 14
304 159 34
332 437 57
363 466 30
90 507 12
179 315 45
374 352 31
539 114 21
100 32 33
508 190 50
173 159 57
125 43 29
372 118 42
351 271 53
482 90 26
459 356 16
237 491 41
254 49 3
485 4 10
184 318 48
266 95 19
286 400 5
291 280 14
330 450 31
14 268 22
475 357 35
417 306 5
317 67 42
138 243 39
142 277 1
384 534 11
505 238 13
192 355 44
420 451 40
530 480 41
121 348 49
337 353 32
454 114 25
549 338 54
510 216 34
236 539 3
550 430 8
50 76 3
519 181 4
303 346 46
42 490 18
452 504 54
377 31 6
209 26 24
484 509 28
541 11 22
393 549 55
464 193 24
399 540 30
374 82 5
9 352 42
358 32 19
121 8 37
28 1 60
457 351 16
334 531 42
328 184 37
539 261 60
314 533 22
492 283 2
517 185 21
421 145 51
308 492 12
445 243 16
72 25 58
84 430 27
364 288 59
104 396 7
447 250 58
523 3 30
453 248 18
369 279 31
374 342 16
500 21 20
478 171 53
540 23 5
313 200 18
363 298 25
433 129 56
303 503 11
158 299 31
497 97 23
305 340 34
91 316 20
423 447 23
115 158 39
550 452 18
28 513 60
329 126 17
194 330 20
300 269 33
41 205 32
206 184 36
504 256 9
274 3 25
347 409 41
6 230 15
471 480 58
410 313 24
348 383 11
313 483 44
308 520 22
540 201 37
10 12 49
272 111 11
368 63 44
58 69 33
65 519 54
258 14 28
532 198 55
364 31 49
235 30 22
289 258 10
477 542 23
225 84 56
343 315 42
544 91 33
498 321 37
451 120 59
258 135 17
451 317 7
268 311 14
33 466 38
353 368 33
110 549 41
193 30 53
255 35 18
287 527 15
489 192 14
457 169 14
449 88 47
315 539 38
224 197 53
81 303 58
470 212 49
540 157 1
233 285 24
121 269 59
197 544 49
142 106 28
459 49 10
98 515 28
37 13 20
545 96 52
298 153 1
37 226 7
494 326 52
333 251 6
116 315 38
287 112 22
181 432 35
193 431 32
239 508 2
334 446 40
170 462 59
277 331 23
308 340 32
150 142 21
213 102 4
319 290 54
85 372 46
100 251 36
476 185 29
342 273 29
497 335 11
207 311 37
179 35 57
273 424 3
402 102 2
208 86 16
263 59 26
324 200 29
223 390 1
313 307 57
90 57 24
100 304 37
455 165 4
207 428 10
101 404 8
20 305 37
377 289 49
316 471 30
446 32 43
524 423 10
302 476 57
150 162 60
48 488 29
522 493 43
423 71 29
439 153 18
172 224 23
65 42 29
369 40 40
416 48 48
422 229 5
473 425 3
535 344 58
120 197 48
211 305 11
299 103 14
203 272 14
100 347 25
11 490 23
60 511 53
304 490 29
517 274 48
370 456 43
137 112 10
335 143 43
91 434 18
518 548 51
100 394 23
274 429 49
532 176 43
157 291 60
386 214 17
251 530 49
507 250 43
7 60 7
322 178 17
66 56 1
185 316 38
410 94 20
130 209 47
261 374 26
34 322 21
81 463 30
515 27 49
317 205 27
331 276 29
125 403 9
151 184 30
471 221 42
498 299 26
185 241 37
181 289 17
38 522 50
36 521 15
409 214 57
201 312 24
336 17 45
553 78 11
249 357 58
487 26 7
303 469 21
298 68 1
497 358 53
38 482 16
300 505 1
163 228 52
242 547 15
221 390 15
457 401 52
316 2 49
99 554 34
264 326 32
494 208 58
371 336 16
137 402 13
493 31 3
14 320 20
355 162 52
229 365 4
351 371 56
174 421 34
97 443 2
122 246 37
196 340 54
100 106 47
194 432 52
286 85 37
413 350 2
496 23 28
544 176 44
378 11 2
153 544 47
185 332 38
477 545 58
19 418 2
274 203 6
542 156 51
510 250 27
12 192 59
305 81 19
461 500 5
86 9 25
144 440 16
551 484 53
124 362 29
117 520 35
455 251 33
255 414 14
54 168 54
375 115 31
369 402 40
410 158 12
242 483 56
316 154 15
461 507 20
462 314 10
481 420 16
182 86 24
200 345 21
437 51 47
478 377 14
269 144 22
519 518 50
530 150 3
387 474 28
108 226 40
240 50 58
192 479 14
171 505 56
528 246 54
526 160 37
32 144 4
231 68 43
186 468 58
141 290 41
80 553 59
375 67 24
341 396 38
167 443 19
257 506 34
530 30 12
116 117 37
252 300 40
256 80 21
554 232 35
420 276 30
525 224 10
317 156 27
280 514 22
392 158 33
280 249 41
403 359 26
214 309 26
469 39 53
131 117 7
241 458 11
490 482 24
487 51 55
477 521 41
394 233 57
156 257 49
45 196 28
188 223 34
546 152 33
351 289 7
323 275 5
532 463 52
52 409 17
331 498 7
231 360 6
516 286 29
97 216 9
253 86 57
190 249 11
219 55 46
58 23 12
79 121 23
358 507 39
164 286 2
488 288 49
221 445 32
89 123 9
141 526 43
182 75 48
217 541 10
471 413 54
11 434 4
66 308 4
78 210 21
294 330 25
141 78 12
377 495 54
156 425 7
246 444 4
473 101 33
363 527 52
208 540 15
103 270 40
95 374 3
248 128 6
34 378 42
429 118 40
89 231 28
347 415 25
394 129 54
380 233 37
229 461 44
432 226 44
209 191 34
221 298 17
336 430 53
177 183 4
291 483 20
141 163 10
363 328 27
71 468 33
376 205 53
41 319 50
542 356 54
350 261 21
545 30 30
89 80 33
469 365 20
44 455 41
314 290 27
436 296 59
367 280 6
241 447 46
337 419 51
432 45 47
88 493 52
162 449 22
135 441 26
83 386 43
377 194 33
466 208 34
534 312 23
104 23 35
422 169 33
434 477 1
36 108 60
543 397 18
50 149 42
368 52 60
500 36 5
354 371 47
320 501 12
120 497 42
78 465 2
265 364 58
90 167 34
247 483 44
231 58 36
252 277 19
100 538 38
348 313 25
26 528 36
102 340 21
269 229 11
5 92 59
251 501 16
422 469 22
205 487 24
142 195 34
482 12 39
56 294 45
56 373 10
157 290 37
513 308 2
24 511 22
151 279 23
95 84 52
38 484 44
280 299 27
320 184 50
170 329 39
473 87 43
270 239 16
134 186 27
161 82 14
297 112 46
16 323 3
311 117 14
421 48 8
352 291 31
181 394 6
383 432 46
366 327 24
379 328 29
93 72 50
543 467 13
273 139 50
526 346 57
533 16 52
45 120 49
371 127 53
523 65 29
242 334 23
43 340 16
211 359 15
460 73 57
443 330 60
332 296 12
475 486 12
392 539 54
363 146 55
273 427 20
246 72 11
198 137 43
125 372 43
477 428 24
138 406 39
301 514 47
113 252 4
266 411 57
304 312 25
15 468 26
106 158 6
183 165 5
314 325 13
194 91 44
79 424 33
142 341 33
174 372 54
49 501 21
358 230 43
6 293 18
406 544 35
263 330 8
37 426 58
455 476 47
151 546 26
475 440 31
29 151 48
224 70 3
212 523 7
363 57 42
180 408 54
275 123 35
447 320 16
485 409 21
7 533 15
525 107 36
44 441 15
265 301 50
492 105 6
406 458 25
491 480 52
390 437 36
151 482 22
322 123 19
480 88 9
358 86 9
257 125 58
252 174 18
51 541 33
218 345 31
505 147 25
127 445 55
469 199 52
111 44 44
419 476 47
19 174 44
253 126 54
203 518 10
174 442 8
383 501 48
525 419 6
517 230 27
393 496 16
98 101 43
548 7 12
537 281 57
105 21 29
72 421 60
208 68 10
438 363 32
16 317 52
64 123 3
487 2 39
172 28 34
399 72 2
312 157 17
449 47 14
7 150 23
521 515 22
177 287 5
442 513 45
345 402 17
307 160 51
324 285 10
474 52 25
266 93 54
183 419 20
329 255 36
38 223 2
367 226 44
515 335 60
102 194 31
474 274 8
463 423 4
98 15 58
8 368 32
270 355 40
102 466 9
187 249 5
442 29 49
222 235 27
52 488 17
53 446 1
29 7 58
428 217 2
79 502 33
530 303 35
496 104 58
244 395 57
38 541 24
345 535 58
296 46 9
524 241 22
125 453 4
417 291 15
377 73 7
457 28 44
259 439 49
123 522 11
70 314 39
48 215 46
144 23 10
32 428 25
225 436 44
369 506 15
113 522 51
246 68 49
418 247 8
132 232 44
105 196 21
4 92 53
48 406 45
286 11 8
347 183 17
96 269 46
51 279 26
37 385 24
178 457 4
54 340 45
58 323 45
465 241 15
115 66 7
199 172 20
65 14 44
346 322 46
246 440 34
313 477 51
251 181 2
519 168 35
357 315 30
42 458 28
261 488 13
172 317 21
528 504 14
262 31 14
153 321 58
277 493 43
519 505 22
86 10 41
368 83 57
306 33 60
439 404 35
439 523 41
424 123 12
207 51 30
494 233 22
214 228 32
223 367 13
269 553 12
540 278 18
128 24 41
62 383 47
162 124 20
77 264 15
202 137 45
130 323 48
539 300 30
70 431 46
388 534 20
226 461 41
291 340 39
99 464 18
346 493 14
249 489 15
302 271 34
160 368 41
407 448 54
514 150 49
287 306 22
344 35 25
16 84 45
192 43 29
552 226 22
258 438 37
303 444 45
502 341 35
339 286 43
37 392 56
15 51 46
248 259 9
245 380 33
280 360 35
446 88 33
68 436 59
189 74 44
36 209 25
320 61 31
221 518 53
316 405 56
164 377 21
536 334 14
341 366 11
277 509 31
418 307 50
246 519 25
376 497 12
351 342 47
455 159 11
448 252 23
108 397 23
402 282 58
348 34 17
238 554 50
161 491 20
507 399 15
33 324 56
555 277 32
279 108 51
463 191 17
499 398 58
481 259 37
466 516 23
70 415 57
84 381 41
151 82 1
283 548 32
50 511 45
386 380 46
512 403 56
337 278 22
130 504 43
544 257 36
456 522 21
38 419 38
207 524 16
57 318 43
24 365 10
180 2 34
378 28 12
156 504 30
2 233 13
439 264 27
326 472 34
210 156 32
295 82 3
371 190 32
32 151 60
187 244 10
275 76 53
362 427 55
260 440 58
127 402 40
454 451 57
444 182 52
8 326 60
225 474 19
128 200 12
265 53 17
19 377 9
406 320 55
124 358 16
159 169 8
504 24 31
529 545 13
218 291 6
304 64 23
110 514 26
19 181 60
222 292 14
125 494 22
442 526 55
530 139 28
144 348 56
286 339 60
441 365 20
372 400 26
40 289 54
403 338 45
304 30 2
448 373 37
270 82 6
119 403 38
482 206 35
379 531 25
140 256 19
105 56 6
503 439 26
311 508 49
509 123 6
388 63 32
551 246 5
267 134 60
533 207 3
92 380 48
22 322 33
78 67 40
235 256 53
299 530 38
40 550 54
528 98 41
293 209 2
297 547 2
32 171 8
408 490 7
428 85 46
219 427 44
447 367 20
505 261 8
203 323 4
272 240 41
319 82 24
64 488 51
455 391 58
153 428 49
452 158 19
235 61 1
115 552 24
351 462 26
65 232 20
17 214 4
1 265 33
218 194 39
265 399 13
472 351 16
27 117 9
263 269 19
121 256 3
313 96 49
155 74 3
251 319 3
84 45 7
131 526 54
37 44 38
87 50 34
355 442 39
116 125 17
372 383 46
370 472 54
444 349 17
94 15 8
367 22 10
8 225 25
274 151 27
372 68 19
458 520 54
173 133 43
424 213 23
7 184 58
228 43 10
250 231 1
60 500 12
289 449 47
206 136 44
507 349 28
116 402 32
155 204 40
79 408 4
306 35 18
31 143 36
434 382 14
365 356 43
179 343 36
171 60 18
55 116 16
223 304 22
405 54 27
358 27 50
492 176 5
275 397 47
212 423 5
172 497 52
395 146 42
262 74 14
327 435 60
235 249 38
74 83 58
542 253 6
179 345 4
370 366 57
387 368 35
369 484 10
61 363 47
201 178 30
298 22 7
549 131 27
19 483 50
468 394 1
97 70 54
157 238 58
195 417 12
208 327 18
424 452 46
517 165 45
76 543 11
467 315 7
490 59 57
453 462 14
501 135 25
338 107 14
98 37 47
307 24 41
356 183 55
300 333 42
288 74 47
96 180 59
392 280 31
65 206 60
258 91 42
87 467 15
338 547 49
197 359 8
409 138 33
138 319 21
310 62 19
434 323 44
539 507 49
440 32 60
175 448 10
96 363 31
116 521 15
169 443 51
98 284 2
141 393 50
186 383 57
100 292 26
21 233 21
489 233 2
334 541 34
552 140 56
304 110 57
387 182 54
20 544 44
400 362 5
30 381 35
100 87 12
56 521 42
474 218 30
311 397 31
255 402 26
218 317 42
322 177 11
328 247 30
528 220 58
68 156 16
191 91 30
439 346 14
161 197 58
75 282 50
53 449 11
176 103 4
503 454 43
352 336 7
286 522 57
429 158 32
484 380 43
460 499 46
210 461 43
413 177 58
411 374 39
6 317 48
78 538 10
116 503 51
60 526 47
166 194 10
416 332 47
128 321 50
534 96 51
386 286 24
14 554 4
95 423 6
247 99 50
124 400 15
212 175 29
198 223 37
457 224 48
109 234 49
478 205 11
315 213 41
104 352 39
286 47 39
196 151 13
172 468 31
88 525 8
100 224 49
235 80 46
39 267 5
9 455 47
485 38 44
135 166 16
377 124 55
497 160 26
266 133 4
246 471 57
292 423 35
240 450 46
399 474 55
238 308 42
219 130 53
513 139 53
409 426 59
116 453 27
438 524 33
70 116 9
442 391 25
140 543 10
479 186 24
295 228 21
515 452 53
548 288 39
486 321 42
23 445 16
257 80 7
320 201 8
340 224 39
22 220 26
266 5 24
370 50 51
272 217 21
334 138 2
246 454 23
230 372 5
472 144 30
448 230 28
434 469 47
305 541 34
295 177 58
119 38 56
107 509 44
255 19 46
110 376 16
79 548 27
537 76 17
485 403 6
181 27 49
445 243 41
466 411 50
346 276 52
205 486 22
401 59 21
189 101 56
86 215 30
311 548 28
168 80 22
95 528 3
308 90 30
261 402 4
550 397 30
476 169 43
84 2 41
144 146 26
47 424 51
489 403 58
156 514 24
515 76 31
44 25 55
329 441 16
522 454 56
334 330 56
152 86 53
431 269 38
167 477 30
353 84 9
401 244 36
359 26 3
259 402 45
203 176 3
288 23 53
38 75 33
211 58 3
185 97 52
253 535 39
352 496 18
446 245 8
512 178 14
343 506 53
265 167 18
446 315 38
69 443 11
99 20 20
446 527 38
309 432 37
545 217 29
258 486 47
86 60 47
392 414 39
61 304 17
515 166 7
465 60 36
458 326 31
282 81 8
22 100 38
286 245 13
503 27 21
467 241 31
370 170 16
164 65 6
327 256 28
130 356 1
77 104 26
46 83 18
341 410 55
15 283 17
106 110 12
519 464 37
164 301 9
552 386 15
252 500 32
529 455 49
57 436 51
506 60 7
504 475 24
307 350 56
11 44 24
104 461 24
57 481 27
184 461 2
160 37 58
193 169 30
552 115 45
178 337 51
267 172 31
300 45 53
163 309 38
425 378 12
492 522 14
361 133 11
372 155 7
189 32 60
165 525 9
546 61 16
464 152 45
255 414 38
233 167 38
374 501 49
233 223 48
404 325 43
459 340 38
110 81 46
298 98 38
56 511 58
535 34 29
172 187 10
202 491 54
376 220 54
259 481 22
529 482 7
29 156 54
295 406 53
153 255 24
38 157 37
70 509 19
293 64 38
101 92 22
92 196 25
332 348 33
554 147 48
152 386 7
471 162 46
475 225 26
131 354 46
269 345 32
419 165 40
514 370 37
476 43 40
513 488 30
225 179 38
497 70 16
326 362 12
334 106 50
174 359 34
139 64 16
439 473 46
106 331 8
124 252 38
406 41 60
327 139 21
34 166 16
436 477 47
477 464 6
537 166 41
61 364 39
83 428 12
281 415 34
356 146 58
367 206 14
81 364 45
497 172 10
59 474 44
336 157 16
27 53 23
424 74 33
450 251 32
34 335 55
209 494 42
373 180 42
139 507 36
330 301 5
115 239 18
366 335 5
189 463 53
350 174 50
457 174 43
382 473 3
387 292 56
471 506 25
506 88 24
431 216 20
368 74 20
242 546 41
538 316 43
267 241 52
98 91 5
504 331 24
472 303 32
407 39 3
455 45 28
321 309 13
45 302 21
207 320 60
241 315 49
442 106 37
524 388 25
270 243 22
103 46 53
200 255 60
555 496 2
159 477 4
211 27 59
95 372 39
195 152 53
84 301 59
290 392 51
241 410 11
121 398 19
539 460 9
304 134 37
311 25 33
243 505 48
189 521 39
136 106 17
179 95 45
72 19 57
324 527 24
400 55 25
36 318 49
60 335 51
438 550 11
340 408 28
219 429 58
329 264 5
487 5 46
117 237 53
545 218 28
46 323 12
155 59 6
495 204 5
182 447 1
515 318 33
351 458 28
238 455 26
96 251 29
426 139 41
518 266 24
323 527 42
442 232 5
399 232 53
362 146 24
410 157 3
163 329 44
326 404 46
164 286 1
109 480 31
84 507 28
297 480 27
425 424 41
261 505 7
300 430 59
344 138 28
126 433 35
118 383 36
306 403 60
511 78 28
79 235 41
279 307 56
299 6 54
221 164 59
501 287 4
242 226 12
387 193 14
350 424 39
479 429 56
187 447 4
129 487 9
343 134 41
277 306 32
314 20 31
402 138 3
164 398 25
516 259 8
20 282 50
58 429 45
489 430 14
526 36 41
184 388 15
208 199 45
75 471 58
102 81 41
276 324 30
183 412 1
12 7 33
442 222 20
27 98 6
227 74 8
275 336 34
14 222 56
360 395 27
454 141 5
284 422 22
419 166 32
232 152 55
168 96 14
435 47 38
379 291 40
41 110 19
239 17 30
195 487 1
49 33 36
150 142 44
195 440 44
312 374 19
3 120 21
174 266 36
319 152 41
357 272 14
37 59 54
146 95 14
327 61 34
23 431 24
168 456 36
151 1 32
506 494 30
385 187 44
439 146 25
239 139 52
84 222 50
409 196 29
280 509 47
299 429 25
539 404 18
251 418 49
322 72 47
373 420 14
504 500 36
137 38 8
309 273 22
274 308 55
468 337 15
253 95 5
424 118 56
84 467 37
365 469 13
298 52 11
151 40 52
88 239 49
440 354 24
515 165 23
266 383 30
431 204 1
409 351 4
41 56 16
450 170 38
409 455 54
281 181 29
409 270 5
131 255 20
488 212 50
150 337 58
407 528 14
424 144 53
72 247 6
63 30 28
40 353 10
327 311 6
33 528 49
153 426 26
327 496 19
429 58 6
342 290 48
81 358 18
404 144 40
530 160 21
79 329 2
457 219 59
339 392 9
95 234 7
356 12 13
432 126 53
458 37 44
410 274 49
461 354 16
538 85 54
111 411 21
172 506 48
199 458 21
298 475 12
41 120 40
2 210 23
180 131 25
290 313 33
299 8 29
502 396 5
357 152 21
137 47 46
450 20 56
139 167 41
384 233 16
295 229 3
360 178 17
50 491 12
517 325 46
382 226 6
373 338 54
190 280 37
461 462 38
195 363 7
106 89 8
193 63 30
458 466 46
177 215 47
407 474 14
552 190 39
5 84 17
272 455 14
544 301 38
156 499 8
530 540 46
237 460 30
329 483 31
252 123 57
255 41 37
9 149 33
468 2 11
546 94 7
80 330 39
534 548 26
294 445 3
342 218 56
195 159 25
125 365 43
25 237 24
235 301 54
378 188 42
486 128 35
412 143 1
432 2 52
192 75 40
483 310 6
45 388 17
351 129 17
32 379 23
223 511 21
525 33 3
125 173 46
432 434 44
205 130 3
513 555 10
323 478 27
169 493 49
263 391 15
95 181 56
434 246 43
439 68 7
144 164 21
304 432 38
377 91 43
512 226 45
518 203 59
277 322 57
344 391 6
463 25 45
488 501 33
369 136 42
227 35 42
395 18 18
212 396 39
48 266 29
99 552 18
47 316 14
8 527 6
200 90 7
42 190 60
165 420 10
264 274 32
507 401 35
307 68 39
360 134 11
80 159 13
383 386 31
177 294 47
364 262 38
70 225 57
152 123 51
530 473 51
304 210 41
7 14 29
264 187 47
264 380 48
486 434 34
18 237 9
253 306 51
477 168 19
399 535 53
280 358 27
114 218 8
503 319 52
387 298 49
506 464 8
415 69 15
216 222 44
335 486 54
338 223 38
362 294 51
317 4 14
372 364 10
469 236 8
381 338 32
26 416 27
212 313 60
477 396 53
121 332 25
400 512 44
496 333 33
550 519 29
262 350 13
535 42 52
139 468 24
316 123 20
255 210 48
277 27 53
380 542 20
509 18 31
278 351 47
531 345 1
379 167 13
172 132 27
458 549 47
402 88 56
138 310 25
489 9 21
129 255 14
328 501 2
380 247 41
132 461 3
225 81 35
278 134 45
399 173 40
144 512 54
80 261 52
447 269 20
411 364 24
454 195 27
125 230 5
63 95 7
313 457 47
299 30 38
272 520 18
467 148 46
555 403 19
398 220 45
530 506 15
398 32 44
293 355 43
20 315 39
136 525 32
476 329 21
85 537 25
237 263 24
456 388 40
33 123 42
325 500 41
260 512 25
35 346 40
58 398 24
380 190 34
471 450 30
352 180 39
481 153 12
323 292 21
534 537 15
299 527 11
139 52 1
448 171 59
515 167 21
230 77 31
169 193 26
126 391 16
456 471 17
100 39 13
205 518 19
37 344 30
381 45 38
431 443 54
2 304 41
444 230 59
555 384 14
548 24 3
345 512 25
17 473 35
392 163 20
370 514 19
322 358 47
316 379 3
195 36 13
441 533 46
279 341 8
189 197 26
458 372 44
176 406 56
426 273 18
334 127 11
217 412 45
142 333 11
72 515 32
20 214 31
283 253 9
115 165 8
318 317 28
401 192 41
145 25 4
8 13 14
287 118 21
115 469 33
503 59 41
373 219 35
467 436 40
509 549 46
4 395 17
308 18 17
120 217 16
102 379 52
469 124 12
141 485 6
508 9 26
428 48 5
393 378 45
286 464 28
265 131 40
276 191 10
305 294 6
282 203 25
236 260 21
549 350 54
259 508 5
275 551 23
507 410 33
496 272 20
111 214 42
291 51 13
485 476 37
275 98 18
227 137 27
15 177 22
103 393 55
217 311 12
495 126 29
332 400 1
369 447 50
243 230 9
23 519 19
405 542 27
547 537 46
91 294 44
66 269 14
406 545 54
507 48 19
361 55 40
222 180 52
394 38 55
529 211 30
370 86 18
80 463 30
403 497 46
333 549 46
482 176 6
51 224 18
185 399 44
317 537 32
237 267 42
52 441 12
542 86 35
275 95 44
278 114 57
165 172 5
164 105 17
278 522 42
128 235 47
107 157 48
214 84 8
331 151 27
214 228 14
46 424 54
210 444 55
454 37 19
288 226 19
257 443 4
472 171 10
100 553 2
494 450 58
278 208 5
102 384 10
362 51 23
277 152 53
140 314 20
68 301 32
260 215 59
352 218 42
348 30 36
269 379 14
535 462 58
322 546 44
88 210 39
163 188 18
284 412 13
195 414 47
135 20 48
410 397 21
402 298 1
533 341 14
159 207 36
187 22 25
138 444 11
516 101 18
482 288 48
551 442 32
129 190 13
116 155 55
27 527 40
498 406 38
13 92 40
395 235 4
128 486 47
427 294 10
142 111 11
157 93 17
380 289 4
310 231 21
300 381 44
77 5 60
197 435 50
386 410 9
531 103 19
289 38 10
422 223 24
544 254 47
59 331 45
114 205 3
54 24 5
504 349 39
239 87 40
409 215 37
384 239 38
510 129 4
179 106 52
433 159 13
17 244 17
221 358 59
358 532 11
295 449 6
129 522 49
230 135 34
433 131 39
154 422 24
286 27 12
97 210 40
386 512 13
292 416 56
90 321 28
87 13 33
131 195 2
306 164 12
20 67 17
25 143 31
227 332 30
215 488 42
451 487 58
547 72 25
539 508 43
