593 4982 340 161
442496 87612 293470 979809 846601 804014 899961 496923 605363 46567 361130 240576 912970 943956 49414 124859 899534 808866 640934 507811 144058 914233 687265 492257 101373 412291 37060 770968 712798 295505 729986 42993 711013 221337 265610 434856 451533 246140 931097 721774 168377 433864 121873 821075 266739 759054 400940 240631 100017 855287 323633 469301 527560 512261 927909 210054 226551 677574 824844 572974 239196 71427 18231 375325 199133 389664 857675 355947 13302 19529 433834 445453 424209 421695 661766 24281 205773 600705 975969 308741 311809 678163 559946 115273 48966 664786 68092 549794 217478 240093 285622 837055 824891 265767 492636 436072 604531 736546 733062 237323 676524 40475 992806 167071 814007 158442 41572 210134 351367 77454 892969 385405 32745 25026 613177 322693 543888 854708 569223 935087 869476 687425 370889 464907 737442 543987 59754 995736 611017 520848 226694 267825 861811 768503 352597 267758 58583 440848 324082 62525 150204 125322 813912 716501 44120 969839 9839 234630 306381 275915 397218 723146 67364 734858 26404 518 766927 817942 517772 598759 993299 916752 531012 981453 100573 558666 39485 667550 511299 272170 707588 428788 646535 326928 33357 42556 821744 265137 851625 869456 584610 841793 535968 945184 83140 606462 814918 291434 571657 263982 533805 801825 489921 723088 405338 965043 22498 954319 641398 588050 129835 25172 496923 620311 874066 5961 667918 282809 954792 961984 278096 503465 583051 804507 661686 294821 832826 959 291603 82128 212468 507394 322876 923340 843665 262472 477207 705211 670436 735916 93253 639351 190604 783739 911154 631713 615441 279743 308072 360901 995138 218999 436426 968936 934229 134607 844387 866761 314433 388369 154267 330905 676371 280916 531934 315283 205083 252320 832319 285923 99480 128291 403099 357495 157188 50082 280946 257098 124752 133084 990401 825522 688900 678456 304212 551294 274125 798504 729009 985271 486532 860990 54805 710867 139192 880958 313208 321785 472265 354206 213697 442537 885779 242998 885669 499935 719928 173886 833925 463567 818301 306754 379504 580286 465472 553793 215677 658791 745256 560310 902747 906257 289471 554231 306274 428939 859543 461969 101087 808877 452649 600102 268541 723696 772995 62622 771881 763574 261141 552547 114276 576555 474114 279751 436569 486857 765786 511236 211829 424148 673283 942237 866856 257325 907630 821763 733703 560227 642402 724911 411297 580040 235693 473512 555305 856217 752347 599646 802613 313039 603211 475198 76435 268714 811289 221129 82617 385051 365715 403098 8232 333098 717418 389735 507704 615250 422619 886593 453864 234905 917930 303611 525583 279787 290986 505194 83970 772526 834800 450463 124199 37977 248166 639651 896076 896194 586522 761701 645259 490021 350228 274657 846613 223238 594878 352818 830312 529517 110245 750728 98430 720014 869029 623443 65977 343941 503933 186459 728868 861517 877924 792854 910024 29202 24866 849787 760251 956410 111659 662093 380092 317758 390482 646764 387728 983745 940097 140826 970510 426024 978069 115342 608658 874017 150842 706269 51282 248837 768864 438345 693901 180695 999457 989818 50108 775846 384945 882339 875079 665426 247080 448203 647452 945071 222494 150271 471913 833800 910511 652959 708930 538939 795138 823972 705565 812582 256498 202216 265901 651293 762961 313879 425882 246663 269876 29449 430073 723024 267873 55930 810340 226300 402340 917469 293904 394653 477859 288159 31625 514958 304444 103293 790637 648774 968755 751081 675287 67520 709631 677938 310756 834988 275410 800425 778772 760334 845975 603418 41117 379884 280598 20183 508019 787223 760372 239760 689754 356675 577542 719321 48082 651913 634656 184767 343228 31163 346830 541658 750247 614874 272237 885485 229087 799209 602104 93655 768881 506851 714034 232078 874387 446877 57147 671430 363527 944399 819921 629447 512972 578886 296871 31322 717232 403715 495820 584530 734557 613036 375657 32418 39736 233380 766828 157423 603599 689809 24470 1733 66946 939856 226537 725775 633102 653113 631867 230430 802048 90169 329836 956614 322553 676486 405645
563 364 55
77 116 35
12 108 54
75 361 26
528 501 27
229 396 28
242 109 21
432 20 42
222 145 23
420 338 49
144 188 31
268 285 14
128 415 59
560 285 16
396 237 15
365 273 36
145 319 42
344 116 19
548 6 31
289 560 30
440 107 43
283 89 65
93 587 36
76 332 29
404 553 49
463 447 26
335 213 62
25 320 45
183 592 60
531 43 54
409 404 66
337 279 34
284 471 34
92 93 50
458 395 45
287 84 34
273 373 52
203 498 34
99 122 5
276 474 60
423 504 3
469 432 29
153 553 8
73 216 64
31 266 39
474 98 5
453 543 38
409 372 37
191 2 8
289 254 2
354 12 62
581 189 54
2 310 16
171 96 66
206 359 63
315 301 2
90 191 53
589 340 17
525 121 24
400 132 29
351 123 38
580 179 30
57 168 58
487 24 5
460 214 49
35 250 36
35 132 34
133 505 21
285 391 22
551 242 30
512 462 63
367 119 17
483 499 9
123 488 16
511 379 31
23 81 12
476 391 66
119 342 68
185 446 43
160 470 47
69 587 43
15 325 5
54 469 64
74 422 60
292 263 4
72 474 68
105 4 19
49 294 49
313 447 63
316 140 37
591 52 33
445 222 41
91 569 8
398 460 33
179 503 33
398 505 31
488 456 31
185 154 25
486 74 39
453 76 52
176 105 46
143 393 3
353 375 24
246 438 38
104 545 36
264 281 39
537 337 44
200 250 48
471 175 23
83 455 7
79 351 60
564 213 33
137 208 25
13 178 28
257 390 10
295 497 36
567 488 37
234 191 26
544 120 52
272 413 45
139 197 58
50 354 4
349 459 55
588 277 3
544 553 57
578 393 34
591 579 54
462 238 24
305 435 45
502 316 19
282 221 54
170 555 31
365 381 28
439 521 13
11 232 6
284 71 62
437 51 38
462 256 38
231 143 7
75 25 50
37 589 3
381 576 39
83 174 18
47 234 55
557 460 60
579 447 29
125 377 62
509 118 51
46 436 17
453 304 54
486 384 8
552 502 58
140 268 39
96 13 66
254 262 23
592 550 14
12 531 58
453 453 53
301 280 9
250 472 2
153 209 11
291 358 45
469 345 37
532 277 62
524 224 7
233 272 38
467 233 27
402 22 9
470 356 61
75 255 47
242 476 47
58 332 42
283 132 55
279 564 5
30 195 59
344 69 5
362 212 29
381 87 12
265 312 36
434 195 18
327 20 65
55 247 6
93 245 26
488 574 46
455 35 42
130 428 57
340 25 33
383 415 25
536 540 65
419 327 21
381 463 11
100 153 7
133 19 63
61 118 55
43 397 39
458 220 30
392 555 8
4 415 30
198 567 39
89 268 16
445 456 20
315 468 12
207 143 51
564 338 24
576 320 27
490 155 20
325 381 29
282 218 17
225 461 10
464 441 10
344 423 35
23 554 19
112 52 30
312 236 19
359 162 52
390 151 10
68 505 12
23 10 49
311 426 43
94 49 18
78 516 22
512 65 50
51 335 44
111 132 50
162 545 15
313 311 26
509 127 50
54 212 31
496 246 27
329 547 9
417 526 65
178 487 22
449 305 47
416 580 54
413 112 30
153 361 3
181 77 38
324 94 22
522 506 37
221 99 12
148 450 56
562 30 58
417 593 31
215 145 9
201 95 43
371 163 1
462 524 11
403 556 19
133 351 22
97 15 20
437 584 15
84 22 67
450 287 28
356 159 57
278 227 17
311 576 13
17 290 40
294 510 67
160 158 10
414 303 56
116 257 22
160 166 5
273 519 43
129 497 6
216 374 7
433 196 65
283 157 31
29 546 45
204 173 59
52 100 62
138 118 45
313 349 47
567 452 57
343 86 25
343 249 49
493 117 43
549 455 34
70 27 9
387 427 49
441 530 36
237 89 14
496 224 7
216 415 68
39 38 26
231 49 63
479 13 58
129 451 63
530 393 52
543 88 22
3 55 28
341 38 5
12 129 23
307 146 64
28 145 14
375 246 14
191 279 11
502 570 4
293 90 40
83 541 62
514 121 68
223 486 49
23 183 21
216 557 56
135 397 55
288 303 45
77 229 66
97 574 27
247 500 51
263 456 20
193 74 52
8 440 54
320 17 2
296 432 62
376 564 54
50 197 35
198 359 38
428 438 62
54 8 42
231 438 2
480 180 1
34 543 11
523 461 64
443 202 44
279 111 43
347 105 63
213 505 41
168 339 19
425 370 32
147 304 16
78 255 22
389 199 38
382 465 30
356 24 41
106 377 25
540 143 30
571 107 17
586 490 33
253 100 27
445 334 4
170 74 18
79 60 66
194 282 25
277 207 30
192 150 13
31 359 32
523 40 42
476 60 21
293 156 43
560 332 44
261 389 45
12 469 30
270 587 49
151 371 19
146 536 50
28 523 26
269 57 51
579 535 25
151 156 26
512 177 32
45 185 8
166 324 1
35 523 35
103 371 4
543 362 43
475 456 63
143 197 67
438 346 17
104 270 10
134 108 62
230 550 40
83 520 12
350 337 40
232 319 4
491 269 54
515 555 40
1 408 52
144 485 40
170 481 36
565 549 64
220 357 41
513 409 45
279 525 66
300 423 47
303 108 48
25 334 13
84 192 30
371 551 50
18 354 37
216 167 17
580 552 30
153 159 63
315 159 66
355 242 12
3 98 3
251 62 36
3 293 11
539 416 22
37 222 58
568 438 10
344 394 19
7 221 55
49 240 66
124 205 26
514 516 33
296 363 53
559 225 10
531 406 58
406 358 32
226 521 30
293 31 58
561 432 66
317 389 56
482 400 23
491 438 65
46 102 60
380 391 11
374 375 41
255 541 37
397 401 57
50 463 1
143 5 43
441 242 4
343 271 16
50 92 16
101 127 9
120 525 19
474 336 55
412 58 2
54 368 19
468 126 43
85 575 47
190 392 20
580 72 54
559 8 60
190 572 45
589 61 56
582 535 21
490 131 65
51 52 7
489 78 45
95 473 33
427 560 60
583 135 30
161 24 22
384 236 65
129 499 7
226 437 54
536 316 43
236 468 18
281 205 14
95 23 20
113 179 3
359 100 57
517 229 40
289 465 45
583 592 38
443 274 58
77 69 62
342 584 52
251 202 20
358 344 7
185 490 38
1 30 32
339 158 11
328 408 24
167 8 67
484 412 11
69 585 16
579 450 54
27 528 51
214 164 67
288 24 7
238 447 1
515 409 48
128 522 52
119 450 57
316 452 66
369 143 57
491 350 23
347 491 47
179 149 30
166 218 36
389 523 7
114 116 64
566 555 30
316 283 22
174 118 68
224 568 65
345 206 16
556 329 17
440 196 35
408 509 57
460 64 41
559 464 16
211 489 66
99 442 37
360 70 20
254 571 56
74 160 65
334 64 10
421 559 29
217 122 44
482 387 36
347 547 56
350 485 65
29 561 16
24 378 10
400 500 15
491 470 61
343 112 3
394 552 14
376 248 11
560 201 24
399 84 21
200 67 28
258 130 43
133 407 48
578 180 19
243 50 37
230 253 19
556 540 7
137 397 20
221 15 53
561 41 3
49 169 50
187 509 13
345 207 55
100 5 58
440 160 66
359 404 47
62 389 58
275 331 32
326 316 64
79 176 20
132 329 16
88 494 49
384 101 1
155 324 37
274 86 38
91 205 49
549 455 39
511 376 38
49 304 19
304 374 13
99 230 20
228 129 3
532 129 11
446 180 37
88 37 25
228 181 65
398 19 15
282 533 63
430 128 61
484 527 31
212 190 56
238 8 34
453 175 49
553 397 54
451 85 60
113 164 31
529 543 38
143 83 28
212 172 15
185 81 28
106 40 27
567 555 3
252 155 10
354 86 55
354 201 2
339 389 22
556 206 48
516 125 56
414 235 26
207 280 55
513 222 50
294 514 59
291 554 41
558 274 37
444 507 40
521 10 49
466 464 49
394 191 43
345 416 62
379 4 14
187 279 24
324 82 26
55 216 33
542 386 45
310 125 25
234 497 36
275 506 9
237 422 59
100 537 51
145 564 13
441 206 32
285 270 22
212 83 25
32 342 5
16 205 46
104 306 37
282 171 60
418 283 10
39 129 27
556 447 21
27 168 19
147 19 5
323 48 22
98 219 8
362 171 60
411 119 37
88 527 54
111 48 19
246 419 48
156 430 36
291 226 3
400 173 31
569 6 38
587 541 28
438 139 46
586 5 46
588 123 51
260 407 3
139 343 63
370 472 19
404 350 20
277 7 57
184 282 46
235 267 15
467 26 46
161 85 16
464 482 58
579 205 38
238 332 57
161 335 49
2 274 28
204 458 43
551 238 20
556 407 10
467 297 51
534 168 7
386 7 61
285 471 13
401 386 38
13 227 15
490 503 52
225 501 13
269 408 11
47 177 13
116 281 60
420 222 28
413 485 35
164 556 15
577 48 31
210 370 12
553 92 39
14 410 51
162 461 45
344 69 46
470 49 45
134 196 55
193 50 51
282 179 5
435 24 9
39 520 36
303 587 41
577 534 12
326 160 38
391 536 51
341 14 33
512 438 12
213 523 46
132 142 58
223 433 14
315 168 28
456 486 11
544 547 47
502 221 43
7 39 54
258 372 2
212 140 57
37 217 14
564 200 47
480 332 52
164 19 28
400 293 14
160 573 59
536 250 27
285 236 45
401 357 60
279 258 62
555 122 62
254 556 55
27 371 37
376 235 1
449 469 29
35 150 7
143 145 2
90 241 68
432 95 67
537 248 44
430 262 5
49 429 58
494 338 14
428 66 43
461 246 10
298 294 52
208 64 60
8 255 42
520 59 27
215 81 36
183 560 9
81 262 55
194 211 1
193 356 42
484 113 44
423 61 12
367 52 3
342 369 35
122 137 25
76 372 3
245 79 47
193 145 58
161 231 68
205 537 28
394 308 39
183 380 14
335 310 60
574 417 55
516 12 55
279 312 54
247 99 52
313 132 48
509 236 65
348 163 16
396 334 22
390 311 51
56 539 9
557 208 13
95 98 11
395 502 1
564 189 20
364 60 17
149 137 33
26 528 50
377 402 29
479 145 5
167 84 16
44 75 14
428 507 11
513 177 48
62 198 4
410 275 54
114 48 61
454 213 12
68 538 48
538 522 30
503 306 41
579 277 31
441 323 37
534 235 39
253 16 29
476 362 7
163 77 55
419 289 14
521 274 4
541 520 31
537 129 57
440 100 16
234 525 68
173 56 28
527 228 56
247 210 18
302 236 29
417 73 63
86 71 59
261 500 53
383 585 28
94 448 56
564 186 48
264 287 1
267 43 2
161 59 8
589 319 16
263 266 5
52 468 2
352 349 7
134 245 27
314 258 38
94 547 6
530 577 33
569 309 5
324 172 68
528 555 31
168 189 18
552 544 31
83 514 6
73 504 15
374 414 13
141 157 13
181 51 15
434 422 32
499 247 68
260 385 59
130 359 35
91 249 39
180 26 35
16 105 58
522 25 12
299 274 22
378 290 44
507 111 23
263 205 31
454 364 35
504 316 46
361 582 43
80 116 36
96 121 11
166 485 3
63 438 30
556 482 67
296 301 58
428 475 25
107 7 29
196 345 24
27 355 9
218 322 24
73 590 45
484 56 42
99 308 22
160 4 25
424 111 64
281 262 46
339 218 36
112 404 15
546 71 24
452 574 28
188 175 51
14 237 53
74 163 11
519 145 67
561 589 29
403 266 43
484 322 58
225 545 11
514 54 7
192 407 64
376 36 13
116 265 6
102 440 3
436 44 2
419 354 11
183 206 42
543 356 29
270 13 12
252 40 65
219 377 27
188 412 67
246 226 41
201 94 52
420 371 67
49 65 29
65 393 29
328 552 42
316 346 44
403 250 9
336 195 50
328 257 7
25 509 51
320 434 15
61 87 65
7 20 3
439 480 67
173 285 57
206 329 66
408 415 10
490 487 22
317 252 9
361 399 26
478 102 38
161 122 21
492 493 54
387 237 1
107 553 68
106 98 19
75 538 28
132 240 14
40 373 15
190 93 18
39 323 13
447 407 1
520 414 16
19 456 67
203 411 40
395 364 44
341 239 6
585 491 36
198 573 39
310 225 3
440 565 61
415 234 28
106 509 10
40 9 18
386 178 57
130 413 14
147 191 48
292 100 58
121 500 61
549 74 62
403 497 29
396 417 60
504 186 68
298 547 44
318 275 49
267 445 4
254 244 44
236 270 22
109 383 38
493 409 9
515 571 39
524 113 66
486 379 48
475 524 20
495 401 26
11 128 17
418 487 7
335 22 56
64 524 43
225 488 52
371 291 47
77 26 34
571 527 68
371 128 55
288 590 16
457 463 24
325 437 27
106 229 64
578 50 46
237 426 49
476 526 6
249 465 62
189 86 13
532 29 6
230 461 23
493 557 21
90 324 16
172 388 47
44 474 43
226 344 62
228 129 31
515 568 13
131 426 28
424 525 47
592 373 2
566 449 28
592 196 2
176 501 25
366 36 33
333 557 57
410 241 44
15 571 52
296 497 7
342 313 16
126 247 60
366 25 66
210 257 25
79 245 44
62 320 4
271 315 62
234 193 56
78 162 1
486 411 22
110 233 42
200 282 21
544 317 66
563 554 45
227 569 15
432 189 56
84 577 50
473 378 21
560 33 62
454 307 15
271 427 6
449 291 1
583 122 65
140 531 54
335 51 32
379 88 42
489 419 25
351 329 20
258 364 23
133 509 3
276 432 60
78 39 58
416 374 65
187 34 35
318 176 59
162 245 52
225 56 51
18 302 38
294 383 2
505 576 13
289 326 5
72 167 23
114 451 43
69 370 24
133 109 38
435 463 15
453 31 50
247 263 24
534 499 40
501 298 59
573 392 61
250 158 65
539 382 58
514 270 29
268 203 11
236 345 38
286 142 26
428 210 51
480 538 26
491 40 51
32 496 4
361 353 67
150 487 37
404 461 13
399 234 23
139 178 57
568 178 31
547 188 51
240 514 48
439 482 68
301 562 24
592 377 28
406 32 58
200 254 43
231 559 21
321 48 29
203 59 38
187 105 30
496 535 64
196 582 43
122 414 54
78 585 43
499 279 52
543 236 16
258 569 49
467 561 16
465 215 39
302 374 18
121 43 32
576 241 52
324 315 28
516 196 9
177 75 68
209 469 49
121 362 17
175 258 11
543 100 44
35 567 65
431 415 36
240 173 9
290 86 2
336 494 61
389 135 7
171 566 45
79 110 7
160 416 64
507 367 68
38 556 2
535 212 63
7 540 58
304 160 40
393 342 8
172 588 61
186 247 30
119 390 35
573 407 14
427 67 53
495 329 5
244 392 10
254 492 3
415 33 36
14 149 42
100 197 21
355 552 14
414 525 54
344 230 26
2 257 57
32 417 30
346 367 33
47 467 41
426 37 7
70 437 34
30 240 54
289 579 32
218 563 32
235 62 53
93 571 18
513 465 13
25 1 18
66 191 53
229 142 26
424 377 41
67 277 40
372 202 45
76 415 57
316 81 24
575 211 28
282 53 33
446 155 20
591 265 43
148 354 20
176 254 22
153 365 44
192 98 68
316 581 33
81 239 43
204 555 26
423 462 9
430 483 15
461 430 58
396 55 10
274 94 35
170 389 54
467 310 23
488 67 38
354 576 68
341 318 24
242 154 58
375 404 40
182 556 8
234 44 44
538 363 8
171 177 32
314 262 67
256 327 8
461 475 30
589 440 56
278 26 32
201 247 49
403 121 17
288 523 63
145 248 55
114 30 36
53 422 37
522 495 66
297 33 3
352 149 3
534 356 49
20 77 21
122 405 46
98 129 31
45 191 40
318 148 43
46 243 52
296 281 14
508 7 55
403 36 31
580 276 40
101 473 56
528 423 45
99 285 32
74 180 63
258 402 28
95 159 51
330 264 4
85 209 19
102 189 54
185 378 63
84 249 57
2 387 38
355 122 59
319 398 17
31 571 22
382 502 1
369 455 53
1 88 32
83 521 10
239 508 33
509 188 16
582 526 23
551 133 25
212 134 42
499 541 11
362 523 24
513 127 10
449 15 32
375 559 50
398 328 12
66 104 45
533 142 42
415 314 27
165 249 24
136 482 61
210 294 56
202 26 54
211 295 23
351 428 36
400 532 3
161 326 23
218 499 26
25 283 31
75 439 48
519 198 25
563 276 63
205 519 36
542 170 52
258 472 33
110 351 25
44 532 33
143 108 50
338 358 56
38 428 23
252 415 43
551 305 46
74 235 46
533 124 28
160 15 26
339 227 50
11 152 62
164 487 15
163 589 29
10 432 23
401 37 21
31 183 62
269 239 66
538 209 34
393 94 17
351 421 66
286 544 33
112 51 20
122 229 6
391 229 56
141 41 21
413 189 31
331 143 40
443 110 45
434 73 22
201 14 16
385 344 55
291 221 28
38 367 54
246 378 60
327 219 35
147 45 44
432 226 35
435 281 54
100 269 44
175 501 36
52 569 1
202 334 34
256 181 17
412 138 54
498 440 11
295 172 37
358 589 11
545 531 19
6 105 19
463 148 48
325 536 12
1 236 9
434 372 35
503 376 23
263 210 64
494 286 18
291 123 2
129 568 32
329 515 11
220 397 28
427 150 28
204 362 10
49 308 16
523 560 10
353 4 7
133 572 52
34 332 57
356 255 36
97 403 51
140 436 49
43 542 35
579 490 32
193 224 17
418 327 8
431 289 37
281 218 17
206 494 23
517 317 65
262 128 17
408 429 36
559 571 39
509 53 9
207 185 52
273 582 59
412 195 65
536 443 12
254 362 59
154 173 9
412 36 61
561 292 14
511 279 57
554 68 49
241 153 57
315 141 64
133 473 24
493 360 57
523 76 47
498 318 67
381 69 68
317 367 36
19 11 66
6 349 18
89 240 19
519 31 34
216 153 23
546 203 58
185 264 56
319 284 7
84 495 57
117 588 45
76 530 33
121 17 31
202 461 55
365 31 9
485 284 51
235 452 40
192 549 9
244 307 25
27 343 38
482 371 40
576 333 59
160 35 62
395 485 51
194 477 63
481 212 53
438 87 49
580 499 28
166 447 14
81 70 33
228 421 68
332 263 19
16 71 42
517 544 22
167 472 44
485 56 60
500 579 29
139 42 4
391 583 39
460 276 44
194 217 20
67 511 24
125 124 48
520 298 23
489 316 47
100 516 7
519 466 31
368 255 66
155 520 23
240 388 63
581 108 59
561 351 27
68 459 39
553 499 31
55 175 32
196 360 39
253 91 64
99 348 32
523 468 59
72 78 7
321 320 4
80 132 10
262 442 41
239 569 52
403 122 33
470 208 43
125 502 25
369 12 55
262 581 16
505 54 59
115 264 31
430 532 35
378 439 29
189 147 15
139 354 67
77 130 33
502 25 36
224 312 28
475 520 18
263 35 46
69 571 49
29 188 37
117 453 32
171 122 67
173 160 12
325 336 28
303 163 38
81 154 61
367 126 9
352 469 21
508 220 64
107 568 21
531 9 45
292 22 34
67 146 3
110 398 63
442 196 51
227 499 38
469 229 47
544 87 22
127 508 68
26 216 30
156 5 58
315 590 19
242 36 36
151 170 66
341 411 39
475 10 46
226 587 35
486 528 57
178 241 64
250 12 43
447 47 5
297 526 14
344 390 6
319 120 1
442 459 27
498 158 31
504 200 6
593 363 63
535 368 40
440 396 52
556 63 44
504 461 12
495 110 50
373 339 4
142 147 10
433 344 48
426 243 8
195 71 37
453 304 9
580 589 7
181 354 61
587 538 15
220 326 18
114 207 50
389 49 36
409 516 15
170 339 10
428 114 49
150 283 51
303 189 51
350 367 33
91 293 33
107 324 34
160 530 56
331 431 7
246 463 58
547 540 1
392 375 45
12 315 57
426 173 66
33 27 12
338 526 38
292 466 42
393 328 64
48 45 6
442 76 67
467 452 46
58 37 33
563 282 51
320 385 50
143 289 24
549 313 68
199 394 18
579 42 20
285 480 34
237 316 4
211 237 24
169 99 43
75 539 43
374 435 23
475 441 10
274 541 10
512 583 12
332 164 25
177 439 41
499 278 43
432 189 37
74 257 8
363 571 16
555 496 36
558 490 38
130 227 38
49 449 68
15 410 39
520 197 7
268 582 3
517 454 44
365 295 9
194 319 39
463 427 21
105 544 11
337 86 10
124 243 68
221 173 58
226 352 45
403 219 68
187 370 30
181 269 68
237 368 53
403 119 57
315 111 17
496 17 42
395 270 61
259 107 59
191 2 20
288 169 27
239 407 68
261 398 40
3 73 37
527 72 6
56 381 20
250 445 54
19 50 24
461 399 10
461 211 8
336 382 12
160 472 25
20 159 15
222 571 41
430 216 46
318 165 11
522 410 34
356 247 53
145 237 13
301 473 3
177 103 15
288 227 18
481 10 32
440 438 63
186 321 24
569 78 42
154 586 8
216 286 50
191 348 16
432 268 20
49 203 24
389 454 5
354 406 44
393 521 22
195 283 8
358 215 19
483 21 67
446 503 29
168 456 68
580 320 29
347 108 19
201 474 61
277 293 39
257 447 32
519 193 50
140 204 22
308 284 18
261 216 61
168 460 16
67 506 68
118 15 28
127 200 9
103 162 53
451 54 54
252 44 5
177 181 25
106 191 36
221 366 23
551 536 55
514 408 49
530 254 13
164 109 7
182 431 15
79 2 66
332 251 32
294 266 14
233 577 61
200 571 43
266 417 25
208 572 40
448 582 19
190 429 3
281 95 2
11 144 9
577 349 36
309 58 23
408 214 27
86 90 26
195 217 38
65 248 17
456 510 14
180 227 63
470 78 3
369 443 52
378 591 55
69 555 28
468 181 16
551 310 42
120 139 44
169 95 59
260 258 39
451 113 48
406 102 45
208 210 41
343 123 45
128 70 27
426 90 14
568 188 49
45 113 29
190 89 32
26 565 46
222 298 22
542 231 43
539 259 16
3 331 12
359 268 50
547 547 68
520 394 65
113 311 45
435 159 10
165 508 52
91 580 21
572 7 23
316 17 8
348 585 64
409 352 21
347 320 64
233 556 39
304 367 44
130 91 9
315 229 68
468 64 3
206 517 11
250 479 34
173 354 51
429 396 7
452 250 67
380 339 25
451 370 25
444 362 22
402 375 21
483 467 21
526 266 34
75 408 16
3 376 55
257 298 64
395 238 67
513 550 4
43 313 19
155 277 54
185 379 35
322 79 41
316 313 43
199 37 42
275 118 16
268 1 34
280 510 20
271 575 46
529 143 38
109 401 5
68 362 34
375 131 34
386 86 48
167 474 46
168 558 63
144 449 8
316 564 33
489 334 31
456 418 61
437 538 65
190 317 35
236 558 47
414 560 55
31 391 20
112 285 39
221 332 15
307 195 18
392 474 51
31 178 62
149 524 12
81 105 38
255 273 58
269 367 8
563 413 44
326 317 26
487 488 40
504 538 29
84 314 53
494 492 53
17 427 22
336 490 7
553 441 22
126 515 6
358 516 38
268 514 61
511 406 8
443 366 52
97 316 49
334 15 38
104 210 10
241 20 14
373 367 42
119 364 9
284 503 12
155 229 6
76 593 32
590 47 7
235 119 25
2 67 6
108 490 23
437 506 59
60 566 34
564 205 58
106 266 64
462 583 29
238 485 63
484 186 52
270 31 38
256 550 53
409 442 68
257 233 58
443 273 23
343 174 35
273 406 11
430 423 65
311 181 17
591 534 42
90 246 61
36 286 57
516 364 42
63 308 38
108 457 55
233 444 65
309 434 40
487 167 58
34 305 33
399 234 53
249 561 13
59 538 56
83 451 26
235 136 59
500 268 26
62 333 41
98 559 29
234 546 59
239 516 40
534 26 56
505 69 22
54 552 28
293 556 60
310 303 25
518 332 9
14 47 63
453 382 68
579 299 21
101 585 35
539 228 50
557 520 10
554 339 67
387 503 5
367 418 19
317 481 67
398 218 6
44 155 43
112 271 55
33 243 13
576 550 6
511 571 20
517 330 16
330 94 55
496 546 22
517 499 29
469 273 32
489 142 34
93 215 19
570 105 3
166 378 44
218 439 7
344 247 59
413 360 35
205 47 63
29 4 58
37 17 46
196 262 26
404 77 49
349 543 2
12 472 12
341 136 65
463 268 44
363 147 59
287 58 14
424 436 29
385 309 26
460 254 31
567 266 45
524 160 16
369 590 10
588 498 30
339 550 6
79 306 48
273 155 68
139 550 26
248 253 23
446 180 51
383 363 9
186 483 26
577 580 61
6 555 8
26 580 28
312 568 54
268 350 3
478 529 47
459 29 46
48 133 63
64 547 15
242 574 24
253 497 39
278 440 29
413 147 45
157 386 50
467 492 3
49 440 37
188 260 41
583 46 37
263 584 16
570 512 42
80 145 32
424 512 6
299 438 44
334 506 10
388 337 53
200 82 21
420 518 57
303 75 7
479 160 36
452 538 32
404 384 11
436 521 46
529 536 10
43 478 47
260 284 61
23 379 57
566 265 25
204 588 51
406 17 18
164 403 37
500 210 15
173 53 68
442 246 44
413 172 43
217 565 26
149 528 44
18 66 32
418 485 58
120 76 33
552 438 36
408 59 13
491 69 49
238 479 15
550 218 28
84 125 5
102 174 50
222 298 21
442 565 12
217 59 65
5 444 46
516 460 42
492 153 25
509 494 37
552 496 3
161 187 7
243 230 18
334 259 17
261 255 40
361 193 47
442 71 62
403 265 1
269 398 8
556 485 5
339 409 3
7 418 65
309 271 25
82 138 7
484 377 56
315 53 18
329 133 2
427 339 68
437 368 6
104 429 65
102 577 27
264 343 11
34 92 54
281 476 52
352 558 61
313 212 42
73 537 14
48 206 17
409 224 35
381 347 42
389 382 19
552 201 65
248 203 53
459 444 58
228 457 47
198 249 58
78 100 16
467 310 16
133 31 47
361 307 8
443 175 39
216 36 65
159 176 61
114 580 43
231 194 67
344 433 63
133 495 64
176 409 24
295 32 18
145 337 15
111 451 55
383 326 57
416 111 29
446 337 52
218 331 23
452 521 44
486 65 16
449 263 15
94 124 3
583 170 39
505 484 61
212 472 54
508 327 32
402 488 25
104 392 68
137 76 51
157 379 51
44 554 49
445 216 4
209 108 49
110 393 67
53 64 64
586 565 62
476 130 34
555 156 59
163 279 60
172 70 16
230 483 1
166 563 63
430 330 63
255 215 12
282 171 16
459 555 51
214 258 18
384 452 18
588 418 11
8 33 22
469 37 21
288 80 52
257 30 8
206 216 49
12 423 42
30 42 52
554 545 9
174 575 8
518 377 49
131 208 55
61 148 3
139 248 4
200 465 57
462 391 36
344 449 43
209 474 5
11 470 46
342 72 25
312 438 26
573 513 13
151 193 22
285 16 32
296 404 1
59 193 1
221 369 16
141 442 5
5 312 59
464 331 66
380 103 34
106 93 9
355 424 26
196 508 27
528 218 45
576 326 66
428 518 61
410 567 16
475 344 31
573 511 16
439 569 20
494 314 49
8 275 21
20 441 33
308 574 15
436 205 54
123 346 15
402 394 38
223 336 41
146 372 37
362 195 59
554 587 7
367 317 53
191 147 61
167 414 15
461 286 23
500 91 52
377 436 44
327 140 35
245 228 28
269 29 48
433 478 21
486 67 53
35 212 48
267 6 5
140 556 24
359 541 16
75 491 2
481 426 63
324 309 23
481 183 54
358 308 9
346 200 68
457 421 35
34 331 7
266 276 52
334 80 6
257 318 53
364 137 61
340 468 11
573 505 38
87 585 3
164 430 66
435 202 42
163 235 12
281 458 23
12 289 63
240 158 35
291 548 50
154 107 66
428 108 5
35 175 51
535 4 36
246 287 53
482 244 31
590 584 67
446 438 59
248 22 53
303 235 57
539 10 10
527 104 61
299 337 33
239 464 56
35 291 26
40 366 4
7 536 56
216 418 68
341 47 62
137 312 16
366 481 66
369 316 13
374 141 38
424 6 51
139 390 38
475 175 26
314 69 7
573 286 46
116 249 11
241 446 46
48 481 3
170 230 15
485 376 50
436 359 61
532 3 9
178 553 21
233 171 18
420 194 41
176 454 2
6 313 13
118 355 11
393 522 20
478 247 50
9 555 64
170 31 60
158 309 68
349 388 39
42 454 25
384 73 28
216 303 66
231 498 54
545 36 11
526 277 2
494 48 9
96 581 7
220 352 64
435 112 28
168 55 52
177 185 4
428 240 29
541 129 24
375 528 20
126 369 37
455 592 26
380 167 67
473 286 60
100 58 68
134 308 12
295 541 21
420 1 32
4 195 14
101 379 39
444 16 54
26 479 41
290 364 49
86 131 39
211 230 25
341 503 23
326 78 54
304 154 5
194 529 9
53 346 33
83 582 3
17 322 12
378 59 25
88 541 52
452 298 13
341 214 50
529 218 24
570 462 1
335 233 53
481 189 1
463 311 35
188 443 57
452 158 9
479 219 48
234 191 42
406 551 28
198 83 9
559 186 44
244 458 24
226 284 35
325 262 60
475 521 44
434 531 26
396 108 58
185 420 52
349 198 52
590 554 68
501 100 50
264 363 17
506 522 55
283 586 11
90 501 54
135 367 14
478 153 21
254 515 49
284 549 3
150 209 12
293 101 28
141 405 28
553 237 61
319 385 8
466 344 23
388 280 7
489 424 43
341 92 7
503 339 59
397 573 1
185 252 14
245 372 24
190 252 23
107 404 4
271 71 33
437 467 62
533 138 31
124 160 25
277 298 17
142 93 64
13 161 56
366 310 54
230 339 8
329 384 20
434 208 23
111 374 65
125 360 41
381 592 19
112 377 48
351 33 57
480 95 48
514 108 11
239 102 40
107 155 22
252 136 53
569 48 48
476 18 50
454 563 60
209 58 56
541 281 7
399 497 23
341 445 1
427 383 41
14 523 22
469 298 54
576 394 16
264 345 20
411 589 47
557 484 64
82 426 15
445 412 40
284 280 62
577 401 59
89 586 67
121 67 38
88 239 56
565 264 31
498 441 45
476 524 67
291 235 19
394 174 60
252 215 42
47 269 58
34 437 23
195 445 39
325 169 54
456 71 54
561 498 50
74 137 60
163 265 32
158 109 33
403 248 2
205 226 27
427 225 12
168 264 48
4 443 23
18 335 66
352 451 3
190 57 29
389 55 62
306 530 19
191 17 19
204 584 47
275 560 37
556 534 57
560 487 13
562 546 43
367 268 12
354 548 50
407 222 59
461 43 8
312 288 6
226 9 2
304 587 65
424 303 31
273 316 54
188 422 34
14 415 31
561 464 29
104 337 66
33 567 36
39 228 34
229 186 45
96 509 52
390 520 20
248 62 42
452 54 41
401 399 20
345 136 2
552 206 47
426 232 53
539 551 64
53 276 15
575 42 46
280 115 20
43 254 59
347 269 49
24 428 44
71 465 4
499 538 30
529 385 52
266 489 68
249 29 38
493 399 59
348 489 47
315 221 37
235 491 33
156 294 34
243 558 20
137 103 34
420 479 49
499 518 64
292 308 55
26 31 12
520 420 32
223 415 20
547 591 41
376 206 11
454 577 30
493 51 6
161 542 20
373 481 19
164 140 35
316 582 57
169 401 49
192 83 18
441 168 2
360 184 67
68 387 60
356 222 12
134 409 50
64 101 41
22 311 40
394 413 18
503 154 12
70 291 58
286 130 66
488 402 2
130 481 66
577 326 56
286 331 56
227 145 38
454 44 42
367 430 46
552 132 7
562 188 35
133 231 27
334 489 17
235 405 58
143 571 13
507 439 37
164 505 50
534 440 51
243 226 49
235 507 39
368 336 31
242 1 32
414 371 8
143 563 18
511 41 3
28 94 6
491 175 13
368 175 66
370 335 38
199 480 63
107 486 3
523 584 56
186 427 8
182 262 43
434 245 68
200 410 36
180 386 9
20 385 49
554 504 60
222 172 64
429 234 66
60 82 60
156 21 6
213 206 52
394 240 25
2 76 9
372 366 11
136 232 14
126 478 33
511 279 54
55 353 57
25 98 64
516 153 56
354 369 30
61 46 22
534 135 68
113 386 27
411 438 18
43 357 52
538 542 49
333 441 40
471 236 5
25 214 28
150 221 31
229 564 59
507 515 36
573 387 14
40 52 4
546 68 17
488 577 12
283 279 16
298 202 49
133 200 44
293 43 12
501 91 54
304 452 64
575 26 13
172 15 67
224 497 50
264 162 10
35 266 3
91 376 57
144 568 58
187 193 15
464 378 11
302 372 31
162 247 8
137 427 16
437 448 6
507 349 21
70 271 21
174 536 47
231 16 44
229 587 2
287 447 46
21 69 60
59 587 32
458 376 54
503 427 16
133 401 62
91 485 58
486 338 52
499 211 1
118 332 44
1 320 16
178 194 63
44 378 52
2 375 53
213 369 12
379 82 14
276 347 14
80 266 12
255 320 33
309 123 38
462 121 66
280 166 32
350 386 60
497 359 49
474 4 62
450 299 5
200 114 52
313 442 26
381 154 24
103 346 10
37 265 49
250 564 23
372 134 58
584 464 45
244 364 40
330 237 14
310 349 46
467 134 37
223 45 42
428 226 14
128 540 8
273 326 51
140 192 67
529 507 32
234 559 11
301 342 24
574 118 40
138 504 22
576 11 10
323 299 64
171 386 35
350 92 10
451 43 38
115 510 3
485 421 22
180 193 21
163 444 42
432 490 38
398 521 28
467 295 51
314 568 36
263 15 62
216 264 63
398 592 16
485 464 44
461 181 66
447 78 58
419 295 6
17 365 13
469 541 50
417 557 37
428 94 49
14 3 60
553 493 18
371 75 55
447 106 13
488 108 8
293 362 51
501 221 52
502 462 66
313 539 27
34 345 54
152 6 35
29 63 57
112 548 42
60 159 31
514 14 53
162 531 57
462 347 60
146 529 58
452 267 27
170 260 45
289 39 33
328 419 56
37 175 35
295 112 37
400 527 57
248 380 2
301 186 45
497 113 30
559 262 10
449 254 7
180 129 68
278 201 39
381 479 49
535 331 9
280 386 51
452 57 1
201 135 42
256 390 56
475 379 33
175 18 14
494 469 61
256 356 13
8 546 63
589 382 43
183 300 66
398 291 26
551 470 47
460 183 66
269 10 11
262 511 37
189 7 37
260 140 50
42 454 53
355 109 52
401 174 11
590 68 19
373 161 64
209 549 2
95 40 23
562 530 16
334 356 40
224 151 29
476 162 14
452 44 39
68 539 8
437 114 18
401 211 44
61 416 1
430 587 45
261 58 61
382 383 29
425 165 7
519 20 61
173 203 8
180 318 1
211 180 64
257 546 62
65 213 49
182 26 59
101 345 47
383 365 15
123 126 32
83 523 24
208 331 42
61 564 67
437 579 51
19 565 12
149 362 21
12 558 2
276 424 21
439 528 11
40 77 59
425 280 64
236 187 63
247 592 29
22 416 46
445 434 27
369 420 18
80 340 2
219 92 15
151 487 52
116 375 2
98 115 60
404 439 11
448 384 16
576 423 42
497 282 67
198 16 21
159 182 22
75 274 51
31 372 28
266 4 7
538 387 14
129 160 2
389 589 61
415 82 39
36 389 18
259 427 11
15 200 23
529 279 50
165 169 8
127 531 42
389 348 43
155 392 38
337 9 24
533 567 48
424 374 39
593 11 42
150 394 37
70 456 49
414 370 26
384 146 11
551 542 33
170 495 21
361 264 54
451 31 4
87 478 19
51 557 43
591 332 56
511 115 60
248 181 46
495 302 15
323 241 63
458 333 36
169 180 28
91 509 34
367 331 41
378 45 6
92 578 14
375 296 49
157 118 48
46 339 29
577 171 61
405 193 19
97 323 3
22 103 42
136 572 18
294 586 45
279 14 18
191 34 28
401 576 27
573 250 35
338 17 5
414 123 17
314 340 9
527 163 13
114 409 33
327 345 23
326 185 49
462 573 11
515 245 65
422 474 34
490 213 36
319 102 10
593 549 56
239 437 63
566 503 49
198 539 9
87 167 21
365 11 32
48 587 49
181 253 1
457 205 36
510 298 7
478 347 4
447 372 5
268 146 15
143 328 52
499 8 39
506 344 12
32 435 4
546 260 49
282 87 60
424 192 27
94 241 1
30 172 59
39 440 7
205 431 25
52 276 8
567 476 57
148 374 29
330 542 10
89 88 19
231 423 9
110 266 22
201 492 48
128 217 18
418 591 64
5 457 17
141 108 24
391 265 58
505 280 41
119 508 64
504 589 26
11 547 56
1 8 16
183 155 61
91 391 44
516 487 33
401 568 3
586 561 67
434 282 60
333 143 47
369 543 50
76 558 43
68 280 35
583 6 40
134 221 20
454 391 7
413 351 23
584 156 15
4 350 24
343 556 44
551 489 41
149 509 21
512 338 66
176 402 3
526 200 32
311 582 16
294 55 40
325 44 42
494 260 8
444 524 65
335 445 20
280 375 7
101 28 13
37 50 32
350 168 30
556 29 24
235 593 8
462 270 55
249 376 63
472 383 20
176 315 15
292 495 21
446 491 11
92 93 16
165 328 55
157 35 65
579 506 34
78 122 48
32 403 2
3 442 59
52 70 4
432 23 58
54 91 18
183 131 30
382 199 59
50 428 46
501 107 28
293 40 44
108 160 46
130 10 32
339 382 39
345 90 26
504 38 12
444 32 1
283 470 11
365 239 37
401 12 30
226 381 36
149 37 40
348 489 10
97 211 36
217 399 64
419 453 19
412 351 30
45 358 51
374 389 60
583 144 51
169 571 66
418 536 63
343 83 30
192 163 18
427 78 10
321 520 41
47 401 27
452 512 11
384 279 20
296 553 11
339 270 25
521 309 54
66 207 38
337 77 31
573 157 53
531 368 17
133 428 22
475 593 10
368 410 40
424 240 57
543 288 2
266 506 36
161 388 16
551 588 5
500 438 15
27 482 62
305 408 27
47 219 30
477 229 41
492 199 52
353 592 50
69 180 33
331 453 34
315 425 18
254 104 49
41 193 25
361 587 2
66 273 12
353 503 41
193 85 27
401 77 20
46 561 22
425 281 30
502 467 18
416 92 52
583 455 27
356 92 58
132 221 22
314 212 18
150 553 14
483 230 32
220 578 40
539 429 38
588 191 4
244 113 56
513 93 19
436 113 12
70 5 68
145 449 54
370 11 61
151 75 24
291 541 51
478 18 65
577 538 23
197 309 67
104 248 11
187 477 59
503 349 4
543 263 61
587 566 7
223 198 47
143 362 44
511 583 49
468 123 14
197 327 6
475 467 18
389 332 61
480 253 63
29 58 31
130 388 60
547 572 9
572 487 68
11 211 26
461 379 46
564 190 11
575 159 43
390 370 21
570 555 17
212 103 21
345 535 42
36 328 40
306 333 63
253 135 20
405 113 11
586 401 32
422 157 16
199 494 65
131 584 55
276 51 7
296 80 28
163 43 14
550 499 53
462 247 28
194 583 55
403 362 36
116 406 20
353 179 15
300 440 60
33 13 45
75 302 59
29 357 36
407 527 47
115 267 2
214 400 26
494 323 63
224 82 28
278 412 39
577 281 17
32 501 45
336 572 44
295 62 24
77 346 9
38 559 47
537 14 59
356 1 24
389 117 39
450 538 8
45 486 9
563 405 9
120 583 58
386 37 64
289 534 22
27 282 14
185 458 8
580 74 40
584 349 66
200 490 29
546 544 3
35 379 32
486 553 55
555 169 55
18 264 50
474 405 5
357 80 32
558 460 64
95 553 65
324 78 46
363 121 54
48 575 46
370 425 9
256 269 20
174 476 58
115 508 55
522 511 57
388 517 47
208 1 17
131 65 63
113 39 11
118 227 13
276 253 46
63 298 61
374 354 57
308 463 20
20 475 20
152 525 36
539 542 49
275 166 26
216 64 56
7 172 55
119 81 1
375 520 40
6 77 60
576 132 18
258 377 34
366 376 29
78 138 9
68 491 37
559 112 30
440 349 41
432 482 1
544 33 51
553 145 45
473 464 29
88 188 54
305 99 8
318 319 47
555 341 35
95 79 59
525 300 44
440 40 27
187 461 43
464 291 56
409 571 3
525 141 58
254 98 60
544 136 21
221 298 7
19 526 53
444 159 44
285 340 10
312 261 60
302 345 54
54 87 16
327 6 16
579 103 35
63 444 19
487 445 61
458 148 67
508 40 16
567 122 1
424 234 33
473 11 5
21 411 62
540 319 44
566 399 14
575 555 32
441 266 5
497 2 19
226 337 60
489 270 2
16 369 25
446 318 66
566 416 27
467 414 26
181 437 16
250 235 20
524 214 38
297 340 39
88 25 43
281 48 66
373 245 25
419 308 19
386 404 36
230 329 14
450 22 39
377 76 12
335 82 4
136 48 16
186 246 41
561 180 37
154 387 22
497 382 56
286 294 65
591 458 16
274 281 29
310 131 46
152 536 26
463 117 55
66 377 10
86 113 55
424 226 19
482 228 54
22 396 48
215 432 20
362 97 42
51 189 14
371 425 50
107 505 54
214 345 62
76 344 58
435 430 6
561 288 45
264 33 27
440 186 63
351 187 59
103 579 19
23 471 5
437 573 35
83 533 64
552 196 13
455 382 7
110 281 31
40 233 66
66 264 31
381 412 60
329 124 42
565 227 55
368 430 1
399 53 48
519 246 20
235 312 36
28 508 43
17 346 58
51 126 2
321 37 47
47 316 21
33 45 45
51 351 47
245 487 64
67 301 34
255 428 50
188 443 59
535 260 25
408 40 40
168 528 21
431 376 10
174 437 7
215 169 60
56 520 55
10 90 42
18 256 22
319 385 1
125 396 47
118 48 37
284 289 19
234 525 38
462 334 7
222 577 16
167 86 36
357 569 25
57 307 41
160 225 22
98 111 15
21 255 21
428 126 59
433 164 64
13 318 68
300 185 13
105 349 19
443 533 57
257 186 2
91 236 40
228 171 36
111 293 23
158 286 52
108 493 64
340 35 16
1 539 20
368 216 30
180 575 35
62 539 17
519 210 45
140 216 8
582 67 58
272 533 22
331 346 45
38 164 33
186 196 47
527 87 24
479 508 10
135 238 58
111 536 57
40 491 1
394 239 60
412 573 65
41 389 5
458 551 66
565 175 17
487 214 3
279 386 61
253 197 7
224 468 66
262 502 2
306 476 41
144 250 68
483 21 22
334 91 50
366 288 64
276 57 5
376 518 18
1 27 46
184 199 3
367 577 12
381 169 54
476 473 42
407 480 53
438 445 17
91 120 27
39 218 34
581 275 19
259 56 37
1 91 58
559 468 24
421 305 26
39 2 67
80 339 1
84 144 15
239 158 26
210 90 58
591 413 6
180 362 13
178 447 39
511 193 68
408 334 50
166 389 63
198 346 56
194 464 16
352 276 66
273 259 66
489 222 14
360 568 31
402 537 45
145 367 22
10 170 43
353 283 28
403 291 61
577 566 41
217 517 25
190 23 1
318 142 13
348 222 63
313 50 60
560 350 66
226 173 11
46 327 53
381 508 56
90 541 64
494 430 10
408 87 23
542 425 63
478 422 40
226 315 49
310 413 29
440 526 29
217 320 50
562 423 45
346 531 66
97 532 56
172 460 45
385 198 27
448 328 4
157 525 66
144 193 56
327 452 61
189 330 60
303 464 15
476 201 18
593 38 1
107 367 19
240 282 21
120 396 37
38 193 15
15 475 46
154 369 47
439 499 62
38 498 17
69 77 27
571 277 41
393 460 17
418 403 20
418 349 61
275 35 67
203 24 22
583 566 22
124 309 64
532 520 52
436 238 55
194 148 43
562 256 61
507 583 21
490 341 10
540 41 32
330 429 37
360 352 20
421 62 10
299 199 7
223 396 28
521 444 34
367 580 59
587 425 66
12 106 29
288 33 14
262 57 41
198 470 34
399 281 20
460 218 5
578 305 25
552 47 66
318 114 38
315 482 20
229 474 55
423 113 54
59 458 45
274 225 35
508 415 2
193 561 51
588 312 68
194 134 48
183 51 11
538 194 49
465 348 57
536 430 43
37 379 24
489 295 46
408 581 35
377 454 20
497 391 38
470 247 61
482 2 30
342 192 19
487 545 31
413 274 2
232 365 46
476 494 1
419 504 19
295 281 56
200 11 53
377 506 53
31 582 47
88 31 62
154 55 40
200 364 14
227 37 27
502 376 6
366 105 34
357 84 35
406 187 21
283 374 43
244 191 14
429 397 30
460 396 30
511 413 39
159 574 46
411 59 1
101 251 26
313 143 19
547 55 4
574 231 28
252 235 4
18 265 37
314 200 34
296 109 56
118 370 41
488 73 5
262 417 6
269 313 28
13 493 14
363 564 49
11 157 7
237 190 44
406 513 42
313 455 56
222 94 16
2 545 29
315 272 8
278 429 10
294 370 52
464 352 37
240 160 4
405 185 59
535 283 7
259 172 52
541 103 7
205 526 19
592 310 40
548 159 11
88 413 57
374 403 13
201 411 65
148 516 67
566 58 65
167 16 21
86 569 2
265 518 7
66 444 62
3 220 27
588 491 51
574 295 9
252 432 45
125 56 40
105 459 4
173 21 45
493 305 1
467 210 56
495 273 55
233 236 67
17 570 29
179 210 14
506 35 63
12 254 64
340 210 57
327 162 66
521 165 17
142 190 31
555 83 41
258 72 6
342 242 13
27 140 55
369 50 7
587 406 28
324 115 33
559 180 38
555 133 37
177 151 50
353 449 67
140 349 58
39 269 57
55 236 42
491 581 9
503 21 6
322 159 3
441 322 59
158 54 51
482 461 4
69 474 7
129 412 58
106 259 26
84 541 43
495 311 55
466 367 17
492 130 61
48 453 55
173 448 25
390 161 48
280 152 21
335 373 3
156 19 25
105 106 63
271 483 41
421 402 33
60 176 51
336 589 7
166 403 34
184 58 4
65 495 52
137 78 43
553 585 10
57 177 21
231 545 27
465 190 16
166 158 39
426 109 50
238 314 67
247 557 5
164 543 67
235 23 27
283 470 25
230 566 16
25 12 6
520 6 55
38 427 10
153 572 20
24 441 28
141 493 39
559 384 29
227 287 63
150 580 60
182 437 57
480 345 63
77 206 7
568 485 52
589 354 1
425 44 7
337 81 1
509 84 47
507 370 6
447 11 49
280 123 33
550 553 59
496 264 35
327 581 16
336 163 20
268 347 35
46 36 21
435 56 66
406 365 21
486 402 48
58 432 47
398 261 48
525 1 15
575 216 14
426 92 68
349 248 39
261 97 46
75 306 20
479 425 67
268 175 60
524 272 39
467 210 68
311 460 63
541 271 23
176 472 24
394 425 34
506 281 33
375 438 61
299 548 37
566 59 59
274 45 65
400 472 33
448 498 7
319 225 29
329 55 66
39 573 25
30 416 54
181 337 40
153 557 50
202 106 55
238 90 33
541 197 37
426 397 30
593 62 49
388 198 28
338 473 42
26 544 12
233 94 54
146 578 38
339 475 3
284 67 21
162 238 20
588 28 57
132 582 7
56 421 49
576 537 5
380 213 53
163 70 11
581 30 31
471 32 62
436 352 11
512 306 25
338 64 28
109 161 22
583 186 61
203 159 63
41 93 63
206 291 30
202 132 12
378 420 67
486 83 49
160 372 43
180 307 42
453 79 12
387 231 29
29 54 41
94 50 42
198 498 61
105 561 39
413 538 21
514 109 46
229 174 36
559 144 30
179 431 31
286 245 14
88 80 50
23 39 65
525 479 4
410 261 59
290 135 22
322 14 5
578 277 28
206 334 57
300 203 11
300 135 56
257 341 2
100 115 25
8 138 56
300 117 20
75 229 47
406 77 46
438 208 28
52 412 48
136 406 43
61 455 60
472 29 22
494 551 15
521 12 66
249 82 54
300 51 7
452 556 64
393 164 19
325 292 10
49 33 47
70 423 46
81 255 55
576 213 62
182 220 4
109 75 52
48 556 49
341 304 42
392 356 59
319 190 34
335 2 67
310 396 59
580 410 63
293 157 37
574 436 10
55 507 40
246 45 65
468 425 65
434 445 25
497 79 17
427 106 12
389 396 68
72 523 16
273 115 24
125 166 25
41 230 20
539 293 49
231 269 31
33 403 3
430 169 62
380 64 9
62 7 2
234 287 14
405 214 30
192 478 42
395 78 22
73 6 28
593 540 24
225 215 35
378 423 33
387 573 52
478 197 27
417 493 59
184 476 39
30 425 65
552 220 16
242 148 17
517 110 47
354 241 56
195 324 10
245 86 61
365 306 3
315 469 26
191 266 60
204 44 63
268 473 51
568 48 15
246 306 45
90 415 18
121 200 56
31 255 48
488 525 37
73 485 52
313 377 47
359 351 33
576 273 46
123 1 21
317 82 47
453 588 31
305 350 47
396 419 7
294 175 61
411 306 54
478 490 47
94 367 62
348 22 52
106 165 65
129 524 27
374 85 20
147 269 4
573 511 11
143 398 27
275 287 22
20 307 18
497 215 14
373 252 63
99 558 13
242 325 9
588 443 68
262 479 45
137 376 24
421 562 54
458 379 39
95 401 10
321 62 38
262 428 19
128 162 32
522 65 29
448 222 6
256 544 66
416 355 25
403 224 36
377 102 5
150 308 6
571 431 5
161 510 49
332 529 46
55 276 42
546 509 56
421 292 23
29 522 26
550 57 54
360 30 26
31 394 47
508 101 61
287 97 39
310 5 61
559 532 44
389 194 33
133 573 47
106 382 2
271 23 63
473 285 60
230 397 21
313 146 66
263 157 27
280 140 8
259 238 23
505 482 47
520 211 58
540 517 63
290 451 61
152 523 32
34 280 65
245 208 1
59 382 38
136 243 32
421 287 11
337 209 58
474 468 18
520 306 45
414 499 53
424 458 4
37 428 44
510 338 17
297 144 24
137 451 61
96 246 32
111 76 11
255 181 47
192 565 46
80 492 27
387 92 34
213 225 55
553 314 17
310 129 14
477 67 51
30 233 25
89 10 22
560 98 60
12 185 57
250 215 67
37 530 35
310 313 42
410 40 62
2 2 47
353 1 19
243 34 47
257 233 59
228 366 57
302 247 10
25 181 18
304 438 22
348 72 54
49 381 33
237 342 65
163 532 45
386 364 36
362 151 18
196 495 24
184 64 46
494 376 53
398 464 68
202 347 57
407 549 50
121 393 44
447 444 52
507 163 16
208 340 6
449 404 33
361 45 23
364 522 7
123 284 52
335 516 24
293 103 4
484 40 42
345 223 37
71 261 5
534 44 63
104 181 31
159 551 54
593 138 7
197 120 28
129 588 18
55 551 3
592 456 37
502 22 6
129 511 34
357 469 3
73 15 39
68 124 34
428 154 15
415 462 44
106 120 44
547 87 52
198 144 56
512 65 54
174 272 55
565 121 36
137 343 66
474 375 59
478 452 46
251 319 12
65 66 17
469 300 18
215 125 17
517 352 15
323 355 3
261 391 21
190 468 42
312 523 24
534 290 48
380 211 56
398 92 46
66 387 34
542 497 26
207 160 40
556 331 22
266 236 47
17 3 62
563 60 48
457 206 50
79 196 8
38 317 66
159 25 52
186 384 16
581 220 29
253 591 35
80 401 44
537 546 48
364 93 13
43 106 23
302 265 52
575 396 65
526 496 30
522 84 42
281 409 10
257 429 31
137 496 5
11 385 4
130 380 12
422 484 31
258 517 9
52 388 6
497 97 9
543 186 10
452 158 46
310 28 31
158 69 21
292 88 17
211 18 52
507 334 41
51 185 18
29 44 16
567 176 68
502 23 56
252 213 58
509 415 34
256 291 30
323 486 42
85 392 13
70 109 12
56 115 7
167 20 27
498 523 9
83 514 42
2 554 44
158 51 61
30 322 51
50 265 10
459 482 10
77 289 59
132 545 9
337 45 47
406 382 53
267 441 29
573 232 39
88 478 30
17 239 5
593 121 52
174 566 57
396 436 58
504 220 17
533 75 47
172 102 45
339 297 12
501 97 26
43 27 27
122 233 32
97 264 68
509 352 40
132 207 56
318 212 15
312 122 57
184 586 46
382 483 40
291 566 13
256 157 2
576 480 49
98 175 55
495 455 42
281 486 45
34 411 1
569 196 2
116 565 6
233 27 24
586 482 7
591 492 61
576 508 13
42 121 18
105 516 23
260 344 34
166 398 32
281 136 22
302 475 35
266 12 12
390 316 18
549 373 36
215 222 41
215 537 18
49 407 28
290 294 46
35 527 1
583 28 8
7 575 64
515 275 3
124 405 17
123 260 20
415 513 50
373 574 11
489 491 58
121 5 31
512 579 49
408 428 61
265 114 61
81 558 8
162 326 6
65 268 36
306 339 36
114 515 66
410 538 8
589 547 15
302 373 29
86 377 66
332 177 8
552 130 61
510 364 45
257 141 68
21 383 38
341 337 7
198 559 50
451 376 36
184 10 5
323 70 39
405 50 20
275 519 47
150 79 9
540 92 50
357 237 16
490 137 39
107 351 18
500 144 40
449 54 5
92 355 45
141 213 32
249 165 35
586 87 47
219 217 23
256 113 56
384 471 54
295 353 32
257 88 14
467 199 15
544 502 59
358 180 38
269 82 6
180 214 58
432 65 28
191 298 47
280 488 39
485 418 1
272 291 15
519 505 63
167 219 23
392 481 31
219 439 39
467 205 50
103 408 61
338 88 24
552 156 13
567 68 60
294 586 57
103 21 46
515 437 29
185 463 64
55 393 6
564 35 48
555 195 1
412 244 51
55 475 41
365 141 19
546 434 62
364 126 31
297 464 65
1 199 33
419 569 32
276 320 38
406 223 40
581 445 35
41 9 65
295 558 44
24 500 25
580 424 19
216 399 23
342 321 58
284 201 38
103 380 65
376 300 2
207 192 68
194 325 43
150 353 7
108 25 64
209 236 34
260 226 59
25 261 63
433 165 42
341 592 32
19 78 48
180 89 62
104 20 9
35 512 31
318 145 50
529 189 60
515 452 44
370 390 15
55 98 57
421 502 58
144 161 26
25 110 22
292 346 3
499 366 21
7 578 55
253 539 6
570 480 39
509 361 38
256 391 17
77 382 24
301 101 57
359 38 54
70 118 14
292 283 62
337 429 24
562 178 57
203 328 3
203 39 3
526 89 46
592 357 43
327 525 15
221 537 61
576 406 9
425 273 60
298 295 32
118 399 62
564 131 26
80 280 12
416 32 31
398 417 68
286 82 37
343 326 21
450 180 15
373 577 25
559 30 44
509 536 39
592 19 17
591 363 26
481 97 35
346 55 34
493 335 32
76 341 26
203 434 13
240 305 18
295 315 24
261 33 17
274 305 53
272 53 38
513 474 13
498 369 55
480 395 1
319 189 3
256 285 59
242 476 2
142 245 59
496 242 57
255 493 49
159 37 42
85 304 13
125 301 34
22 542 56
369 395 57
434 84 44
464 36 1
255 112 15
118 311 20
550 579 64
388 261 11
367 186 56
84 203 48
463 193 3
425 367 30
439 95 65
169 6 46
80 511 39
240 155 9
56 332 20
444 20 11
424 468 68
275 498 3
10 30 3
288 163 18
409 156 65
225 592 36
566 480 34
373 77 20
110 590 48
451 577 67
151 403 23
295 6 32
122 279 36
264 119 5
144 101 2
208 43 42
356 136 29
341 145 30
214 563 66
544 180 35
281 454 61
333 357 59
139 231 21
524 529 2
513 182 19
375 440 61
285 30 16
47 353 13
467 26 12
481 17 47
361 250 34
439 488 22
67 230 23
44 406 35
65 269 24
522 551 58
119 30 16
160 39 41
99 45 10
585 481 34
82 72 2
12 424 28
155 534 19
58 392 64
307 193 17
196 119 19
132 428 8
367 5 56
336 591 65
77 467 12
18 215 42
234 281 28
244 158 3
355 509 30
380 204 28
198 61 16
130 17 30
357 466 61
240 64 56
349 74 5
361 536 47
397 179 57
529 351 53
192 97 66
111 249 42
583 409 46
542 553 20
434 480 48
482 487 49
571 497 46
422 418 66
458 559 44
551 465 43
408 239 3
233 150 49
363 506 57
356 343 47
272 358 24
453 274 4
216 382 68
189 330 43
488 329 54
534 84 52
109 185 2
483 88 15
108 163 6
59 473 46
333 16 8
64 451 29
431 477 11
113 560 41
117 333 8
37 279 2
30 160 46
360 183 15
24 19 4
397 290 28
141 424 58
361 563 11
417 325 49
258 273 1
65 390 20
366 540 23
227 348 54
372 303 66
261 489 28
569 296 37
236 21 39
176 474 53
294 523 8
340 245 51
590 165 7
200 592 59
369 586 17
370 476 18
185 145 19
197 321 13
56 350 28
17 193 35
53 25 36
51 196 19
303 497 5
326 483 34
160 372 40
408 408 15
291 469 15
338 518 16
381 454 21
511 215 43
431 277 41
244 490 53
253 547 38
576 298 38
362 492 25
434 184 63
426 426 48
451 19 23
533 96 26
481 557 61
218 41 7
481 238 24
376 364 61
324 214 32
241 387 27
42 45 40
228 186 38
91 224 63
586 477 24
340 158 16
480 26 49
303 188 15
401 272 5
353 11 50
561 284 31
239 28 13
114 281 22
332 345 26
535 401 38
146 73 6
28 219 10
553 120 60
419 506 51
509 307 33
429 33 62
413 468 19
440 195 4
524 398 44
66 164 61
89 561 34
158 500 12
577 474 11
53 591 67
582 284 67
11 582 18
228 193 33
200 448 6
587 422 8
247 200 33
464 37 62
212 494 4
60 582 51
392 434 7
372 360 53
20 102 16
528 532 7
591 413 28
279 175 48
337 381 1
190 527 49
8 86 1
118 127 50
405 10 50
584 423 38
512 21 44
13 270 57
1 252 48
429 337 36
11 100 31
77 35 52
224 255 60
91 412 16
411 148 45
346 170 65
487 39 57
166 62 9
526 245 30
519 336 63
499 485 68
334 400 68
242 6 41
577 277 12
433 227 4
92 491 63
383 300 58
464 434 28
414 63 65
137 333 6
406 473 21
486 387 28
88 324 24
576 173 39
421 153 10
201 105 67
109 226 33
491 432 42
49 21 46
377 340 34
476 543 25
476 565 36
171 572 17
104 241 32
549 306 11
14 132 68
152 225 12
510 269 56
552 497 6
242 63 20
259 160 43
366 542 9
56 158 61
513 11 67
356 511 8
96 244 58
272 334 9
286 497 50
317 527 10
320 539 17
216 311 66
115 4 67
140 3 68
387 315 58
352 581 54
14 383 55
129 295 33
349 440 41
154 282 43
462 449 16
340 318 53
563 454 22
76 529 56
284 110 36
197 192 57
119 467 36
490 449 49
269 436 60
532 276 15
228 12 5
234 218 21
290 187 30
586 346 27
244 408 50
320 539 19
426 126 19
138 461 28
545 189 51
499 24 65
361 555 34
568 387 36
20 414 38
44 415 36
250 534 12
186 249 59
77 369 66
445 129 33
172 181 38
327 31 12
120 437 23
315 32 36
422 52 65
366 354 11
394 344 66
198 253 48
232 592 49
350 297 48
176 450 46
498 59 17
286 231 53
210 50 67
564 269 57
339 276 40
568 191 17
135 323 31
291 533 38
507 55 7
445 235 48
258 561 33
363 204 43
136 546 37
567 9 54
11 308 26
356 402 39
200 550 60
592 462 53
122 337 21
586 360 3
322 261 20
258 166 51
285 281 48
516 304 23
11 215 37
521 269 65
355 205 36
201 460 34
243 285 58
553 546 27
473 25 67
273 217 52
489 560 2
362 162 2
314 420 65
62 341 12
188 578 9
100 237 10
378 14 38
499 437 43
55 485 36
76 550 60
495 575 60
33 178 33
341 46 31
42 84 24
527 275 43
256 330 27
525 497 9
100 139 58
233 478 51
66 577 48
111 435 60
53 95 27
38 82 56
294 399 27
339 252 6
370 253 53
538 208 6
92 111 11
498 275 59
7 285 39
102 374 63
338 475 49
521 244 55
199 354 26
436 417 30
60 37 52
248 20 68
171 447 29
388 188 51
534 200 12
361 94 2
359 147 36
251 255 60
549 14 39
292 149 56
315 401 9
225 308 57
590 316 7
69 481 40
133 274 19
160 125 12
426 579 57
562 428 8
104 5 52
407 346 33
272 488 2
525 149 59
431 483 7
17 447 66
118 26 54
90 44 61
17 20 44
483 446 1
53 491 23
298 173 58
480 322 1
144 215 44
129 511 66
564 315 37
79 475 47
420 90 26
401 49 20
21 86 61
199 2 41
545 396 19
248 507 3
151 540 31
503 339 28
67 39 10
588 133 23
539 520 15
435 394 57
339 334 34
329 479 45
548 566 32
482 554 1
288 355 16
556 119 54
340 564 44
373 33 21
156 392 5
102 448 63
66 244 32
570 353 20
181 187 9
429 567 37
455 472 46
226 253 26
156 108 45
116 184 56
540 321 45
365 225 15
81 496 55
488 504 10
71 3 64
313 503 68
530 566 10
456 441 65
335 43 30
470 84 23
413 164 27
251 377 27
166 63 11
18 186 46
578 58 29
543 94 52
473 105 6
392 539 48
551 516 22
539 99 42
378 303 46
296 440 53
36 170 14
179 430 58
417 221 42
144 254 22
43 387 25
470 312 23
556 82 10
19 161 36
537 15 51
292 239 22
391 130 11
309 109 43
145 470 21
557 78 38
149 345 57
550 544 60
305 428 8
307 143 2
552 5 31
581 123 31
172 14 46
560 181 34
231 378 26
568 8 19
90 348 14
294 273 32
582 176 44
42 323 22
377 93 17
490 298 57
488 570 23
487 205 66
385 5 48
438 9 19
204 50 60
423 120 53
333 263 13
589 413 17
258 223 52
560 79 40
103 276 8
67 386 22
532 409 30
129 59 15
535 275 51
138 502 20
405 283 34
304 383 6
355 297 55
191 95 26
412 2 42
578 496 37
580 550 7
109 253 16
17 454 66
324 206 18
112 334 33
555 500 48
362 317 21
342 94 58
586 35 26
412 277 37
346 309 26
428 381 37
346 331 65
184 340 55
216 74 21
239 381 65
511 237 45
568 400 57
405 241 64
506 69 55
40 315 59
78 120 48
345 39 39
504 497 13
392 255 5
139 460 5
433 256 20
206 197 35
397 41 61
462 464 50
248 20 55
541 400 51
490 591 40
251 441 12
451 567 53
63 84 39
80 549 37
349 548 67
494 419 29
487 173 16
500 150 60
392 74 61
192 405 4
150 212 8
542 42 33
544 411 13
409 167 28
252 305 20
151 71 22
84 324 28
48 303 65
168 532 13
413 163 1
431 124 1
508 92 12
211 23 57
200 350 31
403 187 12
228 218 24
121 229 11
89 242 20
20 328 51
544 199 12
551 409 14
407 294 41
311 547 31
210 483 50
102 505 48
179 563 1
20 481 11
591 110 1
304 590 6
464 512 43
127 294 45
184 448 41
291 515 4
544 341 11
80 493 51
334 231 39
336 563 18
261 6 67
582 407 63
79 409 28
530 575 3
555 517 16
22 324 64
237 395 58
21 534 66
103 479 66
177 530 64
294 501 37
80 422 68
292 44 30
260 461 52
421 203 12
368 116 48
101 53 7
376 350 24
436 521 24
284 279 16
63 158 16
445 117 11
440 448 41
507 196 34
127 115 59
68 399 21
227 280 12
280 500 17
387 425 58
436 517 65
510 279 59
460 32 45
215 434 37
450 454 46
490 582 47
394 272 8
231 338 27
110 523 63
169 236 28
504 310 47
513 406 68
512 228 14
104 138 46
579 364 6
540 61 37
150 391 53
133 192 46
398 396 64
287 336 31
158 531 19
93 562 12
451 111 20
129 27 60
226 458 9
148 316 65
78 232 42
565 506 37
517 343 11
132 406 47
92 277 23
267 418 2
33 47 11
454 14 37
88 71 20
246 303 30
502 145 13
441 452 35
587 14 43
397 396 59
26 153 57
442 311 13
97 107 59
316 354 67
324 167 45
187 487 4
41 328 14
459 316 64
16 325 10
39 176 22
309 116 9
506 262 27
57 42 59
100 188 32
376 396 35
421 93 25
580 40 62
314 339 19
6 522 53
23 513 65
272 164 42
16 582 25
584 256 43
141 170 56
505 412 25
494 186 42
161 380 28
154 274 54
40 106 26
48 456 38
374 195 58
580 74 10
45 328 56
344 304 24
193 217 11
313 367 61
296 74 49
259 475 8
466 287 32
446 319 58
139 109 8
69 7 8
41 34 64
548 348 51
412 184 49
412 560 17
534 389 49
217 527 61
119 413 38
574 116 39
339 75 58
322 169 27
292 566 52
532 122 1
289 516 15
428 148 44
510 162 38
119 226 17
293 280 10
360 84 20
163 428 61
416 504 63
142 492 18
593 110 5
560 327 7
468 426 55
193 134 1
412 469 41
483 171 46
336 316 67
159 16 52
6 320 52
593 333 19
46 561 26
342 432 38
220 300 61
269 289 48
117 181 26
1 504 56
238 493 64
84 491 62
145 205 45
308 85 57
131 249 30
451 517 7
356 332 2
281 394 66
211 198 28
399 22 16
492 362 7
157 386 37
424 171 17
189 295 66
198 225 23
464 593 36
76 362 50
398 506 18
186 560 36
357 328 28
425 294 59
331 98 4
248 417 53
128 566 30
168 119 19
371 168 13
496 175 44
508 446 36
91 394 68
88 539 2
305 256 27
239 169 22
140 510 7
122 133 32
453 468 55
24 284 68
350 118 19
8 295 25
350 398 40
579 372 54
103 551 22
168 366 4
73 282 68
133 45 45
538 21 47
186 201 57
257 191 11
365 124 61
416 88 35
199 264 38
289 280 32
496 225 35
281 507 15
280 463 44
576 111 16
432 241 15
142 137 63
37 589 34
111 99 40
451 205 67
73 129 13
84 162 39
377 296 6
195 311 40
505 383 41
358 351 66
234 369 24
471 584 23
575 511 51
305 408 19
529 39 37
199 83 43
369 244 2
402 558 42
7 380 19
494 467 20
349 161 24
554 73 7
338 262 26
370 270 54
113 278 6
340 448 59
391 127 54
496 558 27
393 63 12
58 489 11
200 387 13
389 59 44
551 488 37
22 366 50
80 114 40
526 505 10
332 423 56
231 331 43
311 153 29
291 282 68
550 225 32
151 46 20
239 562 33
330 320 42
120 329 51
114 190 36
588 19 45
221 483 64
284 396 66
15 238 30
448 536 19
61 350 3
115 88 20
236 575 18
175 493 7
460 145 24
432 345 48
169 400 48
364 194 60
462 152 10
359 105 24
468 7 4
233 280 47
369 439 59
24 308 17
476 556 46
64 522 53
400 436 52
370 182 49
325 76 35
574 465 41
171 239 43
244 476 51
303 223 7
80 48 55
307 222 31
286 422 62
73 317 65
191 263 35
84 83 38
502 183 5
394 438 49
228 319 30
101 458 31
561 222 24
321 219 18
419 323 11
31 252 4
102 173 19
112 236 2
333 391 8
280 567 32
560 347 26
349 76 41
537 30 24
383 359 65
14 247 49
389 234 68
367 352 14
225 433 48
58 197 31
178 573 8
454 382 4
429 325 6
144 273 4
384 528 21
144 120 16
388 549 12
293 86 36
319 578 21
362 29 60
439 359 30
393 557 43
409 396 17
383 114 24
168 179 62
481 150 20
26 344 61
452 249 53
400 452 27
506 130 57
401 377 49
350 287 16
149 154 24
