527 2430 584 515
658860 223387 957971 564081 690199 276425 579708 305071 527890 796103 378998 486898 390626 999776 482806 204094 902960 988259 153043 727560 703732 109144 806840 93633 955548 252935 96878 599399 719794 608550 523728 485360 725507 552415 99997 817760 289434 379599 847418 178121 623627 940461 205691 114567 511917 625747 595800 273161 431663 516252 377823 341838 121247 614844 226374 789685 630108 457418 597403 275733 603611 928483 672395 517870 501141 464206 166014 471809 55681 208890 814340 639108 250312 331872 139111 593580 459921 157095 980121 252809 326602 308016 447064 93236 409189 939922 565650 554324 728160 276634 991505 494803 149276 413624 782913 9957 764639 826058 527554 169513 289509 115577 992031 36611 132395 920189 296837 751967 208306 475730 2905 112201 366221 314915 378497 149709 424074 700840 66692 14205 272682 534371 236403 402557 543609 304834 947719 474662 755733 689924 82092 904281 551406 949483 690530 58787 488427 450117 179717 873729 342510 387228 292673 232179 639900 179942 437913 969663 900571 284516 6573 189563 689113 690135 616664 482347 323858 777412 60039 105736 369660 171958 810466 317209 988411 291637 641909 273201 565441 269948 399564 500919 688233 467140 218039 682025 588303 123537 581157 533651 682322 798531 620826 216363 545169 907562 928840 237059 326273 325675 662904 10157 562289 916029 16626 465826 201154 907187 11117 288392 933071 901870 164822 401820 709833 478589 414526 217828 115687 274568 197446 726574 178457 630152 244531 149732 47532 979838 506192 678556 809893 528438 965868 28232 390096 861604 827835 384177 858953 936149 209474 744699 906357 845896 988644 641167 530042 22491 160151 489039 962128 744375 340220 892022 61718 526590 402600 994611 513294 880112 495230 283450 593092 417783 997530 26341 600916 502975 964354 812666 195221 153836 316026 652784 365032 577161 600800 369200 817317 529656 864860 107815 989844 78742 177280 188793 492510 395002 244115 14669 591787 378174 641091 784647 264068 402017 969338 194862 130931 958954 917896 29827 675468 123483 367384 160158 698399 302348 551366 521598 196029 135451 65040 893384 285416 838252 317881 33395 368332 137689 773510 436667 87733 361195 919143 535768 970581 193729 876867 89347 361612 832045 54242 18166 312771 33955 514252 845792 886768 250691 289031 595511 562171 288062 440327 103081 927166 618425 406207 31202 960985 595149 310472 557109 572824 481795 15611 57489 969664 162225 574666 341119 184717 408773 960088 919358 106169 791204 314438 351333 544633 459171 670199 88764 305180 755564 428698 357313 77601 71232 557686 775763 318888 454570 596566 105987 21021 834378 329491 926874 66862 223482 717715 953956 530351 534580 687677 798081 455598 950927 25203 764825 7897 703935 388505 366994 409032 538445 359973 824092 603165 938948 718214 258187 197589 849432 297140 327006 349998 314040 896984 761370 150553 804922 233040 672199 385483 67543 492241 296744 788267 126392 918760 890420 711418 641335 747306 304116 456496 912908 871406 106015 210015 978237 87976 608902 550301 595771 749401 84066 638395 327423 733566 306188 802678 869717 168438 38498 958207 852313 102522 909448 205434 265968 704805 62978 123403 269712 573675 185209 119751 3850 940919 405978 894835 213387 360171 963296 899171 120430 233385 550034 725018 314603 928044 719760 68992 739559 771591 921717 78350 837216 744213 605699 859530 830034 691283 503135 545305 493373 384715 631516 604245 599202 455314 240641 496751 648994 140714 566432 137817 165963 737556 784249 866637 100499 974707 37557 336408 574065 47495 900331 337546 257711 838042 260776 631087 842805 943806 97329 314697 933391 323281 759986 590767 852543 578476
184 400 52
527 471 30
445 162 63
45 465 31
427 45 26
7 412 5
118 392 46
324 465 46
497 232 70
2 33 46
235 69 49
253 526 114
499 408 70
214 225 34
159 187 34
312 266 74
347 117 39
163 33 98
99 426 102
266 455 21
133 463 16
275 70 59
378 178 66
94 200 45
302 217 50
190 4 72
191 216 47
20 245 75
103 362 38
165 91 109
327 185 50
175 429 73
355 195 40
400 259 96
516 313 38
16 312 83
467 302 20
301 328 80
30 9 102
200 490 17
46 182 113
93 106 114
264 438 85
408 400 78
371 291 90
389 10 46
114 453 73
44 113 113
70 145 62
303 162 30
524 70 55
161 200 105
515 257 41
425 331 104
480 88 49
107 145 101
342 62 94
124 113 25
393 57 101
78 169 59
282 462 69
92 107 77
434 172 113
89 104 62
16 131 63
320 202 3
519 446 111
217 366 16
138 144 9
36 490 91
270 255 111
227 4 57
217 158 95
490 326 46
42 270 76
267 379 26
458 79 1
377 421 36
201 477 6
185 250 42
447 101 101
206 481 84
348 355 58
453 78 110
22 298 114
38 26 63
509 473 105
247 478 112
106 304 101
209 467 51
481 473 102
221 80 89
270 399 51
372 348 80
366 243 80
450 279 83
46 153 9
232 322 64
37 325 55
347 258 50
176 457 68
283 97 74
22 388 94
17 450 3
488 329 40
511 368 26
348 358 71
271 305 36
183 28 22
512 494 38
394 237 70
507 342 27
363 184 41
182 5 65
159 89 15
441 339 63
3 189 98
200 85 50
370 490 73
329 203 14
72 412 24
459 167 104
304 229 100
187 215 80
49 180 73
208 348 96
153 450 63
352 8 51
49 409 85
454 152 77
41 421 75
296 285 30
430 20 116
489 491 74
260 506 43
413 409 33
322 46 81
378 67 109
470 128 11
174 415 57
71 9 110
357 484 73
492 360 6
338 509 94
405 172 48
268 213 87
457 144 113
382 24 51
184 515 22
153 197 22
69 430 74
425 170 3
8 45 114
514 23 91
401 270 102
285 363 38
328 339 92
243 329 81
357 373 96
276 290 54
316 72 16
506 309 70
340 125 84
60 501 12
363 27 17
35 385 14
242 328 2
453 247 71
290 494 75
463 325 63
74 150 75
321 180 22
47 391 83
154 366 61
195 21 25
336 235 91
256 245 100
207 509 63
211 42 27
340 5 102
268 220 76
23 387 104
6 298 16
349 51 70
52 391 88
291 496 44
399 22 42
513 102 38
3 496 41
420 65 62
465 351 14
72 299 14
120 9 15
23 403 15
18 445 69
447 311 17
435 19 9
5 413 68
251 18 65
95 209 26
170 16 93
523 361 61
328 455 1
443 435 86
101 427 26
150 215 87
238 180 51
255 42 13
81 338 31
402 491 109
88 211 94
240 93 59
283 54 5
435 203 52
17 138 86
22 138 114
436 142 112
197 360 31
15 267 51
197 274 81
107 491 67
311 215 34
303 362 15
285 151 89
399 486 101
248 367 86
75 177 1
120 451 101
30 53 106
113 282 14
507 143 113
413 210 67
456 301 34
195 272 116
359 114 100
483 334 12
53 181 115
305 522 76
349 32 94
183 42 56
440 46 115
366 101 8
493 470 77
491 157 26
498 332 36
524 343 52
421 261 39
354 213 64
509 368 102
383 35 88
486 137 110
314 403 55
315 452 71
228 213 11
114 76 105
8 477 11
514 309 103
319 293 45
186 94 89
199 336 40
129 126 35
506 477 103
471 312 84
321 63 10
451 315 69
300 495 50
515 118 57
513 159 64
154 115 13
45 163 56
150 408 75
246 435 52
226 397 91
102 525 71
312 437 111
282 35 34
373 438 11
149 100 23
351 302 67
176 258 28
487 342 66
83 133 38
523 257 11
240 262 103
211 22 109
42 300 41
84 124 23
200 111 68
149 195 92
149 113 36
212 363 107
460 125 41
65 202 6
512 327 93
210 11 94
272 522 96
378 345 1
373 455 56
123 289 80
481 313 99
368 146 79
194 477 23
458 491 99
404 137 116
519 197 36
101 436 91
320 409 26
86 340 43
13 249 89
417 300 8
229 402 56
228 77 86
315 20 10
486 456 74
30 62 102
246 172 93
426 301 33
318 513 109
334 129 55
160 85 26
201 491 106
260 469 20
18 460 79
234 375 19
431 492 9
105 334 23
55 265 103
229 493 93
494 151 21
249 488 71
446 424 101
180 417 102
46 456 25
203 15 38
367 323 84
278 414 7
502 276 39
36 55 63
375 403 75
23 167 53
354 435 44
194 500 53
424 205 77
92 135 49
395 202 58
342 30 55
447 342 86
290 23 98
373 256 87
446 470 72
21 261 106
426 388 65
348 305 110
508 300 112
331 472 92
504 210 90
60 133 6
32 225 104
435 237 66
237 270 82
72 347 101
105 482 41
499 423 38
487 174 23
390 248 66
486 494 21
162 40 108
21 395 36
312 29 8
184 157 49
461 92 86
237 401 3
409 226 92
481 480 22
443 153 104
430 347 52
445 40 73
117 481 71
11 233 26
518 285 11
384 306 75
94 362 111
10 98 22
494 178 62
237 294 52
493 444 27
421 417 110
429 114 39
203 242 78
121 375 13
289 372 1
151 71 99
21 216 61
504 60 26
432 516 58
136 199 49
145 499 78
452 318 28
486 438 80
166 515 91
292 268 26
424 343 71
504 371 84
403 172 31
103 350 50
78 262 107
339 34 49
379 506 102
227 490 88
344 482 89
157 122 38
471 145 38
120 46 4
166 225 34
203 390 32
407 355 28
442 14 68
524 211 58
485 173 2
373 158 112
416 355 36
180 478 7
68 255 101
372 447 34
260 399 10
72 280 5
462 41 91
320 391 85
219 147 114
238 385 42
27 196 52
429 272 50
389 512 29
141 272 39
466 446 52
211 423 97
45 153 61
4 447 19
507 337 8
297 94 66
123 330 98
409 406 9
32 257 81
444 203 67
504 335 1
341 55 72
218 199 8
66 89 37
68 110 43
191 39 85
317 481 56
200 429 104
73 342 72
46 434 21
190 121 65
196 498 116
15 446 116
160 27 38
317 459 100
72 48 16
283 218 78
486 218 58
24 441 58
261 311 24
505 109 35
491 483 44
41 316 64
506 110 51
174 350 86
200 305 19
2 400 40
417 447 77
49 307 110
259 28 35
211 488 85
451 255 50
123 342 66
346 465 1
286 452 49
457 28 74
206 177 25
46 115 115
33 331 44
207 362 54
54 192 38
468 152 87
328 299 79
468 294 99
306 502 87
335 445 95
462 471 53
53 133 51
171 203 40
450 419 52
71 129 42
507 236 100
192 205 54
159 7 58
355 152 98
505 296 21
31 8 31
502 52 11
143 427 20
476 383 89
304 366 92
346 273 100
417 164 87
483 278 26
211 269 45
311 195 43
200 463 30
444 331 41
498 69 41
181 434 37
457 379 68
118 195 30
127 144 41
264 286 88
12 125 106
429 494 99
58 483 106
257 450 111
23 35 68
525 172 27
357 266 94
165 61 87
223 341 9
10 353 82
308 198 106
307 523 77
278 14 38
93 89 75
461 188 95
162 128 25
155 379 112
95 472 103
189 389 80
139 175 84
151 507 50
230 74 96
362 201 89
367 265 20
220 239 5
112 73 85
481 459 86
423 310 73
388 60 57
78 185 43
196 97 66
508 37 22
483 450 101
244 246 9
355 481 45
143 99 27
211 88 90
24 190 12
15 429 84
365 510 85
320 481 50
356 410 115
442 424 72
451 116 84
357 61 109
240 2 6
184 26 45
505 394 26
286 397 94
428 179 31
340 88 78
68 173 39
431 335 79
520 351 67
335 112 101
516 115 45
393 161 58
180 420 55
259 428 85
407 308 111
375 502 44
449 387 55
500 311 95
82 27 112
227 217 48
147 262 80
426 474 3
384 459 21
6 178 105
339 113 71
110 429 89
435 137 90
128 10 1
232 463 11
96 492 54
110 274 57
107 201 16
7 522 14
36 372 50
18 159 56
370 217 71
144 185 56
351 389 32
141 138 62
141 84 10
404 291 75
25 275 26
501 433 42
284 112 11
223 270 68
422 129 98
380 46 14
418 321 31
54 199 116
149 9 47
257 454 43
372 509 85
257 120 81
423 468 58
347 507 70
21 32 71
45 237 72
386 366 25
227 508 30
227 408 26
311 511 100
215 390 110
527 241 105
246 299 33
385 522 103
316 488 2
492 471 66
16 497 115
363 511 62
136 145 56
511 427 1
184 485 107
440 247 71
391 137 95
466 162 21
354 117 92
345 330 62
254 305 25
400 398 14
371 474 70
458 100 109
236 129 48
280 292 49
330 61 90
450 357 113
50 348 106
95 29 17
319 362 74
161 158 16
479 80 20
211 142 62
462 489 42
436 29 19
513 342 103
492 444 115
370 461 106
382 210 115
395 285 80
271 281 34
218 188 94
233 77 69
467 361 82
161 452 61
160 40 98
511 373 40
346 192 55
60 166 75
156 426 48
422 398 46
364 422 39
266 370 17
254 245 59
296 60 78
476 356 64
518 450 37
149 161 22
437 453 101
176 187 73
291 5 91
248 480 57
166 110 24
164 58 105
447 440 75
22 80 91
253 280 4
489 175 4
420 159 99
36 451 114
412 354 111
106 76 56
364 122 43
516 69 12
464 57 70
118 385 66
489 332 96
122 503 109
311 305 59
7 17 83
159 276 104
284 293 21
426 167 93
160 376 79
132 351 81
378 50 34
243 162 83
342 147 22
450 65 23
334 159 43
225 350 79
395 334 37
83 351 13
27 302 100
317 150 76
93 461 31
227 37 89
484 370 74
166 466 34
440 178 98
33 262 6
443 337 69
131 38 85
5 467 94
391 379 74
112 272 98
333 264 31
365 324 62
302 171 20
3 131 55
512 388 71
386 220 74
241 16 70
205 505 79
490 413 24
474 130 20
490 254 1
337 331 70
419 291 13
200 78 93
452 18 51
307 138 33
310 467 111
522 13 25
157 506 46
67 203 35
108 2 104
377 476 13
311 113 94
523 124 28
38 320 42
8 88 80
289 48 57
435 458 49
22 365 105
332 115 11
423 408 49
71 436 75
398 389 42
114 290 40
14 334 1
172 219 61
125 16 104
146 371 57
273 266 116
36 411 18
408 88 91
261 42 43
242 151 31
394 225 68
516 213 10
119 75 32
408 224 91
309 118 55
125 237 46
165 220 36
172 72 18
284 4 100
434 439 15
483 486 92
97 470 25
259 224 26
261 116 34
132 41 8
178 197 24
491 236 35
72 446 36
395 207 75
111 218 14
279 356 90
490 92 62
341 475 59
425 47 67
420 263 19
232 501 91
225 268 52
127 472 40
288 51 81
175 108 23
43 491 50
132 277 103
327 116 103
88 321 20
271 359 95
352 16 82
102 123 92
476 284 81
3 414 88
231 383 17
24 499 5
6 299 84
350 308 8
474 386 55
380 485 88
106 15 11
289 440 42
432 334 48
471 93 109
492 503 18
461 317 93
444 505 6
258 2 59
148 69 69
503 138 22
35 57 85
226 368 60
358 298 24
189 154 91
218 424 65
213 445 57
286 115 100
345 254 58
167 419 106
59 387 17
170 506 84
134 84 30
52 39 109
230 300 80
171 421 115
514 183 90
223 76 79
212 146 78
464 14 114
514 287 96
426 357 39
414 146 30
295 44 31
514 244 5
521 159 64
407 266 1
4 74 33
214 32 104
321 453 55
436 288 64
295 357 60
251 505 92
506 22 104
329 269 100
287 290 82
404 301 13
228 324 94
258 248 108
152 36 46
87 346 54
288 500 28
490 53 52
505 65 77
130 447 75
23 481 59
375 187 85
285 168 49
164 316 70
26 153 54
73 161 80
241 452 36
28 408 21
25 167 95
345 292 17
41 302 116
520 470 29
264 30 103
69 8 107
36 13 87
192 16 57
299 151 59
377 78 70
98 81 74
418 265 86
419 343 79
135 322 67
268 526 83
148 338 31
135 509 90
371 287 68
204 409 11
516 278 47
200 278 102
176 285 39
291 289 28
440 378 41
216 58 45
288 362 21
61 352 83
146 149 12
227 283 54
508 302 61
212 259 1
132 92 68
490 421 47
464 312 32
269 267 58
84 506 15
500 395 1
325 30 74
241 134 90
516 323 51
330 512 60
405 430 76
517 141 17
177 122 52
502 37 110
207 472 20
21 191 75
9 464 32
403 331 111
284 522 29
261 211 6
318 32 43
510 8 63
62 71 40
227 163 107
478 233 76
446 495 13
210 198 13
77 276 17
217 180 5
367 439 32
391 293 57
307 419 98
289 92 79
247 280 43
430 417 50
249 514 93
279 452 15
392 203 39
464 480 101
343 199 116
327 455 28
246 306 16
476 391 50
256 223 38
447 186 54
502 75 53
338 2 58
16 251 21
268 336 2
216 207 96
424 293 40
286 204 48
198 518 41
189 244 55
161 474 46
238 204 53
236 403 56
375 406 47
335 28 55
189 391 53
483 504 115
402 331 116
57 518 95
108 267 22
108 353 57
90 510 60
266 7 55
494 433 73
243 142 66
283 279 10
47 141 47
291 526 98
205 261 37
443 31 33
44 219 60
215 511 14
228 455 87
481 10 19
20 509 62
145 130 115
269 512 59
199 157 61
142 168 38
386 54 87
452 520 58
23 329 38
469 19 18
185 405 99
224 199 16
162 291 36
149 311 70
51 282 34
230 476 3
360 303 74
7 288 65
150 520 50
419 54 34
65 494 90
315 434 33
299 452 46
392 327 51
35 8 31
149 54 81
40 288 5
172 343 13
334 410 63
158 291 53
382 372 87
510 97 99
321 202 28
180 357 53
59 64 112
280 284 96
304 288 35
203 206 30
204 468 27
73 433 30
172 54 109
246 207 57
88 116 79
394 84 45
281 163 29
185 170 112
416 244 11
193 187 83
498 310 63
74 157 109
202 76 94
94 31 44
118 466 61
350 7 91
150 49 66
476 268 73
134 358 6
19 263 94
54 303 79
135 412 39
408 186 78
30 228 66
403 308 110
294 222 97
420 177 109
385 162 2
386 298 26
501 354 35
440 321 60
67 71 93
358 522 38
288 444 7
380 498 12
195 455 53
137 79 74
164 68 50
73 161 110
161 443 59
187 389 104
399 503 60
63 71 96
111 345 91
408 132 40
41 329 96
273 88 90
519 518 116
187 225 111
271 39 57
44 65 43
365 443 10
206 324 92
80 514 81
356 247 78
377 73 44
39 158 24
262 437 66
36 279 80
433 500 20
364 482 85
525 144 69
478 119 54
490 333 101
369 306 42
462 196 96
521 215 99
21 362 20
185 27 41
298 246 89
200 323 4
158 488 34
400 189 105
91 459 17
35 198 81
254 273 10
15 74 99
66 436 83
315 75 51
123 1 4
384 24 83
272 396 46
81 298 32
503 222 61
340 355 26
13 65 12
524 402 2
88 487 99
160 176 21
479 210 88
178 293 90
310 31 69
421 259 101
426 266 24
177 34 93
7 19 69
475 56 10
42 337 109
318 527 16
430 368 62
131 309 14
486 43 108
30 437 112
309 374 48
472 65 52
108 526 11
262 115 63
510 177 103
211 423 115
220 36 54
391 232 45
328 69 18
359 432 98
292 222 83
112 388 50
1 178 44
297 231 68
327 283 43
416 298 48
22 434 54
267 496 2
122 32 77
375 385 24
314 504 115
117 103 86
64 199 92
224 177 86
170 36 84
233 25 17
264 374 57
397 36 29
507 256 109
60 120 100
439 401 111
274 385 52
421 421 53
253 5 95
67 98 82
379 282 5
466 98 89
259 413 101
314 404 90
415 61 6
166 110 84
21 431 63
292 418 97
432 280 107
425 127 79
158 370 57
323 156 91
221 328 8
38 120 1
174 81 3
333 266 26
11 143 13
151 150 93
46 71 95
232 217 44
171 3 110
352 34 1
274 3 99
41 458 53
314 109 110
388 265 28
201 430 96
39 354 17
73 119 27
480 474 100
147 131 19
186 237 108
372 442 3
190 99 71
495 481 30
189 217 26
97 393 116
203 429 57
469 471 109
429 147 110
170 177 51
25 246 76
507 94 59
22 444 63
392 391 114
416 462 7
414 324 38
486 482 8
77 338 71
368 35 10
387 126 22
416 44 39
481 40 57
75 89 75
257 8 106
7 239 68
427 370 93
170 330 25
133 352 51
331 65 43
261 312 91
185 504 71
45 466 112
461 79 96
366 169 88
379 311 70
348 324 37
450 381 60
371 286 94
490 417 96
388 223 53
98 261 61
113 265 103
339 178 114
372 190 34
95 475 92
182 255 61
227 172 53
343 432 111
220 432 53
75 117 74
345 71 89
161 188 10
24 305 55
203 132 97
473 142 47
81 523 79
179 318 91
441 304 1
194 256 74
380 30 47
2 489 21
284 176 25
428 272 61
61 372 79
230 374 74
135 124 73
12 114 116
415 378 52
303 136 33
97 332 99
503 391 31
185 69 43
20 24 46
409 359 101
102 456 21
21 254 62
276 262 82
133 135 114
188 284 80
43 399 80
64 517 92
233 526 87
210 114 19
141 300 1
369 301 43
151 469 73
269 20 21
11 319 85
250 403 91
136 221 13
264 450 33
138 151 96
513 337 67
100 227 36
301 199 88
404 237 18
62 6 18
90 286 83
247 285 17
485 167 63
266 370 102
313 329 72
16 452 43
7 182 20
457 219 68
230 242 11
370 188 62
25 19 76
490 94 50
309 114 23
99 455 59
238 129 116
326 51 78
304 144 43
186 20 94
175 212 27
71 419 46
328 498 107
138 327 61
307 313 116
186 420 19
169 434 23
114 410 17
334 190 113
69 207 15
326 391 70
321 523 60
229 86 71
264 413 65
75 448 95
176 188 11
220 287 17
310 5 78
132 355 88
269 281 108
50 174 38
105 252 50
34 253 87
273 510 28
285 305 65
349 105 12
482 159 115
472 300 39
48 374 19
36 509 94
423 362 47
318 289 101
185 463 52
8 443 4
495 407 62
312 85 68
66 375 33
318 495 37
505 69 51
357 111 88
198 175 20
147 140 76
60 86 35
503 441 99
436 77 45
260 161 82
139 155 95
182 181 5
470 311 46
286 272 43
401 352 50
153 50 53
324 473 55
326 390 116
386 54 20
170 129 72
147 495 18
162 94 33
95 221 56
45 211 9
89 75 85
358 27 102
65 407 12
289 250 35
445 229 15
2 60 108
71 325 28
498 523 115
333 195 48
180 98 63
20 119 93
307 207 62
363 339 39
330 441 4
367 187 66
138 484 27
416 463 75
60 501 26
80 275 94
69 508 95
486 303 48
374 260 112
505 452 39
438 414 88
360 326 96
95 187 35
465 120 61
338 423 61
286 59 57
158 212 49
182 44 3
467 419 66
154 383 89
268 375 7
341 336 83
110 180 4
378 351 58
178 131 65
128 235 48
438 409 15
125 279 114
212 159 10
104 475 91
126 203 23
62 320 3
321 493 111
252 99 66
333 26 31
358 495 28
63 64 38
209 81 32
202 331 112
366 108 4
215 79 29
217 254 82
49 496 6
350 156 57
167 275 41
105 56 47
522 326 104
361 65 23
386 400 10
501 90 37
182 169 85
423 351 93
292 426 30
54 418 16
197 184 80
514 193 23
335 329 108
422 481 46
474 437 5
300 448 90
156 328 70
446 4 38
406 402 34
496 498 2
486 213 2
294 36 58
107 483 89
418 306 12
382 118 53
112 480 114
332 442 59
156 67 38
256 369 10
364 99 98
291 207 25
155 152 12
445 85 4
366 332 83
122 280 8
249 492 96
512 417 33
248 420 81
163 264 24
460 12 62
80 519 116
58 488 10
275 16 86
190 433 38
249 337 34
174 177 75
209 275 108
13 145 99
487 212 46
329 244 10
519 221 93
516 413 79
449 325 14
458 92 103
60 136 81
154 137 79
442 214 90
127 125 14
101 377 97
255 253 69
28 248 84
297 331 40
502 83 68
91 388 78
202 48 37
104 246 7
2 195 22
450 65 75
336 272 57
76 56 76
183 362 26
322 153 71
415 324 91
66 518 83
417 507 65
74 368 22
181 425 58
52 61 32
257 229 9
52 350 22
167 276 7
169 234 20
292 357 83
436 179 77
205 7 58
261 371 98
58 487 54
264 214 24
121 257 46
197 443 22
460 364 97
323 80 63
13 521 107
468 284 99
48 241 79
178 385 52
85 473 65
221 233 88
459 280 34
423 198 28
170 49 80
62 218 8
208 206 1
473 466 105
121 271 39
440 28 69
438 185 91
378 151 13
138 476 36
43 432 97
125 160 10
180 120 76
66 394 27
506 181 41
300 120 62
311 302 8
317 431 10
424 21 47
99 426 12
244 160 116
207 377 55
238 231 31
220 396 81
328 469 20
448 527 92
372 477 98
63 195 65
196 477 47
388 147 13
153 106 102
470 283 6
409 287 24
290 89 41
261 17 16
119 365 74
441 22 104
365 318 61
483 282 102
12 337 1
101 432 73
338 127 97
65 412 27
261 177 99
57 32 17
328 441 52
112 129 55
181 259 77
122 261 87
429 140 100
78 174 116
92 282 29
379 527 71
266 318 64
454 247 11
114 59 40
104 300 50
13 279 39
294 256 7
203 34 12
97 519 102
113 384 57
61 514 88
439 395 73
194 35 58
302 464 112
108 302 5
219 186 5
205 419 88
255 163 16
407 127 90
188 224 109
44 210 98
70 411 50
417 366 63
20 328 72
489 387 87
77 191 14
17 244 116
401 329 53
261 257 9
299 91 72
63 175 88
256 379 86
144 111 94
415 104 101
466 323 12
194 7 49
291 146 67
484 161 115
76 462 7
234 38 95
412 384 37
308 262 23
520 34 23
492 385 79
136 349 77
501 167 95
280 512 1
483 45 68
189 384 55
29 406 106
42 324 80
468 348 76
378 115 108
415 119 48
5 15 52
274 293 61
370 435 20
496 418 90
519 497 86
307 37 39
524 428 47
306 65 48
330 480 88
219 430 62
229 342 70
39 123 3
344 451 24
223 432 22
324 49 86
216 42 62
212 514 55
197 235 107
483 514 83
203 141 77
76 162 46
107 153 42
94 351 100
426 88 50
341 29 109
31 320 44
386 176 94
490 151 35
499 246 16
516 405 20
59 348 4
154 270 105
356 199 97
56 284 75
265 327 2
246 240 95
176 502 86
148 308 1
41 210 32
172 19 86
95 270 19
477 502 80
24 347 78
168 158 46
92 425 103
507 445 16
428 258 115
514 484 82
445 211 102
308 332 50
339 456 1
410 406 79
526 267 75
33 301 72
19 407 73
154 132 37
315 72 73
247 182 49
52 255 22
277 189 11
358 210 69
227 502 80
163 480 24
67 242 52
365 185 84
14 40 94
307 31 29
362 470 42
481 35 63
472 60 1
156 23 37
457 203 55
472 459 108
117 67 60
475 261 51
199 229 55
9 193 56
76 449 53
34 425 31
523 223 85
187 247 38
461 416 75
457 302 68
147 105 84
210 426 39
103 184 42
159 354 64
96 502 75
461 376 92
132 190 60
443 292 16
379 19 106
192 280 10
320 254 8
38 354 15
465 442 75
432 32 100
383 372 92
508 506 8
264 379 7
71 477 89
512 485 107
392 24 24
486 59 49
186 180 19
228 486 19
127 262 95
480 78 62
13 8 54
518 17 36
39 371 107
361 369 51
494 209 40
263 521 3
72 311 35
150 155 103
136 14 26
64 471 13
23 69 26
337 507 116
353 96 45
72 470 51
159 248 97
329 328 32
316 45 47
521 86 58
256 373 67
314 128 5
491 86 60
147 395 6
356 4 75
159 378 11
51 93 67
229 108 19
222 100 115
352 391 52
6 460 50
270 463 19
239 50 100
239 234 77
239 177 57
23 465 75
328 314 6
267 329 75
73 151 11
258 134 6
161 440 4
48 7 62
126 189 88
8 71 7
208 453 90
378 432 54
216 462 114
407 149 96
89 177 80
482 472 98
389 465 78
419 169 23
362 27 71
515 434 72
15 196 75
349 405 106
43 258 19
277 167 93
183 496 21
153 390 54
373 120 3
25 470 112
477 224 31
483 514 106
427 334 90
250 148 54
437 64 79
331 95 72
241 93 12
312 286 55
461 324 9
175 399 26
373 230 30
511 277 1
446 451 41
1 438 116
213 376 77
428 49 113
107 490 65
142 406 20
492 358 67
415 106 98
108 333 41
522 103 107
173 446 11
256 170 107
229 149 39
505 514 108
259 373 53
270 314 7
524 247 95
98 141 91
113 154 86
229 413 64
318 362 33
25 239 6
18 400 16
18 24 114
102 283 113
248 132 49
303 87 30
400 494 106
427 367 25
329 479 80
221 279 66
489 176 35
87 403 62
350 365 69
414 304 16
252 273 25
192 53 112
120 57 26
523 519 44
489 113 100
178 338 56
2 188 88
350 380 95
308 274 56
201 41 96
164 81 115
385 413 84
434 520 101
483 343 107
522 153 93
316 313 46
22 508 3
463 498 96
359 23 87
520 391 73
375 433 102
190 405 9
444 510 70
287 142 42
502 407 114
428 412 30
525 366 115
520 442 31
510 339 38
327 382 87
260 368 37
405 196 67
194 192 76
399 309 102
170 361 42
184 402 44
167 67 1
213 497 45
57 231 40
97 361 52
518 68 56
290 121 40
345 223 112
343 223 49
457 194 102
349 2 9
155 468 45
261 223 74
381 513 27
488 240 55
165 145 106
9 355 18
225 235 19
391 483 92
345 451 3
236 391 29
212 376 96
8 497 11
313 467 116
120 391 87
89 17 82
219 493 102
415 97 73
115 494 31
243 41 103
519 394 19
92 472 23
187 49 28
405 52 6
201 393 38
144 383 41
7 272 60
331 522 78
140 335 91
396 59 62
466 410 102
45 412 26
474 453 17
207 357 54
76 61 12
46 152 93
346 299 56
409 294 51
413 366 20
192 12 67
390 386 14
397 218 49
378 360 89
327 148 33
36 37 85
101 368 77
518 369 62
122 115 48
167 509 113
153 59 107
342 150 54
110 401 65
89 428 42
121 363 82
226 233 38
429 382 24
117 466 17
67 408 69
74 156 18
274 214 15
83 111 45
411 312 74
459 132 92
208 379 107
304 412 35
124 59 3
160 203 9
420 327 55
304 449 56
2 261 59
333 473 14
290 498 52
429 130 104
305 236 6
241 234 107
369 167 26
230 239 106
118 511 40
233 469 59
489 485 110
83 236 105
348 485 6
208 382 22
507 121 73
101 508 49
213 207 111
102 193 40
512 172 63
405 515 67
396 354 59
17 3 47
131 334 100
68 190 28
158 345 86
340 382 69
266 137 51
71 405 37
521 200 44
216 7 44
29 429 11
245 311 24
339 504 18
246 86 105
156 39 106
371 339 115
247 370 2
228 314 25
81 29 22
179 419 26
440 125 96
114 135 16
383 190 23
63 52 59
510 505 78
44 138 114
154 207 11
25 379 77
458 73 102
387 360 77
3 425 56
22 17 102
418 142 106
54 197 51
198 152 112
461 178 70
320 323 5
44 172 60
141 436 48
183 112 64
57 231 116
262 23 82
425 403 23
157 50 31
302 392 76
99 278 112
480 298 81
351 490 35
369 425 21
403 313 8
9 390 68
471 312 37
314 438 32
175 506 105
495 184 88
384 381 5
387 449 90
233 46 17
124 345 72
126 148 59
437 479 111
48 279 71
370 402 45
103 314 17
59 203 16
228 100 8
395 487 5
301 356 111
360 383 70
250 132 15
453 167 17
473 440 68
261 101 109
39 143 84
169 354 60
400 404 100
252 276 58
62 89 15
266 521 77
456 15 92
300 474 52
372 352 77
234 240 66
110 440 96
63 421 13
219 466 61
244 234 72
500 49 62
388 471 78
175 311 78
401 434 44
117 72 71
6 209 13
385 185 32
486 109 92
260 35 103
102 192 105
264 316 71
123 276 34
229 124 106
54 104 97
229 39 81
471 201 60
106 249 65
116 380 59
328 138 9
83 295 54
244 23 45
306 186 84
524 204 69
437 60 82
390 251 28
150 349 79
440 47 88
332 336 68
162 464 110
358 280 34
444 229 7
390 194 10
89 221 112
450 326 11
497 284 56
81 473 14
455 345 106
353 369 14
523 100 104
191 142 37
257 418 46
96 43 97
5 54 27
352 157 35
449 374 116
370 479 12
58 163 108
496 335 85
134 92 48
227 129 91
223 329 75
436 252 17
218 70 7
427 377 75
169 421 96
367 430 98
171 80 98
338 121 48
435 113 55
422 55 93
488 199 88
366 101 80
487 195 52
37 139 12
91 266 32
206 412 47
514 57 12
76 287 95
336 507 64
137 294 70
467 91 57
87 205 62
276 371 111
83 172 104
482 484 34
371 64 104
492 487 37
163 526 80
58 54 8
216 333 108
196 144 33
364 393 82
83 382 38
104 247 104
233 382 101
51 378 76
477 437 25
485 434 45
147 97 71
119 37 28
380 253 18
371 54 30
96 363 107
12 108 49
330 47 56
486 126 45
90 458 90
90 315 61
85 439 92
275 457 107
9 517 110
382 527 64
527 319 23
267 119 27
315 453 62
306 302 6
359 512 58
511 25 57
60 493 85
299 459 14
100 267 26
154 23 26
15 339 48
465 365 32
369 55 27
465 526 20
474 249 104
181 46 44
28 349 52
421 192 31
310 201 39
342 133 55
293 459 76
154 40 49
367 199 21
105 521 11
277 332 45
14 205 25
434 485 50
380 370 113
493 96 72
429 379 40
231 462 100
354 415 116
286 67 90
108 122 101
34 42 103
293 114 12
171 94 35
257 256 35
447 101 50
17 333 80
379 112 10
473 53 56
283 316 55
30 366 7
508 500 20
98 425 9
84 212 84
356 26 3
466 396 66
56 31 66
515 381 48
91 344 61
470 23 49
60 501 44
398 166 56
94 60 40
116 178 45
32 411 39
170 10 30
336 273 57
162 189 76
325 366 81
507 333 40
306 243 73
305 20 34
113 279 100
247 394 58
428 337 31
377 297 38
18 51 95
304 8 42
107 276 45
191 332 91
136 446 114
87 335 17
435 224 104
459 490 41
31 232 21
394 513 59
85 297 90
243 76 86
281 362 9
370 47 79
271 107 83
137 2 12
299 109 16
234 414 31
357 451 18
481 322 90
73 208 113
299 511 67
372 492 74
9 221 88
118 269 77
439 307 108
421 351 97
368 409 17
264 498 83
103 375 53
134 136 97
488 443 28
133 182 58
503 483 22
149 396 68
51 40 8
352 407 16
150 395 7
345 363 116
258 325 25
456 131 47
337 467 67
304 121 101
154 362 47
399 194 60
355 462 80
397 258 72
342 479 41
177 64 25
20 444 2
45 507 15
249 74 97
297 363 113
238 300 29
232 485 37
200 102 89
184 383 111
363 508 26
355 262 115
217 287 66
443 330 104
393 325 47
11 449 46
361 517 105
163 19 13
135 297 26
400 471 59
305 71 39
369 330 72
207 385 98
125 395 47
430 217 29
524 469 93
385 505 15
92 387 83
248 470 69
78 56 73
216 233 7
460 433 22
70 94 81
6 135 75
336 95 19
108 199 76
152 211 78
12 234 102
21 78 18
301 442 59
59 391 112
283 234 52
258 273 112
25 325 44
488 388 28
369 153 32
273 475 31
453 441 83
513 501 17
73 511 74
167 211 97
499 375 111
177 117 72
42 267 114
329 482 116
271 146 39
325 435 98
431 384 77
521 312 101
313 28 99
300 443 101
296 416 71
74 23 113
171 408 98
328 270 40
47 246 110
291 320 78
521 406 85
513 210 31
455 461 43
422 25 15
447 181 90
387 121 68
285 24 4
161 520 25
458 498 77
353 335 31
25 497 73
258 480 44
154 41 96
58 370 116
302 450 95
10 296 61
286 128 62
472 206 67
340 90 94
170 136 8
75 398 44
388 521 105
138 273 92
167 285 59
207 436 89
60 192 21
369 294 44
222 84 39
16 71 62
366 450 24
325 168 9
415 195 20
366 494 41
438 227 57
222 216 80
239 137 73
256 84 10
165 245 116
220 371 64
235 84 75
367 205 84
39 474 60
367 258 114
244 120 10
341 482 48
376 166 70
522 87 13
55 299 60
510 29 99
226 497 46
174 205 32
423 6 82
218 309 86
203 27 82
265 432 63
18 122 28
134 335 113
82 277 50
256 445 111
176 272 12
343 10 41
294 176 79
355 211 100
196 400 67
163 63 47
184 19 69
455 262 90
69 66 30
128 228 73
230 512 38
226 269 56
501 98 47
129 517 110
348 233 18
505 352 87
9 120 7
183 53 101
306 399 76
14 70 102
18 295 90
