715 7332 66 173
380931 960796 920652 124336 891728 690549 907884 902995 686043 668700 772553 205804 322663 323785 523194 842009 244994 459235 457232 808577 897363 404200 308921 428887 958465 627663 771730 479742 640458 984574 568979 458790 372580 344710 475612 961437 316728 6769 623148 256863 242902 520874 199173 919402 500026 355369 480414 87278 262291 553919 723018 655477 288874 491972 903156 792511 149087 448172 411715 85053 25189 857280 306151 12263 504658 480812 703698 456609 414960 929164 472789 239596 878373 460280 934932 830006 828345 623425 405242 890632 925645 503081 211855 66504 3181 895725 655820 903997 467503 954335 194257 599905 313627 820419 72212 664209 116735 46822 656040 839549 417773 534975 135504 882008 378341 752173 208938 410350 286227 383441 176823 802917 430951 111929 821158 216249 741007 382273 690130 224570 823349 535866 83244 284338 571484 996107 999276 635010 90615 344423 996542 599714 951501 41342 286049 758739 172424 603591 767384 29709 716121 823624 375769 838304 266463 780816 117683 49424 152512 37281 148596 996751 553952 150792 45593 839163 571373 700985 587856 254033 17536 583542 482902 351979 516834 734676 559768 669885 381475 313263 309028 891969 603632 116254 241222 583169 847081 688344 350352 722684 830813 304076 384449 729384 185059 67009 310496 208233 372829 237810 84359 535575 698980 879348 677230 373425 641506 419785 903702 472908 697104 423036 622283 829863 756875 944355 300794 449359 875611 959218 788311 338410 556398 394008 239734 638087 445330 440797 126829 701032 349784 11766 735055 59249 879975 1777 648163 155902 485555 929102 80409 403813 536139 55781 140514 824029 637854 241717 171209 628966 634115 209669 803830 515959 237144 736469 841674 149514 2360 62916 490682 875537 787731 626788 614361 297291 894802 716096 291601 403338 642346 616022 716379 879649 314512 658138 868438 391365 829051 753899 218273 803952 188669 395360 308851 733515 710877 992985 636129 436835 858381 828151 694105 290549 423280 326803 464785 852411 816597 736004 17341 339997 219901 348607 805696 601071 244317 499361 897490 907362 39375 555141 410486 696254 618335 80523 62478 567853 686575 575697 588642 452813 221725 726398 640985 524814 535265 902764 580375 396530 992822 294905 247346 975417 886954 265439 739760 603175 913563 496248 163722 672585 294391 938749 18239 296257 29736 257558 815196 40463 960206 325781 947611 320610 627744 921093 305496 414631 816467 567390 261826 706404 813022 357448 183738 383231 394923 412362 4977 754544 616990 143389 44272 391411 493342 732263 765525 250221 553789 61827 248926 902001 90055 661262 670664 612044 183948 798972 226052 487979 391243 266007 602982 751453 427266 455106 351042 589170 79256 820891 74448 841103 55418 774727 991617 229972 790417 358708 25141 372717 631425 424956 607591 582180 237661 157642 329350 90692 310094 483650 733091 460309 503212 979830 66245 954858 120690 962982 828931 86135 466828 674249 779766 93401 119368 583213 842113 602289 114502 166154 717614 628701 707404 539116 401386 798723 189318 961936 841194 225109 38282 134132 164540 206463 150126 990812 352854 567412 657909 986197 701385 892564 43681 96079 164315 263311 817453 239954 642123 322786 105967 62109 385720 40303 626349 516131 11777 527213 731046 228732 657764 949034 299818 174434 108405 222946 679126 827350 815844 467499 703364 521188 78079 168132 823243 274694 341883 593261 559867 184137 786512 484606 812294 428833 376414 560192 361465 964955 805517 110611 674028 874078 822261 600432 788757 204999 925711 644744 758074 250157 642214 90004 690008 861087 684655 472374 710038 369796 468819 53462 312429 811910 69245 895653 972599 764074 990730 226783 313619 749583 531820 954302 391632 627240 47429 803277 680464 239731 383502 518827 249701 818754 387235 665134 545148 417781 632574 580908 434686 744729 655360 856001 889417 350532 228715 401431 744922 917817 2285 244255 246896 323030 476103 487859 640281 403882 991953 634854 527852 353108 336826 735622 407253 765017 371796 723031 484634 898421 33293 920276 599734 404211 316277 252321 712981 415567 155439 518950 900498 26474 915307 499631 48409 577725 883298 881305 202920 530527 136644 786230 692183 43475 632197 170915 653792 453072 829430 902777 933084 743104 936979 287525 85269 183904 543843 634695 623760 889254 409924 554852 264232 948318 237232 45988 290268 732352 853583 909872 529310 24580 613396 2241 241188 715427 682621 816604 114999 94554 699170 649169 732939 557009 214518 112651 755916 886405 988328 485070 974453 576408 585911 527824 944341 247965 649370 194968 894640 852469 93017 269567 877007 200972 508229 44306 686708 752587 804120 368693 254835 840416 267712 417012 661914 335892 260686 430940 868134 683435 350225 721963 374921 306812 772409 621863 131199 147380 391649 900116 982793 741485 143536 816965 791529 556233 679172 487970 869201 646501 42600 379822 298226 304268 46377 674247 89018 986960 178470 541847 898378 499319 279268 254378 236862 423649 222726
248 625 5
333 602 13
181 498 8
655 19 7
337 558 13
256 360 11
566 501 4
675 244 4
447 72 2
33 561 5
621 590 8
12 126 1
20 340 9
220 489 6
169 16 12
309 301 12
151 517 5
95 269 2
282 255 1
494 197 6
28 109 8
372 111 10
162 590 2
563 358 3
374 715 6
291 549 6
341 519 7
14 674 10
358 210 7
688 235 1
535 121 9
459 217 1
192 612 2
110 554 11
698 563 3
431 628 13
359 565 2
680 620 1
562 7 2
92 218 5
482 101 10
561 698 1
431 89 6
82 90 7
581 549 11
600 350 3
31 195 12
439 349 6
82 586 11
167 263 10
55 515 1
451 469 6
566 148 2
608 458 10
3 661 12
126 108 6
316 312 4
205 37 1
269 400 5
176 61 11
365 105 8
534 352 8
144 265 11
183 671 5
515 198 8
141 148 3
528 358 11
16 307 12
316 308 6
165 497 11
474 467 5
401 409 2
654 319 10
393 473 10
663 610 13
10 445 2
522 229 7
136 35 5
388 136 8
512 95 11
33 281 1
454 140 1
575 556 5
429 321 11
241 119 8
265 197 7
359 503 11
548 56 9
96 64 7
140 525 11
385 129 12
291 542 5
199 632 11
63 214 4
3 364 8
36 433 6
134 466 2
404 602 6
99 481 12
247 80 3
174 515 12
166 121 13
20 93 6
670 138 6
506 453 1
11 710 8
379 39 7
669 46 2
119 335 3
156 148 4
533 453 3
383 517 3
239 651 13
394 66 1
468 102 3
209 149 12
337 224 8
254 142 11
312 73 2
607 193 11
14 306 12
364 563 5
555 36 9
712 421 13
85 391 9
672 237 7
586 477 3
410 82 2
317 476 6
162 501 6
69 449 5
97 472 10
422 461 7
174 265 7
153 374 5
630 681 3
76 549 5
665 583 8
571 685 6
273 473 7
2 385 12
565 683 7
153 638 3
472 331 5
367 602 7
20 73 2
184 558 1
478 286 10
682 592 1
442 218 13
589 321 1
28 84 9
500 501 4
571 282 11
472 323 12
577 293 11
485 425 11
218 460 10
135 128 11
301 523 13
474 583 13
449 409 1
443 347 6
342 128 12
366 201 1
462 452 8
465 572 8
480 206 12
296 268 8
259 598 11
37 625 3
134 138 3
538 485 10
677 477 11
603 5 12
148 117 1
99 104 12
564 574 8
636 601 11
428 312 3
708 141 13
500 330 4
223 199 9
651 54 13
495 513 11
407 207 8
674 192 1
611 640 7
548 534 6
112 469 12
405 104 12
709 43 5
265 217 8
125 311 4
328 275 4
476 628 13
501 694 10
131 477 12
269 285 1
453 296 9
565 580 2
493 138 1
289 428 13
568 556 7
135 49 9
213 409 9
145 166 3
352 433 7
598 585 7
281 591 5
648 388 3
423 171 4
275 422 4
216 362 3
207 90 3
511 29 1
558 684 11
460 310 12
540 557 5
403 28 5
320 457 3
60 27 13
43 597 6
91 52 4
700 436 6
30 227 5
661 95 8
628 606 6
381 573 13
107 578 8
538 555 6
177 445 2
6 665 2
269 24 2
373 547 1
252 285 13
466 211 2
708 36 11
182 186 2
35 683 1
146 319 1
366 602 8
5 680 5
324 464 12
497 316 11
69 383 2
373 482 10
85 429 7
151 107 2
149 253 12
693 176 7
537 106 1
647 52 8
698 125 4
636 321 6
552 555 12
481 638 4
527 558 11
405 204 10
304 147 4
17 4 6
417 299 10
281 475 10
417 447 7
640 51 5
671 39 11
194 549 11
598 33 4
190 58 7
312 524 10
515 311 9
218 624 12
159 538 13
335 498 6
691 316 4
493 476 9
488 115 8
628 89 1
707 611 2
40 67 11
167 181 3
71 147 5
287 427 13
235 357 12
110 624 5
296 659 12
187 313 12
71 510 7
412 524 12
417 305 3
6 8 4
190 614 2
378 324 8
254 42 3
24 687 1
144 405 3
427 285 5
113 570 3
560 109 13
663 585 13
138 612 7
584 299 11
79 405 12
648 411 13
390 12 4
391 508 2
485 543 4
194 581 13
666 514 2
3 121 2
680 598 5
695 495 11
51 210 1
551 451 1
47 482 9
477 107 9
515 64 7
395 110 3
461 55 3
429 365 8
298 267 2
146 610 4
687 526 4
597 110 3
200 565 5
38 256 6
536 449 1
201 328 10
381 438 13
406 523 5
690 499 3
508 632 13
538 74 2
427 501 5
484 227 1
127 610 7
365 171 11
543 536 6
463 93 5
477 672 7
241 172 4
261 482 11
106 107 9
95 300 2
44 228 10
299 166 5
568 380 4
304 111 7
90 35 1
4 662 6
290 408 3
204 211 9
257 415 9
612 78 2
644 663 10
661 184 11
332 507 13
565 140 12
225 319 9
356 339 5
533 609 8
523 507 1
47 332 8
472 610 9
504 712 4
520 65 10
541 223 8
306 274 13
627 240 11
589 151 8
95 562 12
472 199 2
498 192 6
388 33 10
704 687 1
260 641 4
231 373 10
370 642 3
22 446 10
321 655 7
615 366 3
31 86 6
62 72 4
439 68 6
708 338 3
568 174 4
568 291 3
202 527 12
431 458 8
19 60 11
259 711 2
175 269 6
546 21 11
587 708 7
593 49 9
191 540 11
273 258 5
362 81 6
149 369 12
448 326 13
180 328 13
183 440 10
167 407 13
379 345 11
424 538 3
469 44 5
476 177 3
628 356 3
314 552 3
92 668 7
629 684 2
287 107 5
177 421 5
430 20 9
135 438 3
275 405 6
382 143 9
560 505 13
68 388 5
659 25 12
87 79 4
340 366 7
687 390 11
695 390 7
189 279 8
711 138 13
278 16 2
573 82 5
600 277 3
601 666 6
563 305 5
707 436 11
11 512 9
405 364 4
544 144 2
215 272 13
28 6 3
416 692 13
167 113 13
554 217 10
222 682 12
435 415 12
375 148 10
215 656 5
557 251 4
94 540 10
339 86 1
608 168 5
687 207 12
212 216 8
74 464 3
309 300 5
279 133 1
519 61 6
267 659 11
468 565 11
333 646 4
648 2 7
3 402 4
203 402 13
614 132 11
591 428 12
44 190 11
259 651 13
528 62 7
16 337 7
151 565 11
315 343 5
421 378 1
620 592 3
176 255 2
314 553 9
130 242 5
589 442 13
286 487 4
524 637 6
425 187 7
233 460 6
568 340 8
314 491 2
574 701 12
605 450 13
271 40 5
17 691 5
330 212 2
464 472 8
140 224 13
341 481 11
96 141 3
592 506 13
156 140 1
460 22 4
157 704 11
281 25 11
172 668 2
403 512 7
330 64 2
450 424 6
100 158 10
314 206 5
185 408 6
351 501 8
471 47 11
144 77 6
287 91 5
582 673 11
530 696 12
388 181 4
599 238 9
364 663 8
3 637 6
80 546 12
706 216 4
553 407 13
121 625 11
469 701 10
354 632 12
708 407 3
512 570 8
268 643 8
535 74 5
629 203 4
488 562 5
108 634 8
151 596 12
571 256 8
209 349 7
402 26 13
456 483 12
247 715 4
284 228 2
519 237 9
426 124 13
480 699 1
300 145 10
607 550 8
17 318 4
145 398 7
125 614 1
683 181 13
223 379 8
38 491 11
617 377 7
128 313 9
130 358 3
19 43 2
74 466 11
126 50 1
368 499 11
2 251 9
18 72 11
370 707 12
29 409 10
107 208 1
504 49 6
377 602 6
56 475 10
675 14 3
274 10 7
303 160 1
543 167 4
512 315 9
287 82 3
639 336 11
625 589 9
511 12 13
428 266 2
237 472 1
523 391 11
485 370 4
617 647 7
434 296 12
459 60 7
403 409 13
634 86 12
109 63 4
385 329 12
562 280 4
377 569 13
605 652 9
148 473 13
469 319 10
386 666 6
453 31 12
109 180 2
374 142 9
247 529 9
694 494 9
300 480 2
611 628 5
338 397 11
322 190 1
463 445 13
153 47 5
28 367 6
208 86 12
137 4 4
251 76 9
4 707 12
494 539 9
472 420 8
131 687 8
563 318 9
571 118 12
256 662 8
235 371 4
101 525 5
622 517 3
461 89 7
658 129 11
354 171 11
487 129 3
364 527 11
662 359 12
521 186 12
193 497 13
480 534 4
391 142 4
564 174 9
20 438 5
138 557 3
668 247 11
162 202 10
137 242 4
537 509 1
150 165 13
699 164 3
215 100 8
27 319 10
645 368 3
610 34 11
56 265 11
306 334 2
245 518 4
508 530 1
708 232 2
282 675 10
318 256 8
495 68 8
406 401 11
154 613 5
193 449 7
656 512 10
383 1 1
279 336 6
255 31 4
171 277 13
337 291 13
141 263 6
154 669 3
543 22 9
226 133 4
249 609 13
80 242 2
650 256 2
100 520 9
227 231 7
491 443 12
606 352 13
264 195 1
121 257 2
229 14 12
312 140 12
37 365 10
343 527 2
601 216 10
469 414 9
566 68 4
286 73 12
609 153 12
601 308 8
368 203 8
57 32 11
59 404 2
105 694 3
297 267 2
281 101 5
621 456 5
162 699 10
24 282 4
286 607 10
141 249 11
650 504 12
468 372 13
671 36 2
112 146 10
236 647 1
554 421 10
544 471 12
688 275 9
138 513 6
614 578 10
483 215 2
616 203 8
374 557 8
396 269 11
552 223 11
91 162 4
100 686 10
289 644 4
125 627 7
72 154 11
21 441 11
399 302 6
180 190 10
659 608 3
588 635 9
70 401 3
63 513 10
715 524 12
614 624 5
301 592 8
86 354 9
12 2 12
65 434 2
288 179 4
49 191 1
352 26 9
600 133 3
715 403 2
698 324 9
480 626 12
334 361 4
282 391 8
585 417 2
222 7 13
109 75 6
670 305 3
6 422 9
556 279 5
176 494 12
561 36 8
715 128 5
673 264 5
683 271 9
318 590 4
381 707 12
618 404 7
10 175 5
348 612 8
20 399 6
313 103 9
430 10 11
220 17 5
271 635 10
506 487 13
381 504 2
381 577 2
223 650 10
7 59 3
657 344 8
439 560 3
702 601 3
399 309 3
1 11 12
523 179 3
486 260 5
385 650 2
588 545 5
204 333 5
654 538 1
658 510 6
598 685 4
391 92 5
78 705 10
60 119 7
214 655 10
186 696 13
531 496 2
67 5 11
90 28 7
37 591 2
521 522 1
715 412 8
200 323 9
499 120 5
671 38 11
363 523 7
420 77 10
42 75 2
305 72 2
326 582 12
148 217 10
44 455 3
472 599 4
610 338 9
236 470 8
640 133 6
99 650 12
119 504 11
499 172 7
461 46 10
284 262 3
170 673 8
513 133 7
583 169 7
521 349 2
589 339 9
683 648 2
568 286 11
537 309 11
239 344 10
541 126 13
288 184 3
494 237 10
176 428 7
400 464 10
288 531 12
610 350 8
432 146 11
660 184 3
514 621 1
73 493 1
35 118 4
483 162 2
310 357 5
328 546 3
217 433 11
583 596 3
387 485 1
653 266 6
394 301 5
525 376 9
711 423 6
311 60 8
593 1 9
27 200 7
143 260 6
51 229 3
116 414 4
131 325 9
148 188 13
665 393 5
683 580 8
69 587 8
290 335 2
68 95 5
1 225 8
700 164 3
455 365 10
438 82 7
451 581 8
526 475 2
452 275 12
608 505 7
526 316 6
551 621 3
397 493 7
272 383 7
526 348 11
328 458 2
406 358 2
357 549 13
681 293 1
292 698 2
200 231 2
551 78 9
441 304 3
58 656 4
172 300 6
279 258 1
336 525 4
386 324 6
626 152 1
197 621 7
399 422 5
638 678 3
443 625 13
305 7 9
214 211 11
452 599 3
394 603 8
501 633 4
164 551 9
677 379 12
644 255 8
52 139 6
322 479 7
137 487 10
11 368 3
382 692 8
9 157 3
72 26 4
427 492 13
441 202 1
468 244 2
408 84 12
96 342 6
576 406 12
126 284 6
292 675 3
448 576 5
102 271 7
618 420 1
682 309 9
311 363 12
475 129 4
464 705 2
690 12 12
598 51 8
565 644 9
639 490 7
465 707 6
656 701 4
646 267 10
430 404 13
372 74 1
7 372 7
647 305 6
626 139 9
23 268 11
386 117 11
586 178 8
412 372 3
171 196 12
577 145 12
654 115 8
282 76 1
603 220 7
1 616 2
53 190 4
324 647 4
79 335 10
631 646 12
675 62 6
184 314 12
395 131 12
625 28 10
572 79 6
386 313 4
618 2 6
416 134 4
564 304 13
181 198 3
396 439 1
651 616 2
379 631 2
593 180 9
84 432 1
171 690 9
610 635 13
321 557 9
654 9 7
23 203 11
282 472 2
617 402 5
88 127 12
589 329 6
104 495 13
203 327 1
194 493 10
105 301 1
524 114 7
530 335 10
461 535 1
377 534 6
649 475 4
245 119 2
53 434 7
305 146 6
175 670 6
683 129 8
350 417 13
129 36 13
4 711 2
488 166 13
567 696 12
297 619 13
629 58 10
400 272 8
206 230 9
243 661 3
616 50 2
192 511 2
336 562 8
181 119 6
440 678 3
155 52 6
541 420 8
197 612 11
605 438 3
7 189 3
671 370 9
232 687 4
666 489 8
258 594 8
32 49 13
705 7 6
682 386 8
22 273 3
113 405 2
670 555 9
454 28 10
465 469 10
586 256 7
530 96 11
244 506 9
566 96 4
611 334 13
615 118 10
210 486 10
697 588 8
462 419 10
296 376 10
232 188 3
388 56 1
403 176 12
369 546 11
211 551 6
431 676 7
239 304 12
336 389 6
81 193 2
234 360 8
473 286 5
674 214 11
308 411 6
642 528 6
212 154 1
157 601 4
184 238 1
193 500 5
215 541 9
224 255 11
652 253 7
366 372 10
529 56 3
58 470 1
273 379 6
627 115 3
207 645 8
474 470 9
163 431 3
631 504 12
444 424 11
563 111 8
382 124 2
365 54 5
185 444 9
520 295 2
455 563 8
400 519 2
169 691 2
236 375 1
441 238 11
578 207 12
487 132 1
504 6 6
294 640 10
211 487 4
168 237 1
109 594 10
676 684 9
307 11 6
329 66 8
558 548 7
473 257 8
313 661 13
413 317 12
646 190 1
94 381 5
593 450 12
555 366 7
604 504 6
33 699 4
221 42 9
363 571 11
98 558 3
714 134 11
423 606 8
542 413 1
97 711 12
429 83 7
490 157 5
696 167 4
441 558 13
107 213 1
344 281 13
625 493 5
223 385 12
343 623 4
339 121 13
285 672 13
73 330 10
381 620 11
604 107 5
216 343 7
554 612 8
423 606 13
67 106 4
464 504 5
131 346 3
575 238 8
571 622 8
470 682 12
161 448 6
479 344 13
346 355 7
187 598 11
43 49 1
599 623 10
78 308 11
452 637 2
368 452 12
133 242 12
674 508 12
706 131 1
135 700 12
50 673 12
146 219 4
360 475 5
379 53 9
282 486 13
76 573 11
246 339 9
268 622 2
313 25 12
627 515 12
533 339 11
711 547 3
556 8 13
102 334 4
88 230 1
535 590 4
237 668 10
662 55 8
275 320 9
587 214 12
179 167 3
580 19 2
515 343 10
151 527 5
141 342 2
566 25 4
493 56 12
390 552 13
458 620 6
239 695 2
302 643 1
666 369 13
404 151 3
548 659 9
495 272 1
381 533 8
142 579 12
472 531 2
693 373 1
263 22 8
119 640 5
214 577 1
466 20 2
160 373 4
218 182 1
654 314 9
154 215 6
149 167 7
601 611 10
217 300 1
546 3 2
60 283 4
343 188 9
370 277 6
389 707 10
187 4 1
26 323 1
140 556 6
30 82 1
408 218 2
456 186 5
467 293 5
548 223 8
699 236 1
4 498 1
692 400 8
654 285 10
300 453 7
592 511 2
126 416 9
661 44 3
318 63 5
92 338 8
104 433 7
681 534 4
440 484 5
508 292 11
603 611 1
170 669 12
588 673 7
605 154 13
510 280 12
265 304 13
319 519 9
404 183 11
131 86 4
33 157 13
76 350 6
357 19 10
676 677 7
104 582 4
156 300 12
280 564 12
220 533 7
104 267 5
352 611 1
610 319 9
154 298 3
134 341 13
522 283 1
290 141 9
623 620 10
385 407 10
114 480 13
602 416 4
320 489 10
413 646 3
491 558 2
514 304 8
427 660 6
407 488 7
375 504 5
589 548 2
32 606 7
106 222 10
535 174 9
35 708 8
469 500 9
115 375 9
567 179 13
672 140 2
98 149 8
413 699 11
251 537 7
135 270 12
617 457 7
299 466 5
671 522 2
467 215 11
323 95 1
675 318 5
465 62 6
154 181 1
587 694 2
163 540 9
125 311 9
520 477 8
486 313 11
305 175 1
704 335 11
55 170 10
431 564 11
601 601 8
197 254 9
332 187 8
664 668 9
538 700 12
586 615 8
460 316 4
66 67 13
598 23 8
659 83 1
223 217 10
29 30 13
184 582 7
639 137 5
393 684 11
387 265 11
164 78 2
31 154 1
677 190 2
194 459 9
252 26 2
146 198 7
254 440 12
634 674 3
21 591 8
6 244 13
323 123 8
336 695 10
360 309 4
214 133 13
484 57 2
269 235 11
179 530 7
274 533 10
256 356 8
476 709 12
432 701 11
378 640 4
254 248 7
250 384 1
7 224 8
626 448 1
506 211 10
608 478 4
290 114 12
401 430 12
223 17 11
683 42 11
395 517 10
77 528 6
419 562 1
256 102 6
186 406 4
380 645 3
1 534 3
453 38 11
255 264 13
275 30 5
163 511 8
296 557 10
180 187 4
498 285 10
642 508 13
557 90 10
417 75 13
222 246 10
545 288 6
390 94 8
670 381 6
516 512 9
125 108 6
646 4 3
691 95 2
323 482 10
479 145 3
431 440 1
508 194 10
530 172 5
28 521 4
483 556 9
584 102 13
345 503 5
683 369 10
97 5 5
378 360 1
473 343 12
286 15 9
529 360 6
312 523 5
323 502 8
318 647 10
297 471 9
179 227 1
638 107 8
109 474 10
199 9 10
283 531 13
442 4 2
75 418 6
337 40 2
160 667 12
465 1 3
105 488 9
295 607 11
203 602 7
620 361 6
616 239 6
507 702 7
232 210 6
705 191 12
548 575 4
359 408 2
347 656 13
355 211 4
382 178 6
499 76 1
447 189 7
6 460 12
142 420 6
264 101 1
272 688 8
676 640 3
623 323 9
571 97 11
368 217 6
460 9 2
243 473 13
548 28 1
502 666 7
517 197 11
311 559 12
16 509 5
145 498 3
594 147 1
440 333 10
553 619 11
81 352 9
346 159 7
334 77 2
418 138 3
341 493 7
240 604 11
672 545 10
549 64 10
104 437 10
466 236 9
274 5 10
273 87 4
9 356 10
429 520 5
586 173 13
615 298 4
108 42 8
286 363 10
168 108 2
686 137 6
709 318 12
655 108 10
135 155 12
446 649 11
656 581 13
49 598 1
264 252 4
552 510 9
244 645 5
678 512 11
186 195 2
129 410 12
565 286 2
461 236 11
285 676 6
405 436 3
318 277 5
492 637 5
557 412 6
585 94 12
204 376 1
478 79 2
192 445 13
525 343 2
645 588 13
110 533 5
300 353 10
508 317 2
321 598 11
607 386 8
542 664 6
61 49 6
192 452 6
336 459 2
319 154 12
470 524 11
43 299 7
598 488 11
230 323 13
127 671 9
622 588 12
418 69 5
560 227 9
428 119 3
320 138 1
157 601 5
187 516 12
19 468 5
11 462 10
12 609 1
475 135 9
22 269 9
157 470 6
704 633 1
369 710 4
552 244 4
243 432 8
179 287 9
71 368 4
83 634 4
373 586 5
392 433 6
199 412 6
63 357 13
527 404 11
495 347 11
328 205 9
491 573 2
369 570 13
165 308 5
645 417 12
55 260 5
342 482 12
467 489 9
313 402 3
398 131 7
449 288 1
385 656 13
166 517 11
38 195 13
297 666 5
70 183 2
504 654 9
156 448 7
192 548 13
670 381 3
521 26 11
246 435 12
533 690 9
368 195 4
291 357 13
251 698 11
486 282 9
625 417 9
162 13 1
606 569 3
478 244 2
527 456 12
676 99 2
221 102 5
409 251 3
646 244 10
575 199 6
237 188 11
421 126 8
120 266 10
595 125 3
478 670 11
474 618 9
125 699 6
198 278 11
101 419 2
32 699 6
486 294 9
112 401 1
328 143 3
386 272 7
548 407 4
513 29 10
23 36 10
138 573 7
664 274 11
305 483 2
51 525 4
621 569 2
713 180 12
495 163 2
571 365 5
566 306 10
560 473 13
611 321 13
657 646 4
481 450 9
87 66 5
45 80 12
566 518 10
100 597 8
514 92 3
338 411 1
264 313 5
530 443 8
179 221 9
363 351 5
494 5 6
217 98 8
271 304 9
134 564 2
658 142 13
535 526 11
105 548 5
415 63 1
349 298 13
361 548 10
53 95 11
81 664 3
347 349 1
669 467 3
260 40 3
401 136 8
657 188 3
493 79 10
627 86 10
111 307 4
513 40 8
242 437 9
239 662 13
714 545 5
170 523 2
695 37 9
338 662 10
187 117 1
8 519 5
510 598 13
561 270 11
579 628 12
403 322 6
466 106 8
687 504 7
34 361 8
77 326 8
180 552 8
447 200 7
599 219 5
622 306 5
391 415 9
124 363 11
39 295 2
691 648 11
697 353 12
66 475 11
176 266 12
706 698 7
620 377 7
183 22 6
385 495 2
551 216 1
539 553 5
115 375 7
615 318 9
523 28 6
394 202 12
94 129 11
416 4 12
276 421 6
204 390 2
715 297 13
552 455 9
1 381 11
336 643 12
136 300 6
10 96 7
452 388 2
700 681 5
368 674 10
264 518 4
395 487 8
678 265 13
462 679 10
612 397 2
461 428 3
1 497 4
562 355 13
51 654 10
613 35 5
596 683 10
533 361 8
26 408 8
562 244 4
50 628 12
551 247 5
573 592 6
666 71 6
601 36 1
554 400 4
401 394 12
619 506 10
25 338 12
643 537 7
712 370 1
353 598 11
547 585 8
525 456 1
701 262 1
123 250 8
276 36 9
66 78 10
502 350 11
294 493 11
592 147 7
213 151 4
404 160 1
616 73 5
177 471 4
142 623 12
171 679 10
367 703 10
25 130 13
488 52 10
191 37 3
673 17 2
566 415 9
387 217 7
331 483 6
449 317 4
345 371 4
691 704 7
96 156 1
322 559 3
480 213 11
77 134 11
423 130 2
570 443 8
588 495 6
578 387 12
339 516 7
508 56 7
95 68 3
638 614 12
538 271 1
250 23 10
303 624 5
662 248 2
198 221 11
596 119 7
395 493 8
674 381 5
25 59 3
343 263 1
581 604 12
109 20 1
39 181 11
470 392 11
670 406 1
642 98 11
275 629 13
699 337 13
331 391 8
71 51 4
526 309 8
671 647 9
86 120 4
81 603 13
83 587 3
319 398 12
481 50 10
398 417 3
239 110 2
626 13 4
380 151 1
513 285 3
235 41 12
509 385 6
442 225 7
215 373 4
564 136 1
204 678 9
467 369 13
455 661 3
502 613 2
154 236 5
526 547 3
135 697 1
440 583 5
225 638 7
59 161 6
260 138 7
539 199 12
621 559 7
102 392 12
403 243 3
319 595 7
554 667 9
298 74 13
687 175 4
319 207 10
279 546 2
115 169 5
465 359 6
22 646 13
45 457 7
319 538 4
426 515 5
146 203 13
128 422 11
528 715 6
172 99 10
405 574 3
368 565 5
578 448 11
270 41 7
164 345 2
561 393 11
698 645 5
182 631 6
374 195 4
3 501 3
185 351 1
131 108 4
608 365 13
42 500 11
97 475 6
356 324 13
309 161 13
115 272 3
628 676 2
213 125 10
68 592 5
526 682 1
222 341 7
508 162 4
681 27 1
595 242 3
534 114 1
112 447 3
466 85 7
201 185 13
210 550 4
384 504 9
592 264 3
460 418 2
182 374 11
629 90 7
587 230 10
550 678 10
253 239 8
136 147 2
693 570 12
377 296 4
466 586 9
338 73 2
329 680 7
420 119 12
252 306 2
386 80 8
61 166 8
442 267 3
107 208 3
519 397 9
382 429 7
542 24 1
636 549 5
698 296 11
182 224 1
368 257 9
475 210 3
250 554 12
248 202 2
705 318 1
84 702 3
86 321 1
216 25 13
41 83 10
233 471 6
353 85 2
355 160 11
448 85 11
402 503 9
133 599 5
591 44 12
628 461 8
192 578 1
30 406 13
191 569 12
627 283 13
274 33 13
283 617 6
539 520 3
638 528 2
407 514 6
215 413 9
253 187 11
14 87 11
486 223 10
258 180 13
408 470 6
220 128 8
424 12 9
274 446 1
261 270 11
633 439 8
21 510 5
546 381 3
503 48 6
508 644 8
276 652 1
506 306 4
29 654 5
100 299 5
549 357 12
253 89 6
305 642 6
304 5 12
306 46 12
574 542 10
3 153 11
434 398 8
592 354 13
471 626 12
277 658 6
147 278 8
162 468 4
40 405 3
561 573 7
599 254 9
366 673 2
536 405 9
42 404 8
354 678 11
352 653 5
248 402 11
494 533 7
464 585 2
367 29 3
308 369 4
553 281 6
253 150 11
461 487 9
4 529 11
710 146 6
333 665 4
498 100 11
595 263 1
636 484 10
519 687 7
61 153 3
92 498 13
244 274 2
418 215 3
589 513 4
16 159 5
294 230 13
472 292 9
352 87 12
491 305 13
427 416 10
131 142 12
18 430 2
33 536 12
568 698 6
578 322 1
14 658 13
592 56 8
449 323 7
684 678 6
99 204 7
119 41 1
559 269 13
459 196 10
539 328 1
344 146 11
313 677 1
372 293 7
160 329 12
501 538 2
530 507 2
519 624 10
638 704 7
362 284 9
478 318 9
621 705 12
337 360 11
423 334 12
472 288 10
502 670 4
562 305 8
95 692 10
485 438 6
186 453 10
418 284 1
3 392 6
354 125 10
112 53 4
253 526 12
400 93 3
505 97 10
339 198 6
331 624 3
538 9 8
360 281 13
515 38 12
125 634 6
531 461 11
129 470 10
435 274 12
256 193 9
511 353 4
595 198 5
645 562 13
406 364 9
47 258 2
155 207 9
313 561 8
531 4 10
460 640 3
520 316 2
193 558 4
473 400 6
381 48 13
237 362 7
250 157 5
651 428 10
660 272 2
264 694 4
623 624 5
151 608 1
255 647 10
598 178 3
317 689 6
418 485 7
393 449 8
226 673 9
74 231 5
555 311 10
609 282 10
625 429 5
576 500 13
149 187 8
653 80 11
638 175 11
329 286 6
423 159 1
497 603 1
678 103 7
327 68 13
526 383 8
653 8 12
284 161 8
218 138 11
10 646 3
610 251 5
302 57 10
268 14 12
564 649 8
175 92 11
713 39 1
125 400 7
364 673 10
116 623 12
345 307 2
233 669 7
255 531 10
29 374 6
573 595 9
45 555 10
565 163 4
262 278 9
393 693 12
625 350 2
195 104 4
102 183 4
271 216 11
143 440 13
31 63 4
122 418 7
506 282 11
248 204 2
271 430 9
248 229 6
88 2 2
488 465 5
645 661 10
711 227 11
460 326 13
199 183 1
34 443 1
91 130 9
582 490 5
687 536 12
254 283 13
537 653 6
669 244 4
266 535 4
364 166 10
376 647 2
695 166 9
48 289 11
554 624 13
225 609 1
80 237 6
550 311 5
546 392 13
39 396 10
188 548 7
144 245 6
479 76 1
251 682 4
121 115 12
10 340 6
577 542 10
618 63 12
176 170 7
17 324 2
110 410 8
597 26 7
602 600 7
498 537 1
307 96 11
326 506 2
312 291 3
547 598 5
194 629 9
502 397 8
126 141 9
470 562 13
579 461 7
521 150 5
24 354 11
520 701 10
426 1 12
60 679 4
591 688 12
581 558 11
608 53 10
650 71 1
384 159 11
579 427 6
575 579 8
661 14 13
484 109 1
204 67 8
143 545 5
173 90 5
282 448 7
109 612 3
363 581 2
24 201 10
702 19 9
311 692 1
77 273 1
287 90 5
704 309 1
370 711 10
588 377 4
462 445 3
421 51 11
483 523 12
320 433 9
33 714 8
595 713 3
552 512 9
477 478 13
492 405 9
263 253 12
253 593 13
447 48 12
49 234 8
321 122 12
313 341 11
312 520 7
599 404 13
372 29 11
42 134 1
667 249 10
321 322 2
351 41 13
660 144 4
558 507 10
570 594 10
534 252 1
279 708 8
547 347 5
202 286 5
374 91 12
703 388 1
593 651 1
296 590 7
669 106 6
526 529 11
673 142 6
210 354 12
343 398 10
193 592 7
102 672 2
600 155 2
85 673 4
63 443 9
385 624 4
588 670 3
24 136 8
79 135 2
557 177 10
189 81 13
147 269 9
285 507 10
519 615 13
410 214 11
426 133 7
414 382 13
402 432 13
221 199 2
494 462 4
339 138 8
341 580 10
639 589 7
220 175 5
355 357 4
538 624 1
496 182 12
691 316 5
552 493 5
591 660 3
253 304 12
225 323 13
355 162 12
345 141 2
520 91 3
593 485 7
151 673 5
145 141 3
178 538 6
242 626 6
265 469 3
709 693 12
13 662 9
585 681 11
409 102 12
354 125 4
616 636 13
568 620 10
346 615 1
345 490 2
623 329 4
73 387 13
66 194 10
189 17 2
554 186 12
543 642 1
111 439 12
45 29 8
421 54 3
481 695 9
44 73 2
322 378 8
372 663 6
18 657 2
22 590 4
701 381 13
165 249 13
715 167 11
244 520 10
606 290 11
19 169 4
329 572 11
141 482 7
357 685 7
347 712 7
471 345 11
232 514 5
40 626 9
535 287 2
611 64 4
229 601 4
168 277 13
327 464 1
145 700 8
7 226 6
345 148 10
635 707 4
648 580 6
606 688 8
66 626 8
251 328 10
344 127 6
603 433 1
620 446 6
55 390 1
216 691 5
691 105 6
319 303 13
183 514 5
43 676 8
25 440 8
5 551 2
272 81 5
413 160 11
158 198 5
622 286 2
37 681 9
503 21 9
439 249 12
433 507 8
622 94 13
566 645 13
16 354 9
181 419 6
452 302 13
284 668 3
16 554 6
276 621 4
116 560 4
438 205 2
579 430 4
225 551 12
239 678 1
382 666 12
109 621 4
445 612 11
496 172 10
608 122 2
386 504 10
635 158 8
572 6 11
100 607 3
715 571 11
150 643 10
535 6 7
423 77 2
295 123 8
341 78 3
495 519 9
644 372 1
301 574 13
161 294 13
564 568 13
489 264 13
543 554 6
419 363 4
329 557 5
202 356 13
567 207 8
156 497 13
632 131 4
616 124 8
263 184 1
681 663 10
283 241 11
604 503 8
451 185 9
473 78 13
667 346 5
661 611 9
672 121 13
522 530 9
145 542 4
132 455 1
143 273 1
629 418 1
152 534 7
665 624 9
57 643 5
674 459 5
39 307 6
692 490 7
554 202 4
478 623 10
538 352 6
658 659 11
609 123 3
556 494 12
45 58 11
231 212 13
145 446 8
96 700 1
112 715 1
32 97 9
154 126 12
146 527 7
512 279 13
133 701 6
517 251 13
482 400 8
262 95 13
612 156 6
101 35 2
709 606 1
436 576 7
433 591 4
542 166 8
179 617 11
234 378 13
88 126 6
543 402 10
218 626 2
331 445 4
321 206 12
586 373 3
343 508 5
623 658 3
561 685 5
237 259 13
485 271 8
597 372 7
136 194 1
281 528 8
321 499 13
294 128 6
133 200 9
629 278 10
580 30 5
223 354 8
104 119 11
491 201 5
27 64 13
182 430 11
67 572 8
220 143 8
533 126 3
580 504 9
427 464 12
709 434 5
338 15 7
477 28 5
15 674 8
522 304 11
346 88 6
197 521 1
355 336 4
691 373 13
54 204 8
548 372 2
532 30 13
229 10 3
441 130 3
331 390 3
199 256 11
209 11 13
330 88 3
266 610 5
67 158 8
487 79 7
306 192 4
213 81 12
576 323 1
594 289 6
223 62 12
659 29 13
370 570 4
655 381 7
347 320 3
68 460 5
299 660 1
575 343 7
295 669 11
462 73 1
681 351 2
315 59 5
104 231 10
579 136 6
519 143 9
211 65 13
636 294 5
538 158 13
320 448 7
515 485 3
605 423 13
430 338 12
580 41 2
667 504 1
267 204 9
252 137 7
272 707 3
146 507 10
207 420 2
494 436 3
270 286 11
582 493 3
387 652 12
336 105 8
2 128 10
176 630 2
487 480 13
380 572 11
290 291 9
685 225 4
636 103 9
278 618 5
434 543 1
11 367 4
511 104 9
645 504 7
516 674 7
579 177 10
242 483 10
496 524 2
344 698 1
159 101 8
652 584 4
10 623 6
129 80 5
512 202 11
440 152 10
687 304 8
226 58 13
424 499 10
325 130 8
179 650 12
478 212 6
549 450 12
282 576 9
288 577 9
534 214 12
311 660 4
476 664 11
234 692 11
487 559 2
78 711 6
481 692 13
109 674 11
587 329 12
356 137 6
213 425 5
321 533 7
544 122 4
84 376 8
27 481 6
219 685 13
485 529 2
534 689 13
498 497 2
471 527 12
682 97 2
504 143 2
614 257 9
569 55 3
594 221 3
131 539 5
171 141 12
426 35 4
266 199 13
131 131 1
436 74 7
445 177 11
613 104 3
362 252 4
216 622 3
602 705 2
703 621 11
176 7 12
256 573 5
627 272 9
306 368 7
260 598 10
5 374 8
432 505 9
459 376 13
220 182 2
70 202 11
282 28 13
478 369 2
363 101 10
713 216 2
34 19 7
253 433 12
471 208 6
110 371 1
583 81 4
106 300 13
67 459 8
152 325 13
128 421 11
332 686 1
541 589 3
116 167 13
407 18 1
369 396 13
298 411 12
329 593 2
134 385 4
482 161 7
311 163 8
556 473 3
619 632 12
169 60 12
214 589 4
146 409 10
620 340 2
393 666 13
341 279 3
434 566 10
229 433 8
97 609 1
664 45 2
255 557 4
173 638 12
357 680 4
329 244 12
436 130 8
44 580 2
47 620 1
339 245 8
506 436 13
360 695 4
450 531 4
696 260 11
640 90 11
233 232 3
600 583 10
613 688 9
482 612 6
445 89 7
317 267 3
296 248 12
337 54 13
260 123 12
461 126 10
160 42 11
681 647 7
15 686 7
554 196 4
13 498 1
497 87 9
308 103 1
587 320 10
320 434 2
367 673 10
264 453 11
374 663 8
226 668 11
98 401 1
335 295 4
171 531 7
164 644 4
633 351 9
595 662 1
238 358 6
235 226 10
19 364 6
418 500 4
438 361 1
369 560 13
214 154 1
602 58 6
580 33 12
111 224 4
382 239 13
573 172 4
325 540 10
563 476 8
565 618 5
193 240 9
570 22 6
681 404 9
453 424 7
67 509 2
510 570 9
447 536 3
123 366 9
290 554 3
706 14 13
24 538 13
645 575 10
227 542 7
493 281 8
416 327 11
241 296 9
340 164 9
576 633 4
204 572 7
278 714 1
690 470 11
97 106 1
259 612 1
316 63 3
647 411 12
558 246 2
316 214 2
135 457 7
381 542 4
52 529 10
269 576 2
160 664 13
178 32 7
85 548 9
644 409 13
301 583 5
663 516 12
273 584 10
85 501 9
154 368 9
550 494 6
621 256 11
32 623 13
294 680 7
154 154 4
678 311 2
223 706 10
369 117 7
478 553 10
612 146 3
601 150 10
26 243 5
632 711 5
646 205 7
503 53 10
5 211 13
400 397 3
589 582 11
560 379 7
319 95 7
495 432 8
20 444 11
695 496 2
225 374 1
559 619 13
701 550 2
343 378 1
613 250 9
571 591 12
326 300 12
346 230 4
509 670 8
415 219 5
22 616 6
436 650 12
62 203 10
35 639 8
341 25 9
619 712 10
218 36 8
635 710 13
378 536 2
366 699 2
505 244 12
85 461 13
655 223 2
699 169 4
429 404 6
394 500 1
161 105 4
337 128 9
228 434 3
697 238 11
433 144 6
25 226 1
651 96 10
352 413 11
148 531 1
130 161 13
497 366 5
399 113 12
103 659 3
318 465 12
501 681 11
318 155 9
436 132 5
476 553 1
319 681 3
700 83 5
473 95 9
433 24 5
377 499 3
3 434 5
660 405 6
337 453 1
631 654 11
196 230 5
542 273 4
19 161 2
515 705 13
116 350 9
398 321 11
622 416 7
527 517 5
526 180 6
591 385 3
210 626 10
506 279 8
426 518 13
29 333 4
590 346 9
215 226 9
675 579 9
241 655 1
194 592 2
703 393 1
92 597 7
18 453 12
436 561 10
472 538 13
579 611 3
592 73 4
413 119 11
596 145 3
163 522 13
515 81 12
132 233 13
592 324 8
566 108 7
261 347 8
651 62 9
476 184 9
573 30 12
686 694 12
45 387 4
235 491 2
136 173 1
630 40 12
312 456 6
635 14 1
610 148 13
173 565 3
501 215 12
134 300 4
99 512 1
438 425 11
73 483 3
701 445 1
131 671 10
532 232 4
696 414 5
127 705 5
655 391 2
347 123 2
477 502 9
449 376 8
670 267 2
492 519 12
240 201 6
268 83 5
317 321 5
547 253 4
192 697 5
481 541 11
361 79 6
445 118 1
467 224 4
226 574 9
506 592 11
595 651 11
52 56 13
255 95 1
551 697 6
124 509 6
598 560 7
705 143 2
710 406 11
245 179 3
475 111 1
212 99 8
191 316 8
698 633 3
685 27 12
715 478 1
324 689 6
392 645 11
453 181 13
689 34 9
689 662 1
440 257 11
53 501 13
422 441 13
399 41 6
487 322 12
288 653 3
465 630 9
309 238 7
87 460 2
592 482 8
354 555 2
128 260 9
186 503 4
36 260 1
420 176 12
446 46 2
480 73 4
666 412 2
389 525 10
11 360 9
128 500 1
433 303 7
503 270 11
158 405 12
388 211 12
146 264 9
376 476 7
495 278 8
330 444 3
389 663 8
606 300 4
564 684 7
168 598 11
387 94 13
346 604 6
488 336 13
123 227 9
675 313 10
152 711 7
640 460 8
599 115 7
358 87 10
127 513 10
681 623 8
564 323 7
215 228 8
327 364 3
445 157 4
533 632 13
526 691 12
678 253 6
237 635 13
40 678 12
451 375 3
279 406 4
313 595 5
373 679 6
173 169 11
587 29 11
59 587 12
532 475 9
326 137 10
515 40 11
661 264 5
464 80 4
312 685 1
479 200 5
427 8 12
495 591 4
604 494 12
90 4 8
75 178 7
251 611 11
144 577 11
250 166 11
192 686 12
451 306 1
458 235 12
55 446 2
333 292 5
336 537 9
508 356 4
505 544 7
343 2 10
491 2 9
330 570 10
684 412 5
97 581 3
517 502 8
182 11 9
586 668 12
303 440 2
380 1 8
282 410 7
111 500 13
13 578 10
580 713 6
354 639 3
375 88 9
229 140 2
514 447 5
229 472 9
667 625 3
547 341 4
494 231 1
97 660 7
103 189 5
119 330 7
181 697 6
144 624 3
426 667 10
31 245 2
690 479 8
219 168 13
459 318 5
628 504 10
71 173 12
225 255 4
408 373 5
458 339 1
34 321 11
69 125 13
662 336 8
534 364 5
90 429 9
433 377 11
30 55 12
696 565 9
134 418 3
694 121 13
130 478 3
90 569 11
411 261 2
404 522 3
673 468 8
476 601 4
115 487 3
330 705 13
27 327 2
7 515 1
377 113 9
343 689 2
595 361 2
145 62 6
475 631 8
489 224 11
460 524 2
406 192 13
698 617 7
613 199 12
557 169 5
175 222 10
659 39 11
254 538 4
656 30 3
325 329 1
480 538 6
583 498 6
542 142 4
302 674 5
149 710 13
266 467 6
556 410 13
517 434 6
369 625 11
138 618 13
178 622 10
120 121 5
283 295 5
506 460 8
512 180 7
88 114 6
220 633 13
13 84 8
574 354 13
366 19 6
264 687 4
132 233 7
512 77 9
651 660 2
621 320 10
652 129 4
271 666 4
612 558 9
612 217 2
657 246 8
490 481 13
610 492 1
36 712 3
197 655 9
688 384 6
90 320 11
392 299 4
532 92 8
419 283 6
314 24 13
31 468 8
90 423 10
506 226 12
359 103 9
251 245 5
568 182 10
301 589 13
436 500 3
605 22 9
508 257 3
41 123 1
680 605 10
153 335 4
351 27 7
350 75 11
640 633 4
652 411 3
712 503 8
246 310 4
497 232 12
45 209 7
284 535 4
543 69 8
372 363 11
372 489 4
587 4 6
411 41 6
632 636 3
501 359 5
498 315 9
628 100 8
80 310 9
690 505 8
317 279 9
551 439 3
273 7 6
431 198 8
228 351 10
89 155 8
378 685 4
500 427 9
564 121 4
200 690 3
375 441 3
340 398 1
486 36 12
315 544 4
715 642 5
567 421 6
37 342 4
8 330 10
42 578 5
594 551 13
651 285 6
550 309 9
322 527 10
245 77 1
215 315 9
659 247 13
177 9 4
165 198 13
537 202 5
613 151 9
697 598 9
218 66 9
579 606 3
344 588 2
388 650 3
203 217 3
387 536 4
572 628 3
195 535 6
636 660 8
412 103 7
171 355 3
110 481 8
437 482 4
12 285 7
201 298 9
474 490 13
335 679 12
495 274 13
285 167 12
508 522 2
172 323 2
678 624 13
459 162 4
585 479 11
501 661 6
75 395 11
52 301 13
287 243 4
270 399 1
109 367 9
230 674 13
152 63 2
529 644 7
124 453 13
355 465 9
156 23 5
677 194 2
27 609 9
540 557 11
686 112 8
32 181 4
236 143 10
684 515 2
22 593 11
351 370 4
399 81 8
248 645 9
277 441 2
506 559 1
421 241 3
336 322 2
602 689 1
70 215 8
85 195 10
28 313 6
343 627 6
488 206 4
607 452 4
250 273 10
336 515 8
40 203 10
321 156 7
370 171 8
593 541 2
645 44 10
636 689 3
322 511 9
569 476 4
673 276 13
250 140 10
116 500 13
40 486 10
252 213 13
433 47 1
669 242 7
143 3 5
413 684 1
38 157 5
511 657 10
323 567 12
183 441 6
661 554 9
320 162 9
595 136 3
632 528 7
618 351 5
554 134 5
379 708 10
464 400 1
42 100 8
282 456 10
313 201 10
403 524 11
395 44 13
38 10 7
144 26 6
248 432 5
416 552 3
150 49 3
360 528 12
131 599 8
242 263 6
94 591 5
224 319 4
279 350 4
184 68 2
629 349 10
609 693 7
620 221 7
621 674 4
277 187 1
97 658 12
494 529 4
634 467 6
434 395 7
427 528 2
447 323 10
645 693 8
79 344 13
366 407 13
253 569 11
703 634 8
257 436 4
62 256 11
710 9 13
590 654 11
519 381 12
347 678 12
442 181 5
406 60 2
210 511 8
1 65 5
32 393 5
515 115 6
656 241 11
625 206 11
39 57 11
340 1 6
537 506 3
417 634 9
2 121 9
657 544 13
272 406 10
555 118 2
522 630 8
510 89 8
562 674 5
420 599 2
326 275 13
608 267 8
423 427 11
134 267 10
80 138 13
357 156 4
270 478 3
287 489 9
482 474 2
408 288 10
440 710 13
504 388 8
293 363 2
209 681 13
17 619 13
699 44 1
485 62 6
380 79 7
609 562 4
274 543 8
192 383 4
371 487 12
501 348 6
35 467 4
347 4 8
255 618 4
54 372 11
408 304 4
715 273 6
319 18 2
662 430 1
496 288 5
614 602 10
686 628 9
100 533 1
490 498 2
354 422 1
711 586 9
596 100 5
345 516 8
76 707 2
348 586 1
487 589 12
651 467 13
623 349 13
274 448 9
544 117 5
347 106 1
691 52 9
391 294 2
288 415 6
329 424 6
164 248 11
293 67 4
551 625 11
102 167 2
375 51 5
396 336 2
27 333 7
352 707 2
514 466 5
149 715 4
192 207 5
415 556 3
692 392 13
502 395 1
688 167 9
193 256 1
649 502 12
567 490 1
352 24 8
177 254 4
147 257 9
1 517 9
351 344 13
498 361 12
59 130 9
176 385 2
510 249 10
53 83 9
683 400 3
477 128 8
409 626 8
352 352 10
637 74 9
558 509 3
416 427 2
315 103 11
243 205 8
25 310 12
501 333 4
36 211 10
586 509 8
92 77 9
129 658 6
351 436 5
221 639 5
465 115 11
354 126 1
625 443 10
518 75 6
374 703 13
605 253 3
173 703 6
84 657 5
543 268 4
635 123 9
424 634 7
175 148 9
220 305 1
186 630 11
300 261 12
495 673 6
110 655 12
54 551 1
235 416 13
580 527 13
457 56 13
650 612 10
270 476 13
368 565 8
526 201 11
309 103 11
82 186 10
177 427 10
342 29 5
214 650 9
317 529 10
598 288 2
544 631 13
498 466 6
601 455 9
455 45 13
545 336 1
18 81 12
450 517 8
523 418 4
51 199 5
231 384 8
439 610 13
208 10 8
260 182 10
427 152 8
71 95 3
428 363 13
90 502 4
5 354 6
346 369 10
335 333 7
20 391 6
132 318 9
712 522 11
318 381 8
224 120 7
40 242 7
230 401 10
406 315 8
610 79 5
218 378 5
336 557 13
704 131 5
1 254 11
601 83 8
591 527 12
99 220 9
542 642 3
542 600 11
70 504 1
598 230 9
505 371 7
234 162 5
387 581 7
633 343 7
529 459 12
648 351 11
23 330 12
516 568 3
115 580 2
374 575 2
41 582 3
20 328 3
652 535 8
411 123 1
298 465 5
569 437 7
455 240 2
9 368 8
560 656 5
26 324 5
390 658 3
533 84 1
357 251 11
645 326 9
614 291 3
341 569 3
262 157 11
152 498 5
513 185 8
478 68 3
304 405 5
232 378 12
488 661 13
21 470 13
479 401 9
625 420 10
61 356 4
269 59 1
52 150 7
646 453 13
343 189 10
553 605 5
590 697 1
73 21 3
56 294 6
255 88 1
186 172 1
194 447 3
18 255 13
715 347 1
395 170 11
647 52 8
324 245 10
284 93 1
598 450 7
22 395 5
231 157 7
339 459 11
525 594 3
637 408 10
512 323 2
698 67 4
570 666 8
618 207 13
458 634 11
626 536 3
184 542 9
431 279 9
294 484 12
484 86 8
82 78 8
590 604 5
606 678 1
176 110 13
699 208 10
617 517 3
440 191 4
298 68 12
501 426 3
185 558 13
85 652 8
131 289 3
333 69 4
482 507 13
11 254 4
687 554 3
384 505 3
99 136 4
173 82 7
316 319 5
443 693 1
201 456 9
371 697 7
149 65 1
241 665 1
664 518 10
224 18 8
350 597 2
148 503 5
16 18 1
570 640 1
675 648 2
179 638 2
308 45 12
393 17 3
577 206 1
613 460 2
311 274 1
338 625 12
348 318 11
450 665 3
659 552 11
401 476 12
337 710 5
371 465 3
188 271 2
236 326 10
519 136 10
496 78 13
223 568 4
168 563 12
545 591 10
374 572 11
392 93 5
409 488 1
290 606 3
169 144 5
667 584 7
693 628 10
653 227 12
554 284 2
514 140 5
349 654 8
87 118 10
79 109 10
381 76 1
556 361 4
540 338 6
161 522 3
55 463 13
353 106 1
602 168 7
269 376 2
503 691 9
399 216 13
4 260 12
177 640 1
442 651 7
57 379 4
389 105 10
560 42 9
354 193 10
23 244 2
159 78 10
590 223 4
713 51 7
637 406 11
645 532 10
684 158 10
360 340 8
14 392 6
78 409 8
640 28 5
296 664 1
129 708 8
360 94 2
231 530 3
252 289 1
238 308 5
66 69 10
641 88 12
255 593 8
550 424 10
146 688 10
307 711 7
106 505 4
337 450 10
550 392 6
621 701 12
150 577 10
192 118 3
479 509 9
277 423 13
367 693 8
164 558 2
128 153 4
458 17 12
275 548 1
643 240 13
222 502 1
496 297 13
120 41 12
84 212 13
296 220 13
446 700 8
67 103 12
327 5 9
434 528 7
676 613 13
298 372 4
291 410 3
577 231 10
279 513 10
699 10 6
351 93 7
697 454 2
629 511 1
291 526 13
522 495 12
462 290 2
221 233 6
574 3 9
490 702 11
401 260 12
155 346 11
93 602 6
188 233 11
652 622 8
663 186 12
262 309 11
241 635 9
455 496 10
64 5 9
100 237 2
520 134 4
486 215 7
32 512 3
39 93 4
592 230 12
370 326 9
106 524 5
626 211 7
606 36 1
424 612 8
438 76 4
14 527 13
376 243 1
708 672 9
2 676 5
379 332 1
660 659 10
657 714 9
298 495 12
553 61 1
652 670 10
279 305 2
259 391 1
527 602 2
78 651 2
115 42 4
601 198 13
434 286 4
215 264 5
193 27 4
691 337 9
4 130 1
571 131 11
499 627 2
422 275 5
210 456 7
194 692 9
638 262 11
685 559 4
49 525 4
360 6 12
599 172 1
398 425 9
550 608 5
141 310 3
405 573 8
261 618 8
141 445 6
487 377 8
100 601 13
17 206 1
638 154 12
361 416 13
550 411 7
413 577 1
578 102 3
235 446 5
395 451 11
498 707 11
596 262 4
206 545 13
662 47 4
513 486 3
671 361 4
706 506 3
270 672 10
26 704 13
177 388 1
424 660 5
278 321 3
277 503 5
515 282 3
463 298 4
617 78 2
371 400 12
274 683 8
199 672 5
530 94 5
264 150 3
132 677 9
642 413 10
228 168 7
555 458 7
137 310 4
344 531 1
463 382 7
549 570 4
358 612 11
89 579 1
35 4 10
518 285 3
694 573 10
486 380 3
332 681 9
68 233 8
353 389 5
640 239 3
138 389 1
320 440 3
531 700 5
47 347 5
490 181 3
381 510 13
141 108 6
578 391 13
560 319 4
356 11 2
96 303 13
469 595 3
187 674 5
24 475 12
128 712 10
519 274 4
39 126 10
164 685 13
270 336 12
284 532 10
608 23 2
586 117 4
33 521 6
501 690 5
316 16 2
274 362 8
369 392 3
5 251 13
320 463 6
525 511 11
662 689 7
606 695 2
192 346 8
250 443 13
377 215 2
115 223 7
380 337 3
323 64 1
34 112 13
385 12 12
652 103 3
59 306 6
198 79 1
640 586 4
662 319 1
531 320 9
67 331 10
129 660 6
276 152 3
269 221 4
230 230 3
258 504 6
418 566 4
705 661 6
332 173 6
394 104 9
623 692 10
178 346 1
671 386 10
635 583 12
152 445 12
608 135 4
144 484 6
523 480 12
181 192 10
422 18 8
361 196 11
414 147 2
328 280 1
476 148 4
55 415 8
3 601 7
339 216 1
331 98 3
550 601 3
529 292 3
127 50 2
644 84 10
55 20 11
394 166 4
247 304 8
431 563 13
97 570 11
225 31 4
287 21 8
453 559 8
405 148 8
121 335 6
473 239 4
197 242 3
492 396 2
381 579 2
85 616 5
304 103 1
470 645 1
116 379 11
653 509 10
185 260 3
298 390 11
248 419 3
66 576 7
270 404 10
260 421 2
548 99 7
598 346 7
673 8 3
407 67 7
431 635 12
185 544 12
18 211 9
81 651 1
537 385 1
483 694 4
237 459 1
609 609 1
603 502 4
465 12 2
70 14 3
233 573 13
109 282 8
526 6 8
110 599 12
307 511 11
160 26 12
109 380 8
547 56 10
166 464 2
387 3 7
161 383 4
347 385 5
390 604 13
517 688 4
233 339 3
253 173 4
607 354 12
412 84 3
224 509 4
385 399 9
357 615 5
155 348 8
355 322 13
578 216 5
450 422 9
163 654 6
238 13 1
8 387 13
323 187 4
671 42 6
451 164 5
98 287 12
127 210 5
638 284 4
349 679 5
92 680 10
226 455 1
512 61 7
625 428 7
516 584 3
683 323 3
14 259 6
46 670 7
68 75 11
232 298 4
476 193 4
297 242 9
171 470 8
203 181 13
195 38 10
105 399 3
523 324 13
388 230 7
451 522 4
222 553 11
17 558 3
307 655 3
51 96 9
8 651 13
708 256 10
240 35 3
16 200 2
386 132 1
581 709 5
220 305 1
288 642 13
701 243 3
446 418 1
675 249 7
501 38 13
174 389 1
311 549 3
64 480 7
541 619 11
363 589 11
534 37 6
327 635 11
433 167 11
40 413 6
575 469 12
270 584 13
105 21 12
301 463 3
503 167 2
489 625 2
83 521 8
500 81 9
320 127 13
145 336 10
565 50 10
490 203 10
60 368 13
311 148 6
52 212 2
618 484 4
481 114 8
174 609 11
674 687 13
609 153 9
470 80 12
11 1 6
47 148 9
328 642 4
170 199 3
145 65 7
684 169 10
522 541 13
34 653 6
618 255 5
16 537 12
529 564 5
655 137 3
629 571 9
226 566 11
617 430 13
347 635 10
304 141 10
582 111 11
273 486 6
99 292 5
79 705 6
135 252 12
96 320 5
99 204 3
220 108 6
20 263 4
527 595 12
85 197 10
50 375 13
440 180 12
100 631 8
360 393 10
336 683 8
67 709 4
465 315 9
612 67 5
513 617 11
122 418 2
80 109 6
415 624 6
383 496 2
364 703 9
320 82 2
14 537 9
430 699 5
264 193 12
512 694 1
82 105 6
459 305 3
646 77 12
384 287 12
372 109 11
552 185 1
703 181 6
267 258 2
27 156 4
534 485 9
459 160 2
294 430 5
456 451 1
246 266 3
459 613 9
191 84 8
66 267 12
69 53 8
612 120 8
660 142 4
447 561 1
689 713 10
351 121 5
456 321 13
401 660 6
627 190 6
347 71 8
583 88 13
518 301 1
275 620 2
364 297 11
327 370 10
58 617 11
402 118 10
314 412 1
386 52 2
415 440 1
99 700 4
276 708 8
105 236 8
503 457 3
539 87 8
143 162 13
698 383 10
177 506 9
623 320 8
401 88 3
593 702 3
31 551 9
448 565 4
408 101 10
361 29 2
254 112 9
704 278 11
78 122 12
440 223 4
401 98 2
69 469 6
599 485 4
694 50 3
528 86 2
74 495 7
375 605 1
453 438 11
437 223 6
669 641 2
349 564 13
153 469 1
231 292 4
584 471 10
341 556 1
556 203 1
601 163 4
118 251 11
67 66 9
596 240 11
584 474 5
427 541 5
295 346 2
499 354 8
595 449 1
503 45 1
648 430 11
338 551 5
670 18 13
668 2 6
50 343 9
496 548 12
167 288 1
566 666 13
553 212 10
612 367 7
345 379 2
596 196 9
713 637 8
4 72 9
330 584 13
300 314 7
589 524 5
184 269 2
18 192 5
125 106 8
210 677 2
414 160 12
528 17 4
600 88 9
489 388 8
53 56 9
160 115 4
506 284 4
134 240 1
207 81 10
287 199 2
341 542 12
61 48 4
568 569 2
465 108 13
549 601 4
170 603 13
211 289 7
412 664 1
646 327 3
592 384 1
118 707 1
175 431 9
100 506 12
301 677 7
309 142 9
113 28 9
486 440 13
9 541 1
501 680 3
565 361 11
98 510 6
271 371 1
135 261 9
674 232 9
96 437 12
633 410 8
505 432 1
556 635 7
31 452 10
676 266 6
357 225 11
23 172 5
34 643 2
532 451 13
341 133 10
124 456 10
47 223 8
1 703 10
211 21 4
43 244 2
458 465 7
336 94 12
286 521 6
201 56 11
509 16 5
411 546 9
543 653 1
518 17 11
458 667 10
619 508 1
192 579 13
674 340 13
636 530 3
714 401 8
520 139 13
641 306 1
396 40 2
136 468 8
684 349 4
265 22 11
30 23 1
419 121 4
581 599 2
678 574 5
626 375 13
62 431 9
47 186 5
337 630 7
284 506 7
80 439 2
174 247 3
331 713 7
449 40 12
306 198 4
257 10 8
354 175 6
613 617 12
419 438 1
266 282 10
703 426 4
200 5 7
8 383 11
614 457 6
40 180 6
534 701 6
537 318 11
443 571 13
574 360 2
129 223 9
647 407 7
675 281 2
664 203 10
49 591 3
640 342 9
129 273 11
493 519 1
497 501 8
331 392 12
387 563 10
517 21 11
247 461 13
678 307 8
477 531 5
70 263 11
53 530 12
66 507 2
397 324 13
584 424 10
573 379 1
210 700 11
433 565 11
526 62 3
631 50 10
275 687 13
321 387 7
7 347 1
372 708 6
302 122 3
65 326 6
117 7 5
435 307 1
552 597 5
513 689 9
56 39 10
637 682 1
707 282 13
129 9 5
263 617 2
673 466 10
148 683 10
340 226 5
305 129 8
319 579 8
353 133 10
379 97 5
491 50 12
541 267 1
168 330 2
250 331 7
380 56 13
99 502 13
465 664 12
173 146 4
610 251 3
694 627 10
443 52 7
513 299 3
251 349 9
78 322 7
378 8 13
673 592 1
281 578 4
597 15 7
470 149 13
313 357 5
146 648 9
146 554 9
163 676 1
587 1 10
427 645 13
403 584 13
416 323 9
60 572 11
558 96 11
628 10 6
95 574 5
588 301 1
283 635 8
554 112 7
3 322 11
479 229 2
398 186 9
649 321 13
154 160 3
100 708 4
445 272 4
518 257 6
497 272 6
375 286 6
470 185 13
118 90 3
15 617 4
642 280 13
430 24 7
505 68 1
676 250 3
517 262 3
516 385 2
483 696 8
127 26 5
47 34 9
673 244 6
349 330 4
181 169 7
696 525 7
208 412 11
256 266 6
513 687 7
685 344 9
496 281 11
43 133 5
61 100 12
48 22 9
193 601 5
643 255 2
712 489 10
170 506 7
517 330 7
235 465 6
646 497 1
460 231 5
166 271 11
386 350 6
296 338 9
664 217 3
528 152 13
153 55 3
160 156 6
174 108 10
91 73 1
529 103 5
705 94 12
138 661 3
129 385 5
503 351 9
249 682 13
184 395 6
80 243 10
590 190 11
450 549 11
200 441 3
78 713 2
179 492 13
380 349 13
311 46 5
390 579 8
64 423 6
663 400 7
329 419 13
258 688 2
289 659 11
442 326 3
663 385 7
32 707 5
152 70 2
487 106 9
241 51 4
676 584 2
391 414 3
70 447 2
610 441 2
383 555 1
607 674 13
700 315 1
440 494 12
396 405 9
637 493 1
213 620 5
519 627 7
103 264 2
9 234 5
241 445 5
413 466 1
363 167 4
392 462 7
65 590 8
269 646 4
474 60 1
457 701 5
312 467 10
407 148 5
366 432 11
172 625 1
148 46 10
272 495 5
229 72 4
263 611 12
208 131 8
698 226 5
625 364 13
689 23 4
553 597 4
147 378 4
232 406 5
44 421 9
659 613 13
276 361 12
390 37 11
589 97 1
472 360 5
34 163 3
200 516 8
469 670 7
175 569 8
384 413 13
357 61 2
454 514 4
284 670 12
654 602 13
664 40 3
419 667 5
615 678 3
675 356 8
673 668 11
198 402 1
580 546 4
529 491 12
522 445 12
146 483 3
370 166 1
26 62 11
581 652 8
197 194 2
437 218 8
394 311 1
247 16 11
396 313 10
13 42 12
158 261 10
700 199 4
598 57 7
143 293 11
543 36 5
584 589 7
570 256 12
283 532 5
168 650 9
444 556 6
306 347 10
624 78 4
657 14 3
550 380 5
672 17 3
158 437 11
128 247 4
489 295 4
193 105 3
54 226 1
160 175 4
196 345 3
198 231 12
176 8 8
607 114 5
367 258 1
510 704 5
86 639 5
299 257 5
208 573 11
75 212 12
557 399 12
287 21 11
644 132 6
499 661 4
490 413 6
65 198 6
640 594 1
510 305 11
554 21 5
695 670 3
613 670 4
544 462 12
4 557 13
14 584 2
243 265 9
662 539 12
266 519 8
143 564 2
236 107 3
290 105 4
660 583 3
524 286 7
259 141 7
6 275 7
409 665 2
400 365 12
58 610 3
506 435 12
158 653 3
181 133 9
142 332 8
35 327 10
354 138 4
162 102 9
625 17 10
437 538 8
647 581 5
176 143 2
181 255 1
606 664 12
170 407 2
317 598 11
276 297 9
440 21 12
64 162 3
431 265 11
121 29 7
271 77 13
236 330 1
392 126 12
96 706 9
651 119 7
545 492 9
659 706 3
444 277 12
191 408 12
657 118 10
129 560 3
454 33 5
510 449 7
411 315 8
233 665 7
174 708 5
281 99 2
141 685 3
623 510 5
494 47 2
439 111 9
541 367 12
367 133 8
653 607 11
364 62 9
465 453 4
23 583 9
707 536 8
605 309 7
301 655 11
608 350 6
413 195 5
647 179 4
353 68 4
241 54 12
122 386 1
710 425 2
643 304 9
130 332 11
152 256 2
287 35 7
690 703 3
19 499 9
213 200 7
507 567 8
152 444 4
531 324 9
445 82 6
257 520 3
686 476 2
684 365 6
606 659 1
569 364 13
89 49 4
201 208 13
56 541 3
149 233 13
577 39 9
699 468 5
671 373 10
509 98 11
162 215 5
539 522 9
272 503 4
253 387 10
237 17 10
670 210 9
596 232 4
552 537 12
653 678 6
531 538 9
419 426 6
655 143 7
636 381 7
114 266 1
563 263 9
397 180 11
191 198 9
201 68 9
326 404 4
383 382 8
393 571 1
539 359 6
704 78 1
187 194 1
219 195 13
421 105 9
27 210 6
36 498 7
376 329 7
79 282 4
237 115 11
344 401 6
237 341 3
449 467 10
156 280 9
290 165 13
2 367 8
573 688 4
97 695 12
267 423 4
389 529 12
607 490 9
5 304 1
257 343 12
99 52 3
194 320 10
87 567 1
35 264 11
528 639 13
532 676 6
399 12 8
147 400 9
247 54 4
169 182 7
684 470 3
599 326 5
458 26 1
702 584 8
186 44 7
417 419 4
114 237 8
283 318 7
50 638 11
238 661 11
115 566 9
153 436 7
329 110 5
331 653 5
465 254 1
417 251 4
584 679 9
291 55 8
29 248 7
196 162 10
698 296 8
606 657 12
546 644 4
220 442 11
704 389 4
515 382 8
455 644 5
59 246 13
413 661 9
646 408 3
366 34 1
624 253 8
568 67 5
305 17 9
254 93 5
268 402 11
469 154 9
30 144 9
4 67 1
567 82 11
477 600 3
320 267 5
144 269 11
401 237 13
31 88 11
612 661 4
40 514 7
635 226 5
341 250 12
709 231 9
669 220 8
147 57 2
276 570 5
252 451 12
47 282 4
95 659 8
599 325 8
43 462 10
319 587 6
246 561 9
563 8 8
23 414 10
412 75 6
602 494 7
90 53 10
254 213 5
174 315 6
445 676 2
266 238 9
702 91 5
89 653 3
121 353 1
160 506 1
33 510 13
395 535 3
312 361 1
125 553 8
540 408 13
275 309 11
264 587 4
671 108 3
672 82 7
121 633 3
698 622 10
320 269 7
111 625 3
231 54 11
220 548 5
698 47 12
248 409 7
627 201 7
435 129 3
167 300 8
642 539 3
436 112 4
233 351 12
648 341 8
460 651 6
94 545 9
110 686 4
400 295 3
87 466 4
605 651 12
204 616 3
624 342 7
254 225 12
705 586 10
313 612 13
247 336 6
667 120 2
467 162 12
568 502 7
549 696 9
552 615 10
470 184 1
448 287 4
273 190 7
23 286 7
245 664 2
443 525 12
598 575 9
213 656 1
335 278 1
105 330 8
656 205 2
259 343 9
111 84 10
203 521 11
321 164 6
430 4 2
318 412 9
608 55 2
185 166 11
589 281 9
565 636 4
650 245 8
409 358 7
512 320 7
92 554 6
94 237 8
418 462 10
635 146 4
576 642 1
182 393 8
60 107 8
649 445 10
686 404 3
275 659 7
497 466 7
575 233 3
287 256 4
700 427 7
11 595 10
695 293 5
489 361 1
662 98 5
383 311 7
20 331 3
211 582 4
500 632 13
198 649 2
20 354 13
78 168 13
687 333 8
107 242 11
100 195 13
170 175 8
130 73 7
381 68 7
253 414 3
643 341 12
219 199 5
276 663 9
446 50 12
354 459 4
135 657 8
388 187 5
361 406 12
474 198 8
373 153 13
178 179 1
377 163 13
691 61 4
645 637 4
237 460 2
338 668 10
407 167 8
352 600 2
77 17 5
244 410 3
442 98 13
382 430 13
351 389 4
535 83 13
574 166 8
254 153 2
220 249 2
161 146 1
223 145 3
617 292 5
211 333 11
169 314 4
113 236 13
36 22 2
240 688 7
601 79 2
413 218 6
278 552 8
522 495 7
227 257 10
596 156 10
287 611 4
163 99 11
348 377 12
283 38 3
3 404 6
223 680 2
240 482 1
300 23 2
283 342 4
55 461 12
329 486 10
545 300 5
233 91 12
154 201 11
240 220 10
376 625 10
25 179 12
151 388 4
315 303 9
270 282 13
409 25 10
315 172 9
336 704 4
213 486 4
94 602 6
536 345 4
239 387 1
351 397 7
263 551 2
387 80 9
382 704 4
433 172 12
197 360 12
223 450 8
207 686 10
391 600 5
230 107 10
382 233 5
33 459 8
210 250 8
230 112 7
619 336 10
677 216 7
237 435 1
552 207 13
393 92 1
470 26 7
301 577 11
570 173 4
417 602 4
551 56 12
459 248 12
253 365 11
525 221 10
52 493 11
639 579 1
470 204 6
291 32 9
679 359 12
238 91 9
5 356 4
404 93 5
377 312 6
491 423 3
262 516 9
100 135 8
649 490 12
253 564 4
138 502 8
479 328 8
72 180 11
699 534 6
246 355 2
372 473 3
185 474 4
206 280 10
649 359 7
516 220 3
107 305 12
72 473 13
517 99 13
555 296 2
374 157 5
104 23 1
460 479 1
580 189 7
610 529 1
693 694 11
656 35 2
278 458 3
460 304 3
483 80 4
220 389 9
231 383 2
523 594 12
281 375 6
412 454 5
69 95 9
384 585 1
280 36 8
306 59 2
533 96 13
392 33 13
440 7 2
368 641 11
65 192 9
485 89 3
347 596 9
378 352 1
306 297 7
641 425 3
244 107 3
527 706 5
59 703 2
506 145 11
215 412 5
603 266 10
471 404 12
408 637 3
574 256 9
515 618 4
618 359 6
128 444 6
601 277 9
631 286 6
6 73 7
424 454 10
122 693 4
183 270 11
202 66 7
621 584 3
534 696 6
500 78 5
45 121 4
278 524 3
179 385 1
556 264 12
621 226 11
211 666 3
235 540 12
24 685 6
521 584 13
351 317 11
613 427 3
213 575 7
430 311 7
219 351 13
51 371 13
410 412 6
417 83 7
120 705 10
465 549 6
653 148 12
623 472 3
693 277 8
536 605 8
204 324 5
384 680 6
144 45 2
457 483 10
401 322 11
485 148 5
662 714 11
140 587 9
190 566 13
249 293 4
335 641 1
260 381 10
537 78 9
465 309 7
360 453 3
244 517 7
232 546 12
343 141 2
631 319 10
265 349 13
392 615 3
89 644 13
507 377 8
658 124 7
157 298 2
148 141 5
88 390 11
337 173 3
400 30 13
341 97 10
64 227 5
222 187 1
558 119 1
511 542 5
447 401 3
503 651 10
220 509 10
579 633 3
346 368 4
248 498 1
406 296 6
65 691 6
380 310 13
188 302 1
504 603 8
130 96 13
351 583 6
612 117 12
284 540 5
435 585 3
582 587 12
199 47 4
480 442 2
702 422 11
446 649 8
491 478 7
715 207 9
619 292 11
542 486 11
480 290 4
64 221 2
33 384 13
318 18 5
298 575 6
173 523 9
329 236 3
254 361 6
399 678 9
296 288 13
462 245 11
209 198 8
12 221 11
92 396 2
95 1 2
403 548 7
618 177 3
1 391 5
301 422 8
422 491 4
395 312 6
55 549 10
547 590 9
212 383 4
186 107 6
428 641 12
600 138 2
617 499 10
13 137 10
364 579 7
130 545 5
239 317 1
350 411 3
431 274 12
614 680 7
299 600 6
318 663 4
449 172 11
46 575 3
705 99 9
643 300 1
274 276 6
606 711 9
73 255 5
630 262 9
589 573 7
492 555 2
386 515 11
527 512 7
104 479 4
369 198 13
328 320 3
517 352 5
233 135 4
280 147 12
712 505 13
647 384 7
622 95 11
459 89 13
673 438 7
528 522 13
642 267 13
160 700 3
250 522 9
218 673 13
16 16 10
388 36 4
433 48 11
35 330 9
8 519 11
132 260 4
258 323 13
81 237 4
664 320 7
221 386 2
422 333 13
391 396 1
590 579 11
626 635 5
226 390 12
469 545 6
665 335 11
582 206 12
199 224 10
296 433 12
558 367 2
63 377 1
68 172 11
525 646 12
600 298 6
639 234 5
70 493 2
430 438 11
496 226 2
663 326 5
557 618 9
501 314 9
693 336 3
601 621 10
589 303 13
70 190 13
454 41 5
552 509 8
706 590 11
231 432 2
60 229 4
550 139 8
432 558 4
529 557 4
617 700 12
508 298 12
433 51 7
288 548 1
607 617 1
251 188 11
425 223 4
696 571 7
143 48 9
63 203 6
703 187 9
416 612 1
256 604 2
161 304 4
329 82 8
636 453 4
626 623 10
281 664 5
127 69 8
243 155 8
341 381 7
356 428 4
301 211 2
209 40 10
263 245 11
585 605 13
335 558 10
325 158 11
649 282 13
595 218 10
657 117 9
233 167 9
496 582 12
527 399 11
495 63 13
603 83 8
47 1 12
174 504 7
13 87 8
708 696 11
136 632 10
221 37 5
137 425 8
490 4 7
638 578 3
540 626 4
519 441 3
284 571 6
564 698 5
156 92 1
495 126 10
699 557 1
77 418 10
214 113 9
486 610 5
197 554 6
666 584 6
158 268 10
590 649 1
170 581 1
705 445 12
407 20 1
615 96 1
696 29 9
669 505 8
271 364 1
355 686 11
702 30 7
665 634 3
661 401 4
545 656 11
209 31 1
81 616 10
138 713 4
292 230 1
317 294 6
132 463 10
34 627 8
182 123 6
493 26 13
435 536 8
667 210 7
464 434 13
95 560 6
90 100 4
551 579 5
149 261 12
553 370 7
454 302 2
672 513 13
517 183 5
346 399 10
504 660 5
600 306 1
472 228 13
702 394 5
253 567 6
96 360 2
425 524 12
445 455 10
471 646 2
142 59 2
514 697 4
69 593 5
46 618 8
279 329 12
285 253 3
139 446 11
154 196 7
278 455 1
272 289 1
214 322 12
77 547 6
295 427 4
130 443 13
215 94 11
622 346 7
369 67 13
117 12 6
76 559 4
460 271 4
532 40 3
425 492 10
68 197 3
155 563 5
593 135 11
465 351 5
139 258 10
569 206 2
368 74 12
436 418 2
76 94 4
261 95 1
558 4 8
280 44 7
253 336 2
397 258 13
248 657 9
454 459 5
361 365 2
560 624 5
558 472 1
695 543 3
486 533 9
406 303 1
306 488 1
398 537 2
78 363 3
220 471 7
520 122 11
544 198 1
525 362 4
70 400 9
330 345 1
349 123 3
679 336 3
417 538 1
194 288 1
662 291 9
162 330 7
484 552 8
536 522 10
275 686 3
246 128 5
447 151 12
360 122 4
585 313 4
89 452 6
559 309 7
122 131 13
219 161 10
508 466 5
681 459 3
130 555 1
362 215 2
76 102 10
17 86 8
451 494 12
488 426 7
540 297 8
697 79 7
86 547 8
248 683 7
312 495 9
680 534 12
521 270 3
236 36 8
367 526 10
43 663 2
107 702 5
440 72 2
352 275 5
271 276 6
276 172 5
164 190 8
462 595 10
356 103 9
685 580 7
74 138 3
437 262 6
119 191 11
315 573 9
109 358 2
215 579 2
480 85 11
430 72 5
278 207 2
434 570 3
127 465 6
603 32 8
414 675 9
77 619 6
133 51 8
204 70 3
232 494 9
131 403 13
143 221 8
239 601 10
204 236 2
470 34 6
614 612 13
635 183 5
172 710 8
159 629 7
355 374 5
468 282 7
194 429 4
49 528 7
568 570 12
538 80 1
415 302 6
244 595 2
672 476 12
322 282 8
340 4 9
432 592 2
187 209 12
431 278 7
33 536 7
390 192 4
12 118 3
15 46 5
601 575 12
370 78 13
23 245 8
189 144 4
273 486 10
653 698 2
266 267 1
203 323 5
393 462 13
438 594 11
700 502 12
637 234 2
631 419 1
451 586 12
33 443 4
355 172 10
655 654 2
620 179 6
415 343 1
42 525 8
104 112 4
13 539 7
153 597 9
438 574 10
239 619 13
116 237 12
393 413 2
266 412 4
514 606 5
410 708 11
498 330 2
56 132 9
632 302 11
591 337 6
27 93 8
276 626 4
109 278 13
193 579 11
548 115 8
506 552 12
597 666 5
549 398 2
370 677 13
63 641 13
570 15 3
494 401 1
669 32 5
582 563 5
301 319 13
139 429 12
148 481 3
580 355 12
658 314 5
103 122 12
140 636 1
571 373 6
268 128 3
246 259 5
434 371 3
203 710 3
385 704 13
456 332 8
171 61 2
183 127 8
330 708 13
161 684 6
608 209 4
569 238 12
320 117 3
43 67 12
510 509 13
117 353 3
525 608 5
140 33 3
74 482 4
608 252 1
673 449 7
631 393 7
401 552 2
170 444 6
592 101 11
98 222 5
142 370 5
584 257 11
572 213 11
330 290 10
581 231 2
623 598 5
190 153 9
9 504 3
666 430 10
494 135 12
340 72 10
363 682 12
396 258 8
634 163 13
50 206 13
685 428 9
608 75 13
528 320 12
470 681 10
3 691 4
560 407 2
218 50 3
334 15 5
348 62 8
572 25 5
233 406 6
42 169 3
65 431 13
164 65 13
549 410 4
276 143 1
213 5 7
462 161 12
586 590 12
668 476 7
650 428 13
177 206 10
594 620 7
273 283 9
481 17 8
85 573 2
418 618 5
320 510 11
396 622 12
510 176 4
543 514 3
63 368 2
683 180 7
294 168 1
640 580 7
194 322 4
569 50 2
619 326 10
440 201 4
693 166 8
683 654 9
590 239 3
565 28 8
213 384 7
592 420 10
220 381 7
640 242 8
352 248 8
104 206 1
181 465 6
248 349 8
633 181 5
116 478 3
306 152 1
303 7 3
130 323 12
287 189 13
425 668 12
185 363 2
518 220 8
11 380 6
564 317 11
400 178 5
558 137 10
337 503 1
614 327 3
164 283 6
698 181 12
10 585 9
181 227 1
356 508 7
589 339 2
170 697 1
96 478 10
283 638 4
412 412 10
7 592 4
334 612 12
400 189 12
176 696 2
485 687 8
393 249 11
671 636 10
289 18 7
575 636 12
620 628 8
300 522 8
543 677 6
55 714 2
127 213 3
346 586 2
238 52 13
116 409 5
700 323 2
355 442 6
274 395 10
312 672 9
123 501 4
5 492 5
710 324 3
426 468 5
32 16 12
623 14 4
226 70 11
300 384 10
550 466 6
509 604 4
27 186 13
398 182 10
342 301 2
490 568 7
454 217 7
278 353 11
62 538 10
619 133 4
678 576 11
97 158 11
319 154 5
317 524 11
37 286 6
524 249 7
432 370 4
457 292 13
355 212 6
197 614 12
191 166 5
329 75 3
397 613 7
468 314 13
127 181 4
502 634 11
224 336 7
566 302 7
646 338 12
437 234 4
589 124 10
172 422 9
103 148 1
474 626 10
201 671 13
644 27 11
233 709 1
461 603 1
648 591 11
11 29 5
490 533 8
152 19 13
709 649 1
267 352 1
628 705 3
519 62 9
241 499 8
416 539 2
261 226 2
482 328 8
538 326 5
97 404 3
376 221 11
222 471 9
670 446 12
8 447 11
194 468 6
12 573 9
431 565 7
43 596 11
412 364 8
656 174 10
271 435 4
476 582 13
643 258 5
191 419 2
550 681 3
101 337 12
340 518 3
146 235 13
282 222 7
429 399 2
99 24 11
372 538 10
253 531 8
417 683 4
713 511 3
645 538 11
128 512 4
684 593 10
641 401 10
220 623 8
664 536 12
63 291 9
410 71 9
330 649 3
62 297 4
246 649 13
3 480 5
359 72 5
306 198 4
37 540 7
323 157 10
678 547 6
632 232 5
300 143 6
713 2 11
561 142 4
402 348 5
405 629 3
253 415 8
607 570 7
280 556 2
624 457 1
676 436 2
468 338 12
442 272 4
20 75 12
146 52 12
634 249 12
361 603 3
560 307 11
559 66 12
405 691 9
437 60 11
644 43 3
686 231 2
476 546 10
275 438 2
199 85 13
123 579 8
400 315 6
90 714 7
366 548 1
421 285 10
511 323 2
637 361 7
21 592 3
115 372 13
184 332 12
561 599 11
233 435 4
684 610 13
558 220 5
635 461 12
95 555 4
333 204 9
686 32 12
147 619 3
476 308 9
570 195 5
499 54 4
15 388 11
703 393 13
610 462 12
285 621 12
712 129 5
167 366 3
645 279 5
649 374 12
401 415 4
350 630 11
129 370 5
158 501 9
536 318 1
379 69 2
390 158 13
311 700 5
1 426 13
587 72 13
99 193 4
623 417 7
380 223 12
83 153 4
82 280 13
585 357 13
120 695 8
540 321 11
270 652 6
16 212 1
127 563 13
159 634 7
617 596 3
174 675 3
109 602 11
374 270 10
189 479 13
386 527 4
163 416 13
580 558 6
469 613 6
383 539 9
109 537 12
707 459 5
19 427 5
303 438 2
653 333 9
287 404 7
663 229 2
138 657 1
608 247 9
120 66 2
253 257 10
318 676 12
90 550 13
236 171 10
240 217 8
83 468 9
402 294 1
275 492 3
459 233 2
157 50 1
106 211 13
286 348 10
189 175 10
297 627 12
227 711 13
312 480 10
476 181 1
539 318 12
298 6 5
189 366 1
345 209 5
415 464 4
663 673 3
66 615 12
538 120 13
490 688 7
654 265 7
353 579 7
315 419 13
153 334 6
382 713 10
93 233 10
244 317 10
251 564 12
251 513 5
469 697 4
76 554 2
541 381 6
324 631 5
181 52 13
89 286 11
611 368 5
103 380 10
123 412 12
183 711 7
412 187 5
121 702 8
618 618 8
200 273 9
523 400 2
491 5 3
343 533 2
512 479 2
640 319 12
519 706 5
130 456 4
549 321 9
354 230 12
509 102 6
268 145 10
306 581 11
24 382 6
133 152 1
580 461 2
537 696 3
677 112 1
664 385 6
605 505 5
84 707 7
137 63 12
80 52 5
561 136 2
5 299 4
662 317 11
638 554 1
53 216 10
526 25 6
47 81 1
34 315 12
615 480 3
104 595 12
604 417 11
543 576 5
148 31 6
312 336 8
649 699 12
97 679 11
485 624 9
428 505 4
597 243 9
292 30 1
148 582 12
537 263 1
249 175 12
74 486 11
251 373 7
168 711 7
225 678 3
136 165 13
482 612 12
173 270 5
439 607 1
145 606 2
87 116 13
713 1 6
669 146 2
645 274 2
300 539 10
617 483 6
51 333 9
226 464 1
301 195 11
518 540 1
16 368 3
687 286 8
450 152 3
485 485 2
452 20 12
205 456 1
465 358 3
627 252 13
449 473 10
280 379 4
48 257 11
219 143 12
685 424 4
20 464 9
214 195 13
565 271 5
541 362 8
615 481 2
7 53 12
130 287 7
379 2 8
604 66 9
123 31 11
197 15 9
192 341 11
201 294 11
347 386 5
51 275 11
258 84 2
330 554 8
332 714 7
201 497 5
109 58 7
442 290 9
660 528 11
347 160 13
371 167 1
183 1 5
557 324 6
307 175 3
281 513 9
477 642 2
413 662 13
516 132 12
465 543 7
460 536 6
168 7 2
537 259 4
531 468 5
242 360 8
227 33 9
278 331 10
27 272 7
129 694 9
331 545 3
434 259 3
616 483 13
195 555 5
60 397 10
550 668 12
339 52 1
564 73 13
39 500 5
360 612 12
496 406 11
531 179 2
145 219 4
221 558 6
663 70 1
571 273 8
474 261 3
313 549 1
599 129 2
555 42 5
133 675 1
90 366 13
636 30 5
114 640 1
213 97 4
498 586 10
468 198 5
394 681 3
438 86 6
329 305 12
429 458 6
543 407 10
530 182 5
445 505 6
36 60 5
256 280 13
450 76 8
640 83 12
477 295 2
473 351 2
393 259 13
229 587 12
76 222 13
564 584 10
381 475 10
11 179 3
5 146 1
99 73 2
9 484 12
377 557 1
15 548 7
448 360 6
705 571 2
295 658 8
605 72 11
705 20 1
422 111 11
31 65 7
199 31 4
545 287 13
5 700 11
108 506 12
123 402 12
331 440 4
607 659 7
560 510 6
360 493 5
707 171 6
619 177 7
645 145 6
714 154 13
612 622 5
664 295 10
423 593 11
525 121 1
657 248 11
627 469 10
474 112 7
296 285 7
715 216 4
142 561 8
463 472 12
241 203 12
41 597 4
166 598 5
411 120 3
656 532 13
537 264 1
614 304 6
119 36 9
679 522 9
577 145 5
238 118 8
656 22 8
19 309 5
602 401 4
67 238 5
177 557 10
501 397 10
8 234 3
84 529 10
503 213 13
371 447 4
178 446 8
149 112 8
14 213 7
640 666 8
96 255 13
622 703 8
122 161 4
624 333 2
591 78 4
273 290 12
563 243 6
648 550 11
29 226 3
313 325 4
71 440 12
126 301 1
75 281 3
714 105 11
69 307 5
553 618 6
598 681 1
343 414 3
306 697 9
164 247 5
16 191 5
297 643 9
15 295 10
557 694 9
343 78 10
481 395 7
576 452 1
399 570 10
273 570 10
259 146 10
687 694 12
140 708 5
210 244 9
130 27 4
477 591 7
121 650 1
529 37 5
45 618 3
492 591 6
616 697 2
141 205 10
619 657 13
628 646 7
316 19 4
545 33 13
627 578 12
539 391 12
415 61 3
517 360 2
546 26 13
702 261 3
511 714 11
65 79 1
291 300 2
114 668 12
626 113 4
595 29 10
130 63 8
618 707 2
403 368 2
642 272 3
477 88 2
513 558 3
142 395 11
114 527 5
599 503 8
61 207 9
448 225 6
292 108 1
659 706 3
425 194 11
22 67 6
681 430 13
391 412 3
78 254 4
207 549 12
214 544 8
219 611 9
505 494 7
56 30 12
680 92 3
151 697 6
711 631 12
706 267 11
155 664 4
678 494 11
521 216 10
138 610 5
222 140 5
227 655 8
665 367 4
550 293 2
168 4 12
317 10 9
176 531 7
24 321 13
694 235 3
264 341 10
686 641 13
573 147 4
233 329 12
203 576 12
278 640 11
484 292 7
201 42 9
428 97 13
546 160 12
382 629 9
196 658 13
35 518 11
106 694 5
107 625 5
580 648 7
621 17 11
428 195 4
220 305 4
321 620 6
171 181 9
683 117 11
269 360 2
629 365 7
35 95 12
573 397 5
550 351 6
136 214 1
448 388 13
410 217 9
94 373 1
586 570 9
130 602 3
67 401 13
10 566 7
340 151 11
404 422 8
497 61 12
270 415 6
110 582 3
469 364 8
95 539 12
324 40 8
618 684 6
343 22 5
18 359 9
301 455 1
433 667 12
447 471 13
358 423 11
245 210 2
510 7 8
623 465 6
388 59 12
30 129 7
290 484 12
390 267 3
534 196 4
21 394 7
255 551 11
356 119 9
66 2 8
290 448 9
446 666 13
99 567 12
699 36 12
361 284 10
665 26 5
103 345 10
543 700 2
4 252 5
491 602 6
69 462 5
650 593 3
337 153 4
225 80 3
100 419 9
434 211 13
65 47 9
484 199 2
414 476 13
540 401 7
460 452 3
347 571 1
233 13 10
466 23 9
538 667 4
48 612 3
660 265 10
145 581 2
562 663 2
108 410 12
596 83 10
572 35 1
446 317 11
445 587 6
603 119 7
451 412 5
640 229 13
45 583 13
300 237 10
476 330 13
663 376 7
237 333 5
646 113 10
435 468 10
305 627 4
630 604 8
186 478 9
387 284 7
115 13 8
333 683 2
452 575 2
323 612 12
645 15 7
350 399 5
607 113 10
503 117 7
44 183 13
291 393 7
163 652 5
585 625 2
650 439 2
590 286 11
124 533 5
549 4 13
185 204 7
472 521 4
73 185 7
217 600 12
496 575 2
155 248 3
344 305 5
341 509 10
689 120 3
9 333 5
88 5 4
111 213 2
619 619 5
712 129 11
529 662 8
372 480 13
380 128 3
714 237 12
174 445 3
98 72 6
24 316 8
465 607 5
201 702 4
63 343 1
504 184 9
507 414 8
161 14 5
282 458 7
214 249 4
171 131 3
326 87 4
48 521 2
271 206 6
11 475 9
623 221 12
653 515 4
245 328 8
227 288 10
53 278 10
493 223 12
218 178 4
415 235 4
271 370 1
312 502 1
666 312 3
264 599 3
622 342 4
91 110 1
458 276 4
410 2 10
201 249 8
499 407 11
214 12 3
652 529 11
192 10 2
253 79 5
143 386 6
480 537 10
63 644 11
556 560 10
204 394 4
273 349 10
669 300 3
643 680 3
677 421 1
445 697 3
147 312 12
523 167 5
477 457 13
670 581 4
439 168 7
204 259 8
331 133 9
8 226 3
69 307 5
622 108 6
608 640 9
446 137 13
597 451 9
600 421 4
81 712 1
353 629 11
42 472 8
115 169 2
430 277 2
196 92 9
322 312 3
76 684 5
112 207 12
399 275 5
108 486 7
366 125 11
89 192 9
129 715 9
251 536 11
444 361 7
358 177 3
264 40 3
660 139 5
355 446 5
274 608 1
450 68 7
165 355 7
426 382 10
203 152 5
148 142 6
644 239 9
168 540 11
435 538 10
397 55 8
687 362 7
503 606 6
514 117 1
94 202 8
68 426 5
458 370 1
422 302 2
706 223 7
82 522 13
107 661 3
344 381 10
547 4 12
92 293 7
90 457 2
357 177 2
476 22 7
141 271 4
531 670 9
309 23 9
654 633 9
38 529 2
156 126 12
372 126 2
227 19 4
126 635 4
423 458 1
577 340 10
157 470 11
330 346 10
492 495 4
676 22 7
496 697 11
154 149 3
657 211 3
44 278 2
664 379 13
18 6 10
488 192 9
495 455 12
476 77 9
85 225 10
166 41 10
533 493 3
225 298 13
422 61 6
370 264 5
680 175 3
404 101 8
169 688 5
362 39 11
325 586 10
541 525 4
653 18 4
365 527 1
261 76 11
343 513 10
589 509 12
616 59 11
106 715 6
161 281 7
14 512 5
19 475 3
605 317 3
7 395 7
141 563 10
473 251 4
406 619 10
364 294 11
111 259 11
442 351 3
205 393 13
14 598 13
121 570 2
439 137 3
313 523 11
387 605 12
5 449 13
606 213 10
425 155 6
446 259 7
399 551 7
81 415 6
310 691 1
56 484 11
130 46 6
630 605 10
139 86 1
522 107 11
238 60 12
578 10 12
171 356 1
64 203 11
555 130 4
266 470 1
546 471 4
135 1 8
99 400 1
154 51 10
108 55 2
218 491 9
229 313 3
554 597 6
697 187 4
693 469 11
102 686 1
281 596 2
455 338 8
280 85 4
580 179 5
448 433 10
663 655 7
112 22 13
302 12 1
306 579 11
173 453 4
37 35 6
598 713 6
544 113 10
323 401 13
597 584 7
125 477 11
188 220 3
125 692 8
178 7 13
233 1 10
414 672 11
667 582 7
712 609 6
484 538 8
684 126 1
176 325 8
681 406 4
55 441 13
510 116 9
350 373 3
313 658 2
275 434 12
430 165 1
319 704 10
17 72 1
200 119 2
19 450 3
93 38 3
631 247 12
593 547 4
675 330 10
305 85 5
234 323 6
81 30 11
431 592 2
577 298 7
401 386 8
228 472 6
79 373 9
685 537 7
26 321 1
246 664 3
233 397 4
714 527 12
415 422 12
467 236 12
562 354 9
179 314 10
389 21 13
275 400 10
180 149 4
174 400 8
492 11 4
618 533 3
684 460 10
56 509 3
140 215 1
521 607 13
483 555 8
302 696 7
105 627 12
128 205 3
494 235 12
428 78 8
551 359 3
2 374 10
101 557 7
230 57 9
456 131 5
484 528 6
389 65 13
362 415 2
325 86 4
671 43 12
38 52 11
55 458 12
26 247 5
52 46 2
392 568 1
357 37 2
285 131 2
321 423 11
151 473 12
666 563 10
308 248 3
76 3 11
631 144 10
237 714 9
600 690 8
671 32 5
91 142 12
313 489 1
570 18 5
427 297 8
596 118 10
703 567 7
387 57 9
384 273 9
686 457 13
294 64 9
253 55 5
662 64 9
552 490 9
313 555 11
342 140 3
334 347 3
225 454 6
14 191 1
238 326 9
512 386 4
570 558 7
3 484 9
383 597 6
523 109 12
90 595 12
8 199 3
648 570 13
531 249 4
316 351 12
258 113 2
8 196 4
293 642 12
501 245 2
453 627 3
338 388 3
368 344 3
320 398 3
1 707 4
207 551 6
269 580 11
540 465 7
642 42 7
591 257 12
581 286 7
498 22 12
94 127 3
709 221 4
61 698 1
242 451 3
669 277 1
555 662 3
18 507 13
215 164 10
71 630 6
585 468 11
450 520 3
454 346 11
708 298 13
17 381 12
29 307 1
342 699 8
555 362 7
21 383 3
640 16 8
487 248 7
353 106 9
457 450 7
128 536 3
167 23 13
490 42 10
108 600 6
374 595 1
285 609 2
394 591 4
438 361 5
488 58 1
241 115 4
391 619 10
682 712 8
622 55 13
609 226 3
218 247 7
396 686 11
681 348 1
319 194 2
629 72 2
68 466 9
127 620 2
600 148 5
541 580 2
630 261 6
271 329 9
434 141 9
158 150 12
307 141 3
19 580 3
116 594 3
514 231 11
198 656 1
655 276 13
352 7 10
363 687 5
682 280 12
21 93 11
617 221 4
334 197 5
498 566 12
58 461 13
599 459 12
524 382 2
454 239 5
256 519 10
431 78 12
492 229 7
622 522 5
58 399 13
72 711 1
643 655 1
408 635 1
461 405 5
629 662 10
376 583 10
396 410 5
31 425 10
520 581 9
41 222 7
150 175 8
498 437 3
552 3 5
712 33 7
348 173 1
140 603 12
649 110 6
431 280 2
11 166 12
439 593 13
416 689 2
620 68 4
701 403 10
413 539 6
667 149 2
318 606 1
39 515 7
573 569 2
548 286 2
386 689 3
354 191 7
88 325 11
69 102 6
4 315 9
167 466 12
246 230 11
163 34 3
167 183 2
204 514 3
209 512 3
265 201 3
185 220 10
388 58 4
565 199 13
278 67 3
241 584 5
375 250 6
68 56 5
550 485 6
338 584 4
420 505 9
474 558 13
523 586 6
706 218 12
382 261 1
207 667 10
624 16 1
159 312 10
217 599 11
621 91 13
12 324 12
586 568 3
43 465 1
651 538 2
690 338 4
69 412 9
694 257 7
240 527 8
488 45 6
151 547 6
233 136 11
369 52 1
373 524 4
16 673 1
616 637 2
465 97 11
526 523 5
190 68 1
354 172 8
635 86 3
324 191 2
484 40 3
674 97 12
241 104 2
283 154 10
204 503 13
552 713 13
546 114 11
543 392 12
715 391 3
591 364 8
404 108 1
669 351 3
125 167 6
597 286 11
473 514 8
66 277 6
612 311 1
92 349 4
668 170 1
568 100 1
341 655 3
375 76 12
89 450 7
188 518 1
271 381 11
643 687 11
702 295 10
371 465 12
80 525 10
715 100 3
289 497 13
150 480 13
643 386 7
568 497 1
444 291 1
190 410 8
212 639 9
434 183 9
158 133 1
22 238 7
618 70 5
541 444 8
451 438 2
547 198 3
355 486 9
630 550 6
179 333 9
140 185 10
388 82 7
360 588 5
91 540 3
459 581 5
379 359 13
704 8 9
106 151 9
411 162 7
46 440 12
569 287 2
692 600 12
456 691 3
369 577 9
20 503 1
701 556 6
325 598 2
242 277 10
567 562 3
596 299 3
541 528 12
252 641 11
141 444 2
343 431 5
113 321 12
428 621 10
430 361 8
517 112 5
556 604 6
615 371 6
655 520 6
371 62 7
412 513 1
211 246 7
129 715 13
637 656 7
390 589 13
428 139 6
3 364 11
179 447 12
686 36 11
710 480 6
444 230 13
165 79 2
555 563 8
664 211 4
467 259 7
37 112 12
143 577 3
95 347 4
691 656 13
258 65 11
195 435 2
655 427 5
545 286 1
436 476 4
126 188 7
128 117 13
346 137 1
57 426 8
161 524 4
393 467 13
674 165 6
485 215 9
609 525 7
681 711 6
663 402 13
168 465 9
67 342 13
553 616 8
326 482 4
565 59 5
519 86 13
508 532 7
3 327 5
337 251 3
222 107 12
615 122 12
423 142 7
50 179 7
137 554 4
120 434 8
489 418 1
714 78 10
290 484 1
670 54 5
300 53 12
433 559 11
254 700 12
340 357 4
57 98 2
18 589 10
132 583 8
235 306 8
602 14 7
190 596 11
312 661 2
46 317 2
554 54 7
421 681 4
238 53 10
354 243 6
18 286 9
378 613 13
8 87 3
586 600 4
401 56 2
439 107 2
606 420 7
144 499 7
121 596 8
177 486 2
463 581 2
713 103 13
343 18 10
136 327 7
463 154 1
327 492 1
25 371 3
541 40 2
146 416 7
400 12 11
555 664 7
566 469 6
694 19 2
22 417 5
364 525 9
100 109 13
674 84 4
373 293 11
82 508 2
374 557 5
423 674 11
552 585 9
294 259 10
324 639 6
179 517 4
571 464 13
424 502 8
259 556 10
442 560 3
660 375 1
212 224 10
699 233 4
376 491 4
700 677 3
628 615 1
191 110 5
559 178 13
25 660 6
568 603 2
184 118 6
99 640 5
277 617 10
100 1 3
104 341 3
97 189 11
436 177 3
314 459 9
286 380 9
466 109 7
381 643 12
193 412 10
363 688 1
334 378 12
108 22 11
316 322 9
320 579 3
388 448 3
39 437 10
387 680 7
67 182 1
92 711 2
425 687 2
535 211 4
265 110 11
106 203 11
138 113 2
529 566 8
412 447 3
202 52 5
328 586 1
630 597 7
705 699 1
105 348 13
130 706 12
240 352 5
597 129 12
32 507 9
475 521 13
534 440 4
417 698 8
712 385 6
551 9 12
439 270 4
535 634 8
406 56 10
130 165 11
586 622 11
144 381 7
399 463 8
291 403 11
401 664 6
376 586 12
617 128 6
80 378 6
707 648 13
295 689 6
173 54 13
43 634 1
224 379 8
88 681 6
596 580 4
561 194 6
683 44 10
582 277 8
554 127 11
260 230 11
54 616 8
174 172 1
539 383 8
248 218 12
640 279 9
23 401 11
124 572 2
595 125 4
644 668 9
678 171 11
261 660 13
529 135 9
460 372 2
693 479 7
660 252 13
166 393 1
212 501 12
191 259 8
371 219 3
418 24 10
410 683 6
50 617 7
422 454 7
423 181 5
404 164 2
44 256 10
82 587 1
482 216 6
651 547 5
344 123 13
465 685 3
589 610 8
502 623 10
653 335 10
562 387 5
616 244 13
219 18 5
205 659 7
163 649 12
503 385 8
561 234 5
573 191 8
15 286 13
298 577 2
341 327 4
559 575 6
333 664 13
715 59 8
710 148 11
638 529 3
501 524 12
196 597 7
414 335 3
329 117 3
677 347 2
13 57 2
157 38 2
547 267 10
188 379 2
274 268 4
426 656 10
563 590 6
560 254 13
22 700 8
313 347 5
701 296 4
645 271 2
585 114 12
88 505 10
156 568 5
84 404 2
401 395 10
324 346 2
84 335 1
11 404 8
192 639 9
173 205 10
598 389 4
273 466 3
443 109 1
94 627 5
344 40 8
53 712 8
516 534 4
236 608 5
388 191 13
397 449 3
384 191 1
101 393 10
356 429 13
279 182 6
606 666 5
712 142 8
530 354 3
317 588 2
700 493 3
369 314 13
390 1 8
639 458 1
541 586 5
512 137 8
535 186 12
349 532 13
444 335 3
677 41 4
274 230 13
462 242 5
624 318 8
129 677 6
683 340 3
174 125 13
220 306 11
30 375 6
395 354 8
270 615 10
189 507 7
35 499 9
630 380 6
374 571 11
519 436 4
186 548 11
654 539 8
257 466 6
365 89 4
252 440 10
348 27 8
196 339 13
21 465 11
597 192 11
183 567 9
306 393 7
633 281 4
387 637 8
367 457 5
225 645 4
678 498 7
404 434 10
6 69 8
157 379 2
443 117 2
339 196 11
332 153 7
53 244 10
602 149 10
71 343 11
336 666 13
248 322 3
356 168 3
250 564 11
233 416 5
38 245 10
643 705 12
599 171 9
682 526 10
412 170 13
285 213 13
570 297 13
616 575 9
598 428 2
704 326 8
133 642 1
359 226 7
346 446 9
274 532 8
18 372 13
141 525 5
78 276 13
34 158 2
270 701 11
667 30 4
445 558 2
601 306 4
75 686 7
660 144 3
647 707 1
657 394 3
310 27 2
497 597 7
186 423 13
33 612 10
424 712 2
432 396 9
600 702 3
531 598 12
205 140 6
427 711 4
704 29 11
26 714 10
327 305 9
242 510 7
505 66 8
191 650 7
112 560 6
713 289 13
465 392 1
90 294 1
352 408 4
675 455 11
161 449 11
286 686 1
125 575 5
611 229 4
104 592 10
400 573 3
190 419 6
362 33 13
697 468 6
432 700 9
480 417 10
602 397 11
592 390 3
574 52 1
588 54 5
229 41 3
88 510 3
258 200 7
444 574 1
500 136 12
679 384 8
431 416 12
671 339 4
235 565 12
673 243 1
176 601 3
633 661 1
543 48 11
183 645 8
533 591 4
236 533 3
432 517 9
362 326 13
517 335 12
151 9 12
107 38 6
546 621 13
340 363 12
143 22 9
491 99 13
387 642 6
577 687 5
666 243 4
60 391 11
395 666 13
10 360 3
598 655 1
475 402 10
221 545 4
84 308 2
65 520 11
708 199 11
172 384 3
341 212 12
202 265 3
370 35 8
651 137 10
663 352 1
586 122 11
162 669 7
520 157 13
662 75 13
200 700 13
265 56 3
700 222 5
561 173 5
500 704 6
476 156 3
583 462 6
281 193 2
268 242 12
192 453 12
185 58 9
707 195 7
325 533 1
410 354 12
332 619 3
451 675 12
373 669 6
140 353 7
284 253 1
301 289 3
302 532 11
618 124 8
147 634 6
251 585 13
328 170 13
129 268 6
224 167 6
70 682 4
417 133 5
268 96 6
606 111 3
650 395 3
676 76 11
522 515 10
571 32 10
583 208 13
