855 3366 196 751
687761 680121 908509 29075 121351 245980 678378 164832 815767 484334 864765 164200 218852 516684 990588 908900 752483 841429 826641 254507 447454 543391 33343 430579 392121 450468 694681 660746 552477 710431 564246 70318 583448 994556 780453 997581 311353 341948 564352 6338 372701 833405 268452 609718 971705 291212 921625 503904 276571 956817 690650 791702 850508 508101 46465 14782 99496 546118 847936 199975 295938 960839 917920 448217 735572 677890 144166 188507 679743 473663 741921 630559 205437 920355 85765 380436 732542 487385 570158 462129 105587 8257 776940 659675 696919 80276 372571 98708 769553 926130 322932 369719 238096 110587 156027 16089 847250 102177 225349 310969 298088 998684 352538 880105 126877 232500 591079 332479 549344 798891 867526 593837 735025 877973 816457 684611 103787 589655 887677 30631 393722 452399 327890 464537 861646 609690 373215 140646 254155 961658 269726 111003 93988 408110 179307 723330 557135 439471 176861 872400 826254 631877 884103 217949 218682 982199 227607 43400 199243 448128 504242 115998 818929 608353 828398 450645 720764 42735 506155 508920 69187 923340 223205 969964 589925 510793 844771 142679 15226 162909 847885 918926 121432 397013 430817 85118 55073 618831 170696 328324 309073 611969 838459 844560 927525 207475 473999 971657 583787 122591 970425 668859 599169 598789 795686 58681 55897 672829 1138 450032 251366 737012 515150 286664 209539 482998 557602 994484 651587 200322 102581 606598 529753 7634 806895 237058 760941 112523 281596 761447 403744 487117 765157 883849 99179 333881 571585 171695 370859 730597 156908 802420 226986 909449 429008 52379 649936 333802 367712 930209 8187 773345 868189 959673 862283 667947 901486 761249 124429 640808 488005 819685 535908 384557 100759 958342 593282 750467 229774 366144 356519 979953 405167 585743 413645 518543 726548 928207 579413 241081 108072 959349 319086 754642 371319 163469 505982 746424 506774 796073 230969 848564 896191 171847 651046 360604 114307 281273 224183 665250 190934 358431 537551 790135 594430 109615 410039 545108 594554 656507 474998 27884 54761 459727 867580 707540 720828 471256 525705 645695 508079 223636 961330 807356 17450 134175 888608 757771 158230 2323 914781 906787 59112 950306 957031 377741 742681 145639 288800 536733 772844 816092 983499 327924 494660 816514 469595 522572 914201 851173 444662 972432 136898 765054 741792 397318 518832 557618 640622 458166 725719 643104 566370 893272 933736 391733 215839 322363 52961 249998 594676 921409 954146 584434 720110 712693 723587 693928 366090 206967 629165 340224 536922 126413 352425 153746 341941 178680 846353 403816 965128 374389 971792 521104 797684 618900 97547 805642 152677 522162 792828 827639 188301 588087 514127 558569 561435 69478 599313 193130 49084 288127 46305 602357 880546 755774 99295 542830 426833 923066 215954 951294 60267 478562 622274 312378 843994 39670 241293 917887 398303 490045 844466 775554 230719 605611 199647 87387 667234 723226 484887 422362 161911 936169 736004 300008 103249 787737 901355 422219 109654 435044 774450 432029 744846 946757 676660 865251 522690 363471 475823 144845 207273 773 893073 394520 336410 378337 688620 153427 496164 388008 360114 363745 506825 63030 508396 682872 428317 297488 832916 802954 272722 922977 307630 737471 220805 677499 501268 703616 715595 631795 384790 430409 159331 993229 592229 378887 997980 94929 720232 443379 732770 843954 885039 275039 614775 871270 285553 390299 237976 844157 676300 332162 742328 103564 648054 87459 373576 898579 107498 915454 542643 862758 712130 272701 351361 967172 808938 148726 631036 525229 972227 959417 999541 63441 862301 2505 253922 840813 885796 79221 80053 113948 705089 32388 214980 816406 935361 296666 20011 623441 492158 690484 555521 496517 296416 254233 556163 723197 231152 630992 900811 453783 301505 639337 991860 37125 948425 2360 23176 784969 875311 566224 725311 251350 948723 465006 326689 675077 585308 681681 254011 20344 9539 540461 552816 435765 847836 390061 320251 142420 239827 363974 530147 492696 256669 391723 671571 195578 632588 795350 269391 170186 234121 487256 781532 904736 694432 791044 280260 35541 7633 658550 676529 37957 781053 207938 658739 470495 810412 12136 413971 289524 636695 95896 941733 574906 927634 932340 101782 782519 225387 127960 100090 579436 321131 608571 855887 64381 177396 268224 741561 257210 670151 75493 658615 849444 368083 625908 908851 407398 713466 276493 964217 993965 77943 633217 259030 942337 630709 249748 625097 964829 924671 159991 633960 847318 181283 296565 600464 230943 894253 168998 480955 623149 261952 889776 536491 974994 936509 571049 189539 579063 50677 199059 221901 124617 172094 684374 194798 263272 375731 485241 308347 711828 880741 369476 289920 917001 762005 621576 59778 594093 584111 105277 789168 926916 378097 565672 306872 558284 575728 301324 49010 462247 861227 214647 11620 242929 426815 870618 474265 295844 362631 80172 146416 319168 983577 691117 223269 169327 568154 193623 430893 445705 132829 896854 316890 931110 950649 578775 350777 56753 108014 687274 581260 185485 27278 413057 187295 933544 120135 605619 235472 63216 16672 574173 653600 222245 329685 834935 790066 647863 7568 540233 982927 729506 670177 589400 339490 6251 344720 871428 530711 912160 464150 187230 8380 87388 935522 71196 397558 532778 555670 498630 916308 244551 793080 53799 506143 882481 166486 930455 919664 474041 784024 504232 581218 375776 872838 595558 87095 54613 212246 170374 730902 960914 929689 470776 82234 313680 248045 251224 938950 121315 229355 868043 386156 635124 535836 391845 808933 31062 997665 389231 263187 373130 593528 675241 869039 908657 776380 426678 91570 412545 760802 980628 638539 156864 257418 967087 826967 725871 638757 302621 524454 516620 792970 354713 925330 154996 81946 962401 32779 800229 483718 260013 919742 10081 194832 658166 274680 404792 588800
208 385 19
6 798 35
605 2 22
248 8 36
637 676 39
305 538 25
635 817 2
187 244 39
759 751 37
616 409 6
342 532 8
824 359 9
258 200 30
847 541 13
821 368 29
436 511 10
365 211 31
243 204 12
25 496 33
151 69 18
414 457 26
839 48 17
184 782 9
712 785 38
243 177 31
144 3 11
219 168 25
539 827 6
161 674 28
700 353 28
572 202 25
783 383 21
704 28 27
686 171 3
176 655 1
714 789 34
366 234 1
67 610 4
318 285 10
113 451 32
490 422 34
71 350 33
225 292 16
336 723 31
751 803 2
742 726 10
593 489 8
491 500 1
145 278 1
640 416 21
601 791 6
105 531 29
240 505 12
423 282 39
442 431 8
817 284 27
628 441 16
356 703 33
842 124 11
559 11 33
136 738 13
712 395 23
738 275 35
529 148 12
624 319 6
604 791 14
381 819 11
448 208 23
612 605 13
3 589 39
205 668 20
604 224 30
666 329 30
240 457 37
313 186 10
614 143 6
678 196 25
133 376 1
554 95 15
194 464 35
337 219 14
698 639 32
15 123 2
52 712 36
817 440 32
34 123 32
560 181 4
353 730 29
87 465 10
252 704 39
545 153 22
337 171 13
766 610 16
425 396 35
471 705 30
437 277 26
474 487 4
168 772 18
617 273 20
752 377 26
25 335 18
504 546 34
827 479 20
255 398 1
612 154 17
155 799 25
472 35 34
95 70 25
698 456 21
524 221 25
600 750 10
151 158 11
108 94 30
789 231 18
142 64 14
485 474 20
700 576 36
95 63 12
396 619 32
432 614 35
114 417 25
456 308 29
820 676 6
419 676 36
227 557 1
842 379 29
608 23 33
42 307 4
666 203 15
260 29 31
212 423 15
522 600 17
519 243 18
794 463 37
695 312 18
335 356 32
566 79 23
441 184 26
570 191 15
532 492 5
854 288 39
380 716 22
77 102 10
487 116 24
123 173 18
322 20 27
396 85 4
256 595 26
224 448 10
38 23 17
443 287 13
648 769 36
837 60 29
738 742 32
417 462 29
210 400 33
452 367 18
703 169 33
220 816 12
50 209 12
826 388 9
120 186 3
854 182 9
56 107 6
24 851 21
18 110 8
622 254 22
562 664 38
229 111 30
162 766 1
296 648 32
659 516 10
101 368 32
185 189 2
509 751 30
68 169 17
506 43 30
155 66 16
409 265 3
1 189 38
518 798 24
507 803 15
434 685 21
674 204 26
110 272 10
529 829 21
82 474 34
195 759 6
41 559 12
296 649 29
88 696 30
749 555 26
643 756 30
521 562 35
851 523 26
498 829 24
95 845 15
217 302 8
798 28 30
728 531 25
448 568 22
548 568 2
32 361 17
287 393 16
97 505 10
353 714 23
486 73 7
53 373 5
584 429 39
298 574 39
53 241 24
708 723 17
83 94 8
667 706 22
758 4 21
752 616 6
324 592 19
477 637 5
209 670 17
340 356 24
833 511 38
488 581 4
74 852 35
26 836 30
89 305 32
127 354 35
846 850 36
280 245 33
723 407 32
110 80 14
636 752 29
98 504 27
749 790 16
144 9 36
186 808 27
464 74 1
424 295 17
811 258 39
127 179 34
118 371 6
172 762 21
73 780 5
192 830 15
565 833 31
374 696 26
853 461 39
36 116 39
822 816 33
329 426 38
624 235 29
430 222 29
622 809 16
716 659 18
849 377 32
833 338 15
251 434 38
76 802 1
732 212 18
475 246 13
273 472 30
595 854 37
815 824 5
393 146 7
324 601 10
659 594 4
538 554 21
701 719 18
709 553 6
105 655 16
715 441 3
676 238 35
767 670 29
578 22 18
827 346 31
330 156 9
521 797 24
293 567 1
560 281 3
523 814 6
296 673 18
412 706 6
242 792 14
107 743 16
830 808 14
452 173 11
188 214 13
551 315 14
204 301 18
459 249 38
18 325 16
73 559 26
253 680 28
188 81 8
659 596 19
244 260 18
413 627 25
854 771 12
230 5 20
494 792 4
702 120 27
659 250 31
783 670 26
265 854 33
584 391 8
491 346 10
6 469 1
643 485 16
485 72 26
782 441 36
7 621 8
346 490 18
243 697 30
284 394 16
812 275 18
322 602 7
108 830 14
395 363 3
384 28 25
379 70 23
701 421 25
113 841 36
498 53 14
717 724 32
425 408 13
549 638 7
654 472 34
369 68 37
571 736 8
107 825 23
836 102 29
199 68 8
524 131 19
570 550 30
47 478 39
32 3 17
238 152 12
512 731 15
143 449 26
383 168 14
504 653 19
337 582 15
339 90 3
343 524 18
499 822 34
5 114 23
191 29 14
120 567 30
720 816 26
678 27 5
580 514 33
177 466 21
743 668 19
222 180 34
21 260 29
845 344 38
599 815 36
490 9 12
33 567 8
592 467 27
733 706 35
101 845 9
636 155 12
486 456 32
589 690 8
141 491 28
629 806 29
669 723 15
542 694 15
230 261 26
408 670 18
288 826 37
315 420 29
8 456 7
649 265 16
394 448 37
185 126 21
384 732 31
619 426 28
91 288 36
335 821 32
640 605 30
528 25 33
561 851 12
514 423 39
851 143 29
512 732 36
30 448 13
175 552 16
261 413 15
189 236 37
483 65 2
434 256 8
3 130 27
467 829 32
155 483 5
711 292 33
749 172 21
37 574 36
834 850 31
48 755 14
358 214 14
487 708 30
397 688 20
354 592 29
103 90 31
19 550 38
91 429 28
315 164 8
793 94 10
503 816 37
583 452 26
600 199 2
749 317 2
500 845 15
736 479 14
746 372 29
291 157 37
706 215 32
258 788 24
418 398 18
237 451 9
568 471 24
507 720 22
710 813 29
187 596 25
442 347 24
56 25 31
75 208 13
328 120 28
166 750 25
732 65 16
438 509 9
523 86 4
637 822 17
570 190 7
429 298 1
71 43 5
177 75 9
190 812 36
87 848 35
485 149 28
822 540 4
98 582 36
508 231 11
589 719 2
90 318 32
737 239 11
59 188 4
685 678 16
695 437 29
296 127 22
534 629 21
708 648 15
472 422 26
296 810 7
45 397 23
735 297 33
287 66 27
27 24 38
440 640 14
618 35 3
720 317 27
734 158 27
668 456 30
420 285 32
692 189 16
21 190 34
371 336 18
552 455 4
69 59 12
559 309 34
457 616 30
202 564 22
390 174 38
307 333 30
616 348 10
108 689 20
667 559 6
473 511 18
88 192 13
383 646 12
652 830 26
823 501 4
3 290 23
398 223 29
755 179 15
629 542 13
85 402 27
734 442 30
255 597 7
507 48 36
159 662 31
174 642 35
562 409 25
415 483 32
646 408 3
638 369 39
420 432 13
617 276 33
385 108 14
812 785 2
834 516 22
116 737 10
574 683 32
72 461 12
251 372 37
486 102 2
786 18 28
682 505 3
302 792 11
323 586 31
424 233 6
354 405 13
424 371 8
566 795 22
258 220 15
616 338 25
814 174 33
748 615 15
737 661 8
768 542 3
204 667 22
172 240 13
149 321 31
817 507 24
620 827 10
419 196 15
257 56 5
438 782 10
534 559 32
530 372 1
562 826 11
278 725 31
250 118 26
843 287 37
458 49 20
625 669 16
593 5 14
148 727 6
208 146 38
579 53 21
796 135 1
83 52 24
593 197 2
824 382 10
291 11 31
578 348 3
650 39 15
248 824 39
257 617 4
562 103 8
526 213 11
819 190 25
479 319 25
616 831 34
589 162 14
42 411 31
451 54 8
316 42 4
466 197 27
826 211 27
755 354 33
587 836 14
136 501 10
353 394 32
390 321 20
313 372 5
319 383 23
544 496 36
341 808 9
305 418 13
516 742 6
847 792 39
10 335 6
6 584 4
574 551 12
465 159 5
775 357 38
628 492 24
695 444 28
446 596 22
764 842 17
438 255 31
156 10 30
553 316 25
54 251 19
717 57 39
793 733 31
832 138 28
249 522 28
22 395 11
261 509 12
78 428 7
380 549 5
215 842 34
576 37 7
111 38 39
761 246 28
75 541 25
306 123 26
156 194 39
295 453 27
197 132 9
52 339 35
48 585 31
730 438 36
253 813 16
770 5 6
358 156 26
214 603 10
815 167 13
315 429 37
11 359 8
334 93 28
443 747 19
830 274 33
519 749 3
601 755 8
564 451 9
851 558 27
765 152 36
620 17 36
222 244 32
393 254 2
687 314 27
449 40 28
190 320 28
312 208 32
18 220 38
75 829 28
356 503 32
332 149 26
792 342 14
769 750 37
448 4 25
333 820 8
81 484 22
163 229 3
623 701 10
836 782 10
364 761 4
580 594 39
523 263 34
242 782 29
412 569 28
727 313 12
783 6 16
391 388 28
573 775 22
354 160 22
405 54 31
90 214 19
398 264 3
668 86 3
582 336 38
448 829 38
719 346 12
6 134 19
547 795 24
334 334 33
463 767 17
81 490 39
686 589 9
357 369 4
286 835 24
263 542 39
570 787 34
728 418 8
40 442 10
547 440 19
440 205 10
755 792 7
800 815 5
451 424 16
482 842 31
526 108 23
304 786 8
79 479 26
270 125 18
708 455 24
813 624 32
704 113 27
677 412 3
717 146 30
41 487 17
504 416 25
374 414 20
534 545 24
280 148 24
589 505 25
820 610 29
109 761 24
269 630 36
239 398 32
129 89 2
805 74 9
177 402 28
531 565 6
716 332 32
606 361 38
26 660 16
16 363 37
553 605 18
613 785 1
222 500 19
241 498 38
670 152 33
275 620 3
669 505 26
691 149 38
193 324 38
820 331 8
84 633 17
798 299 31
271 636 29
661 826 36
675 615 36
260 247 30
471 499 21
793 139 9
218 530 4
176 741 39
251 556 22
515 587 8
448 97 21
406 684 8
848 465 14
710 296 2
274 80 27
45 699 29
834 312 24
843 827 11
668 855 2
799 250 38
171 157 14
732 71 7
157 753 18
482 318 19
186 770 24
21 729 35
31 49 15
406 120 26
665 781 8
551 652 8
157 192 19
56 177 29
704 99 19
428 449 33
286 256 12
502 437 14
61 788 5
463 661 3
766 562 35
71 658 3
767 11 14
791 32 31
58 394 12
449 384 7
298 701 8
724 562 34
242 111 34
345 219 17
548 705 5
110 496 24
538 31 7
298 186 20
752 102 22
827 825 14
641 460 18
206 580 5
7 363 16
478 217 16
534 603 9
23 401 35
524 736 27
102 459 26
728 694 30
115 32 13
341 457 12
520 458 16
103 691 33
607 77 24
351 31 25
351 794 4
572 744 9
594 330 21
84 493 34
412 531 9
326 466 15
513 302 23
747 290 32
55 361 19
518 661 24
494 676 13
510 282 34
291 85 5
363 408 7
807 655 25
204 247 10
827 661 34
420 718 29
320 795 29
780 270 9
323 96 32
470 2 16
755 666 24
753 717 24
39 819 10
157 613 13
226 853 35
62 729 14
513 471 39
463 784 12
323 842 20
671 842 39
516 211 33
55 471 36
746 313 32
352 59 15
849 13 26
173 455 16
785 487 15
107 616 35
100 472 17
180 257 21
606 448 5
167 271 38
631 367 21
601 183 27
729 665 7
93 822 14
658 706 23
172 391 11
411 155 32
650 844 23
631 425 12
546 309 34
737 806 37
426 605 6
726 553 16
458 313 24
748 133 37
333 491 31
685 546 3
470 686 25
743 222 37
261 519 7
17 50 6
266 502 11
7 737 24
370 55 21
525 495 9
765 41 15
88 850 36
762 148 35
13 615 5
733 621 9
410 295 20
54 850 1
462 440 21
764 404 5
468 310 11
579 46 27
194 9 16
854 590 19
725 418 7
489 561 18
61 605 38
287 23 39
87 211 38
560 18 3
511 560 13
219 346 22
93 259 26
80 460 15
511 133 9
268 70 5
534 614 9
696 559 30
66 144 8
619 733 29
151 279 22
141 155 9
757 574 3
258 357 35
798 779 4
126 701 35
649 199 38
74 812 22
801 41 21
344 68 22
292 108 6
94 642 21
489 13 13
737 202 30
687 103 30
205 215 12
650 400 16
699 204 9
511 827 26
321 672 15
652 519 21
228 225 18
556 188 23
745 656 20
458 737 21
378 778 29
539 14 38
757 506 2
473 655 38
187 291 26
333 753 16
768 677 34
398 493 24
214 594 9
623 671 4
757 372 36
482 162 28
351 88 36
744 607 12
716 138 35
96 616 22
182 589 8
450 542 2
640 131 36
633 91 8
397 751 19
24 474 22
610 845 3
253 706 28
433 556 13
502 237 16
164 548 19
525 712 32
801 498 37
209 660 37
394 298 12
512 257 30
28 337 37
324 531 8
691 472 7
592 194 33
588 643 32
227 651 21
212 3 22
494 109 11
800 478 31
382 854 15
812 302 39
356 361 17
352 380 13
556 654 10
481 421 1
330 824 20
343 796 11
214 349 7
314 699 17
487 161 22
28 37 22
41 519 23
88 754 5
211 397 37
258 812 26
37 367 29
584 79 14
459 854 1
802 623 7
606 507 12
824 413 27
75 475 10
788 575 26
736 634 26
132 206 25
781 619 8
605 375 35
323 424 32
489 196 24
846 659 14
130 791 3
391 167 11
194 396 11
315 647 10
9 658 31
674 71 3
304 732 3
189 760 33
818 131 34
415 798 24
506 132 33
744 107 1
403 724 25
36 803 20
273 151 38
349 226 38
427 128 22
198 112 20
123 451 10
510 87 12
506 334 23
166 38 14
311 290 9
736 816 6
386 285 35
811 453 30
646 560 25
348 696 24
605 540 14
472 538 8
456 176 1
712 28 4
154 264 15
158 318 10
715 783 36
536 164 25
565 323 8
719 212 35
214 511 6
506 591 17
249 349 11
28 605 18
758 158 30
776 252 2
541 784 11
799 547 15
428 627 11
800 247 32
557 365 1
502 286 27
244 185 35
361 135 28
503 725 17
563 652 18
181 798 34
397 139 23
154 544 31
698 552 15
715 387 11
419 660 3
609 433 25
585 662 2
285 542 26
555 679 32
419 415 32
650 532 21
71 56 27
86 228 14
579 805 7
338 119 19
464 711 20
836 370 27
339 772 33
198 160 9
268 82 24
837 171 36
723 785 8
854 609 34
710 64 3
651 265 3
732 809 36
227 839 26
331 764 11
807 540 39
164 345 9
471 629 29
697 102 24
738 179 13
68 167 15
128 333 12
16 174 39
290 490 6
532 525 34
850 835 33
61 83 1
126 291 33
721 638 29
95 218 35
334 464 11
568 141 36
525 651 32
845 408 33
680 28 32
79 585 11
605 770 11
554 696 10
746 401 12
368 69 27
492 654 26
442 509 35
8 722 29
258 846 17
193 837 10
63 542 20
497 231 3
711 745 1
679 78 34
283 110 26
332 621 26
175 807 18
709 811 15
22 365 24
548 196 31
158 154 6
132 259 19
115 554 5
743 823 27
692 354 33
124 154 25
221 64 23
405 835 4
362 17 1
562 576 24
184 713 11
815 425 6
543 769 9
327 233 37
663 842 5
284 104 37
798 90 2
683 76 25
493 165 11
747 646 23
198 399 27
179 629 20
106 768 31
113 442 15
9 855 8
332 561 34
760 686 27
436 525 19
447 34 16
347 396 19
605 25 15
311 193 39
591 78 4
564 627 39
359 238 5
780 60 2
513 394 24
395 522 21
114 697 15
537 213 5
445 570 1
739 142 2
678 144 36
459 800 27
64 791 3
656 423 37
367 753 38
71 724 8
219 747 29
131 134 26
825 639 7
421 116 36
286 397 5
345 806 14
447 791 20
320 83 37
267 501 37
276 763 16
325 490 14
543 697 30
59 476 10
761 411 2
653 591 2
710 594 19
205 338 27
92 108 17
588 4 16
265 537 4
453 626 32
180 7 16
32 676 2
25 278 14
171 550 25
58 364 6
520 468 12
106 667 24
167 513 25
643 484 1
247 492 36
41 469 39
687 72 31
724 33 26
674 589 8
647 704 27
669 533 16
208 815 28
28 352 26
583 420 14
429 710 13
151 197 20
294 189 37
27 136 31
770 211 16
86 294 30
227 365 21
391 841 22
331 528 7
291 750 19
97 651 28
726 406 17
13 516 33
627 508 34
166 16 32
548 363 8
847 22 15
641 695 2
522 746 6
461 743 34
3 354 34
254 568 15
125 756 10
238 702 1
417 301 4
515 713 22
595 468 4
171 252 19
499 762 11
429 172 13
216 172 39
746 503 13
576 571 24
167 118 18
328 467 19
99 241 20
782 478 12
32 281 5
819 56 23
229 154 12
456 152 6
320 738 37
19 745 1
334 40 38
614 556 12
527 558 20
13 22 15
560 638 3
633 824 2
101 851 16
595 140 21
248 322 15
680 538 28
29 306 7
310 216 17
350 533 1
707 624 28
713 61 2
345 801 32
659 570 25
163 197 33
373 437 21
843 749 37
473 404 17
470 710 15
689 468 12
449 464 7
560 135 16
710 30 3
46 62 37
310 210 30
255 613 14
743 528 12
465 106 39
778 551 4
308 320 21
478 460 6
777 509 15
384 211 23
46 370 6
323 79 20
446 768 11
344 260 36
456 100 20
677 117 8
630 302 13
587 840 30
544 136 2
603 69 3
498 530 39
671 281 14
695 192 39
398 132 10
375 367 11
628 612 2
823 830 22
747 75 23
266 283 5
802 374 30
829 594 27
848 267 30
459 748 26
133 636 15
11 265 1
175 487 26
288 309 33
44 152 15
682 807 19
144 552 11
787 444 17
39 171 6
54 581 27
837 826 26
417 588 2
536 483 10
449 296 20
147 637 1
652 211 26
855 53 23
833 175 31
199 452 18
61 300 21
457 296 27
771 609 37
220 529 39
133 210 17
494 246 34
11 645 10
441 403 1
304 471 11
647 474 2
506 66 4
522 437 26
584 712 11
91 468 28
570 144 25
783 524 26
530 286 23
146 47 33
81 621 18
838 192 34
79 644 39
147 149 29
772 367 15
698 798 14
747 534 35
95 106 13
81 459 10
396 750 1
609 26 20
288 248 35
17 244 34
559 456 29
725 500 13
12 819 7
70 659 39
374 28 19
285 494 33
729 530 29
207 684 10
269 334 20
214 85 6
256 465 36
194 21 14
203 762 22
39 305 29
450 538 26
242 268 6
478 826 34
617 90 2
353 349 1
615 213 14
135 633 35
521 504 36
109 398 36
401 275 21
187 301 19
171 176 3
501 369 7
162 734 13
718 184 21
140 310 31
778 49 29
828 209 26
654 700 21
50 351 4
314 380 31
13 18 21
318 455 10
673 65 31
446 321 15
740 87 4
117 425 11
158 335 3
11 150 28
402 313 1
235 368 24
175 53 29
221 733 19
484 472 17
851 156 2
575 463 19
614 103 16
247 336 34
51 181 24
797 201 31
128 281 10
822 672 36
45 739 27
372 505 22
549 707 10
581 499 2
323 607 34
253 465 22
194 627 15
10 729 8
663 809 16
682 53 6
644 81 25
345 383 28
380 603 36
179 115 38
838 424 31
499 127 21
341 378 8
19 303 8
761 633 7
286 827 15
152 699 10
455 223 11
82 122 19
813 12 36
236 755 17
368 269 28
393 292 16
276 286 34
676 771 34
288 258 39
179 255 31
398 847 11
210 451 32
25 397 21
126 752 20
499 529 19
426 700 13
789 413 8
219 305 23
589 212 29
60 753 12
410 419 34
822 425 3
778 824 15
539 701 32
334 475 15
376 339 36
342 536 39
517 621 29
456 316 9
576 399 5
281 630 5
106 276 18
332 598 34
579 508 35
482 276 25
6 501 24
458 283 37
528 595 24
249 711 2
206 49 16
192 117 18
185 19 6
521 738 27
618 832 18
77 682 20
68 112 31
433 296 25
61 333 30
518 702 5
179 48 12
560 322 9
211 2 11
725 373 19
392 141 19
207 507 3
700 559 36
163 794 16
735 307 9
172 707 24
197 722 19
25 469 8
597 831 15
544 4 39
710 810 3
102 206 28
22 511 38
600 188 27
60 109 22
116 534 21
162 732 23
611 443 12
443 78 28
290 68 39
611 352 28
12 203 23
381 550 15
238 510 18
306 303 6
741 159 19
87 411 7
614 638 38
297 797 16
304 384 11
719 326 26
507 337 18
294 207 11
71 633 23
490 719 33
278 340 3
421 625 29
346 157 5
256 51 14
30 420 35
437 106 24
808 368 1
357 671 34
821 705 38
408 96 20
799 629 7
467 560 22
558 311 25
604 186 10
318 485 21
579 359 3
366 69 37
13 200 21
36 244 18
26 265 17
242 729 9
474 776 39
321 504 14
415 571 36
93 4 24
588 674 36
271 189 33
59 169 35
727 22 25
532 513 5
849 710 27
839 59 28
819 77 19
475 471 7
429 797 9
255 819 17
142 523 11
389 41 36
492 429 7
742 548 35
93 521 19
268 236 20
196 840 27
361 528 17
423 457 11
401 452 30
191 386 32
846 662 20
797 534 20
169 264 24
33 793 12
465 350 7
667 138 19
467 64 1
624 544 7
734 155 9
506 588 28
41 788 21
53 219 35
558 366 9
569 93 34
311 119 17
227 377 7
848 432 28
819 80 3
679 333 10
190 145 2
826 266 20
654 423 30
17 45 21
687 458 22
14 464 19
595 703 12
781 806 8
839 182 18
109 761 17
672 309 20
184 761 10
810 125 28
831 248 1
703 307 2
404 690 17
795 835 2
437 557 16
460 544 2
152 270 16
13 721 7
569 277 25
483 716 32
608 557 14
476 692 11
263 331 18
95 523 39
433 525 10
817 724 36
506 583 7
104 264 21
69 226 20
669 461 2
498 757 1
592 220 29
315 131 20
26 129 5
209 571 36
542 23 6
261 77 29
384 648 33
396 274 30
437 568 31
275 96 34
719 608 15
243 853 16
303 537 38
601 434 13
177 164 35
248 165 3
100 734 28
336 380 24
335 719 17
219 402 34
369 80 21
544 729 34
288 336 20
517 826 38
686 438 7
302 110 5
682 586 3
314 44 38
120 617 4
1 322 10
107 724 24
558 413 37
684 509 38
553 272 2
331 46 10
845 559 28
177 62 15
737 451 3
184 769 17
640 326 39
562 105 6
784 428 6
3 582 8
167 614 4
280 423 39
24 672 16
588 102 21
369 461 2
727 659 31
140 319 7
501 247 12
358 755 36
390 150 9
5 786 38
171 71 22
568 68 25
420 548 22
505 322 29
77 371 11
591 378 38
721 85 39
750 456 35
114 589 30
571 496 33
33 17 22
520 291 21
35 524 26
573 707 23
279 285 10
236 580 11
174 610 15
708 242 24
156 374 26
516 401 10
849 342 39
41 18 39
388 88 7
782 359 13
229 378 25
173 491 26
98 376 35
171 3 22
708 748 1
410 308 16
128 71 16
414 131 39
341 81 8
1 193 26
695 612 39
803 79 10
17 855 6
605 153 6
334 208 4
452 738 6
160 67 32
812 638 32
611 109 37
74 230 15
272 672 15
414 54 29
798 208 32
553 69 18
226 688 23
747 679 20
435 769 15
742 637 7
833 369 27
121 46 35
103 554 20
313 500 26
650 277 20
525 193 2
370 557 16
385 810 4
736 346 1
660 162 39
817 560 25
212 845 10
316 516 15
53 830 31
684 293 2
318 309 12
42 784 30
710 748 30
395 46 39
481 432 9
319 348 27
653 377 35
159 745 5
249 836 28
84 35 3
470 275 18
139 300 24
710 228 29
249 244 10
575 283 4
581 197 14
242 492 9
47 849 12
493 784 10
512 83 28
151 442 38
170 144 38
704 767 21
600 453 15
85 289 26
213 162 34
90 624 37
263 468 34
651 414 14
271 170 35
464 43 37
426 652 27
303 281 16
828 669 32
719 154 10
831 775 4
571 241 32
489 711 19
706 109 2
384 67 21
79 585 6
700 291 31
409 274 12
589 827 21
120 832 4
316 452 27
210 266 18
508 287 6
471 834 18
571 384 6
522 748 33
312 306 7
484 501 1
455 677 22
597 289 29
359 225 14
100 174 31
215 253 31
303 96 31
56 227 28
678 265 37
63 683 19
761 530 1
225 614 7
606 209 26
168 38 1
723 846 14
335 367 37
642 797 6
809 127 14
141 568 25
823 64 24
40 609 17
197 520 36
849 151 7
757 621 34
5 13 30
822 181 5
236 346 7
596 833 19
562 523 32
285 224 3
446 135 15
621 719 5
377 24 9
757 29 3
574 753 29
810 36 39
83 803 1
301 378 17
582 566 11
96 805 9
738 152 30
565 490 17
689 746 28
2 388 13
368 352 18
824 169 22
799 789 18
115 83 20
741 709 26
564 192 16
394 340 7
105 270 18
239 536 1
68 715 35
48 574 7
488 735 25
571 291 8
317 720 36
556 435 36
695 140 29
306 821 15
70 70 2
793 652 29
25 20 22
734 701 8
118 481 11
484 650 11
309 743 22
309 766 33
852 136 25
648 697 20
90 320 17
193 128 11
574 222 29
793 853 3
418 88 27
113 813 13
316 518 35
722 810 16
629 175 17
545 320 8
263 767 13
79 766 16
238 802 37
70 483 27
389 262 18
597 607 11
96 537 7
490 812 27
328 242 24
156 715 36
548 224 13
278 200 11
661 608 39
99 467 18
146 711 35
790 678 26
414 421 13
517 151 18
5 68 4
442 34 36
632 176 36
206 118 23
539 277 23
426 672 3
688 436 38
706 423 33
811 229 1
157 637 22
533 806 15
400 785 15
536 696 21
598 271 10
689 338 28
90 120 30
114 123 5
128 19 10
346 442 12
475 468 29
543 288 25
739 845 19
795 29 38
168 22 8
26 544 5
349 369 25
332 849 36
353 202 17
559 391 32
282 428 11
122 554 6
312 449 12
572 706 30
271 559 27
474 691 26
223 705 2
826 537 38
102 611 17
419 89 12
40 294 14
649 662 37
757 126 7
767 598 14
22 326 4
270 163 37
554 780 17
559 660 16
249 165 7
669 564 38
219 274 27
824 680 9
765 368 9
421 77 2
576 728 7
735 678 37
846 505 39
627 627 8
30 606 8
734 709 34
468 361 11
484 484 32
845 528 19
446 838 8
522 458 6
104 223 4
657 598 9
380 68 18
622 653 3
502 694 19
245 2 9
471 746 33
500 723 28
464 486 13
20 344 5
502 498 25
381 416 24
688 631 28
198 50 22
360 369 10
483 275 16
681 282 21
761 510 17
455 624 25
16 631 38
837 178 33
330 104 35
450 321 13
405 183 38
738 742 20
537 277 7
727 598 14
421 289 2
88 27 8
526 725 8
215 630 4
110 431 20
48 680 32
10 382 38
158 336 17
559 425 33
807 240 5
295 7 14
279 445 35
245 510 18
218 70 22
176 755 12
315 333 34
847 391 35
95 235 27
705 146 18
323 26 37
512 341 31
49 679 30
785 510 9
42 79 5
115 233 6
125 395 13
800 605 35
298 666 5
659 98 6
215 748 3
265 125 27
447 842 32
370 666 2
798 775 35
241 597 9
409 474 24
371 50 32
477 619 38
752 731 32
581 346 31
744 75 30
797 193 32
107 492 29
228 114 24
513 527 29
139 127 9
562 292 20
442 773 9
154 726 35
140 372 36
50 275 16
371 566 12
581 255 30
680 57 19
424 631 6
31 707 20
158 604 29
435 542 3
726 151 20
627 608 11
46 542 14
487 677 15
196 855 5
577 556 16
447 431 34
380 319 6
788 598 29
719 317 4
316 852 22
364 426 30
809 263 26
489 197 34
795 753 2
28 166 26
344 428 17
182 584 24
70 805 1
686 523 30
176 629 34
534 322 7
660 400 25
398 226 22
203 439 24
527 297 8
665 297 16
692 456 18
28 656 4
30 633 1
31 267 22
680 119 3
702 679 8
266 579 6
62 541 32
406 338 15
399 363 6
181 226 13
789 789 8
550 510 34
503 125 29
461 656 18
504 661 18
476 674 34
659 691 10
694 293 12
747 263 17
635 134 38
648 711 22
217 264 3
92 39 38
185 724 29
361 174 2
603 816 19
309 605 8
843 286 18
239 754 26
217 215 14
317 217 10
422 319 5
797 36 7
798 270 35
789 504 8
627 547 5
579 802 37
79 5 26
400 498 13
293 646 35
198 758 17
830 34 30
465 46 33
567 451 8
347 223 22
77 215 22
199 33 29
381 833 35
402 418 4
736 127 27
198 777 27
40 81 25
791 82 37
562 454 36
435 708 4
316 104 38
144 681 35
755 820 30
462 217 8
845 484 26
443 163 13
537 845 31
393 166 14
262 447 16
179 467 26
512 571 38
261 282 18
555 315 10
74 743 9
379 767 6
694 141 5
825 101 33
542 789 28
847 24 37
249 151 33
770 689 34
377 253 24
406 826 5
608 834 3
758 138 13
335 694 7
205 661 29
97 630 1
495 189 25
493 464 39
256 394 39
57 703 28
761 86 18
635 89 36
381 344 12
688 790 34
796 99 15
680 693 12
448 156 20
830 615 27
23 748 4
162 29 1
143 336 24
290 395 10
477 324 12
598 507 23
540 232 39
92 580 11
340 786 30
175 470 4
642 194 1
3 351 6
202 298 37
273 815 35
745 445 24
127 146 15
824 834 2
378 397 30
212 102 30
338 699 39
386 382 2
234 576 5
699 711 25
242 596 31
449 638 1
846 818 14
671 254 26
357 845 29
618 114 14
554 804 15
81 601 39
50 568 32
417 792 28
267 327 18
120 725 8
447 142 7
766 790 19
168 757 29
307 134 15
39 356 38
276 182 1
842 200 35
843 342 33
570 274 38
126 5 11
135 303 7
123 55 4
854 99 1
473 160 14
275 802 15
680 508 17
761 743 21
435 736 14
51 76 4
855 128 33
79 31 16
209 693 39
423 96 1
116 226 35
71 10 33
442 516 34
267 161 15
591 649 21
7 228 9
191 454 14
702 142 7
640 312 33
777 11 34
65 188 23
105 425 23
314 174 21
7 629 37
825 324 4
836 842 8
841 738 15
51 525 39
233 67 14
73 658 13
837 437 24
456 634 33
571 234 3
683 367 25
662 746 12
697 22 17
83 153 19
246 4 37
410 208 11
43 792 14
54 816 1
238 612 19
628 129 32
529 616 14
627 213 25
750 478 10
97 181 2
496 678 1
329 102 24
659 259 17
474 715 18
239 541 38
449 117 25
322 383 28
679 74 19
266 737 38
828 847 17
374 191 15
817 53 31
142 758 25
773 174 8
557 251 34
306 602 11
19 397 25
618 534 32
822 350 31
62 714 38
169 6 23
681 239 10
208 253 12
625 741 7
356 564 24
501 563 39
32 612 13
753 152 2
72 521 1
581 826 1
587 567 29
34 708 30
820 66 33
100 478 6
575 298 33
544 229 17
61 662 11
119 343 18
474 683 17
612 122 19
805 580 24
81 271 3
631 796 26
770 85 25
556 580 15
156 176 30
793 125 10
335 689 3
499 68 9
751 251 13
87 404 32
409 322 28
747 47 3
260 773 33
275 665 24
145 693 13
777 168 3
472 549 8
146 104 9
755 806 26
278 95 16
731 812 36
107 842 26
652 519 34
519 709 16
449 813 28
474 371 39
514 197 32
489 146 33
257 287 32
769 709 10
662 6 30
170 698 4
616 243 10
736 464 28
814 761 25
144 834 38
335 688 3
417 191 25
450 221 29
100 43 39
385 212 35
711 250 14
279 364 16
615 466 4
29 119 21
823 432 12
594 29 33
354 183 30
11 409 33
758 700 37
665 189 32
691 449 10
771 765 19
717 500 25
773 212 24
59 813 24
478 45 39
731 94 23
668 279 25
234 10 34
836 107 19
429 657 10
381 478 12
557 64 18
308 55 25
448 148 35
353 683 7
415 431 20
816 556 16
181 750 8
845 145 12
388 519 27
719 307 24
73 646 22
613 4 2
168 128 2
128 368 1
448 552 31
230 25 24
853 213 36
192 524 1
589 677 14
250 101 27
558 500 30
244 347 16
62 411 32
466 642 22
757 534 17
547 253 39
487 156 37
201 109 19
719 581 4
853 39 29
703 170 26
213 179 34
751 584 37
610 810 3
351 817 35
713 449 34
138 32 24
211 498 39
403 510 31
174 665 10
203 115 20
549 826 19
600 655 14
759 689 18
10 191 15
364 743 13
591 70 30
91 196 3
184 307 28
347 279 18
264 500 4
20 366 5
595 323 32
167 583 9
321 804 18
688 468 26
124 118 26
835 260 32
547 80 3
105 42 9
525 353 38
391 754 6
359 753 37
271 172 24
41 709 18
691 127 4
712 563 12
409 416 23
33 421 24
676 41 2
214 615 7
732 762 10
35 843 28
324 585 18
484 616 24
492 455 19
314 780 14
131 800 16
41 339 15
471 177 35
116 40 2
54 583 28
697 389 17
253 389 10
799 572 4
339 516 11
586 460 28
246 682 1
103 319 25
193 293 30
119 569 4
222 113 17
62 335 3
75 331 8
65 724 13
587 499 15
833 847 31
427 236 9
607 187 35
360 1 11
847 80 1
627 653 21
388 310 18
336 328 12
779 498 32
143 191 13
704 443 8
438 163 39
342 298 7
708 320 26
360 244 4
130 393 34
358 571 26
107 508 14
451 381 12
109 575 23
363 12 3
25 677 3
120 711 9
73 79 11
747 557 3
429 727 20
728 461 29
107 595 26
586 345 28
810 41 27
414 361 35
5 693 26
129 263 35
132 73 7
845 416 2
528 720 4
303 520 31
833 238 21
2 592 1
208 552 35
512 597 4
538 612 30
473 835 37
487 358 37
634 424 6
220 422 34
1 567 2
685 271 6
39 293 15
852 315 36
140 615 3
788 134 32
168 778 23
782 367 7
608 436 25
609 403 13
792 85 30
218 777 33
438 639 5
521 158 35
446 600 11
201 182 27
465 802 33
559 92 2
553 270 26
10 495 21
598 412 1
247 278 29
528 90 6
836 793 32
705 662 8
801 626 24
70 173 39
423 171 3
469 302 29
485 677 36
614 753 12
848 764 19
218 733 5
397 626 9
855 1 14
159 552 20
302 160 15
87 85 27
414 626 21
751 497 34
296 172 19
651 616 34
530 374 4
494 707 6
682 303 2
438 683 19
826 410 17
698 394 7
78 314 9
659 315 5
805 599 31
14 401 19
564 802 25
304 780 24
11 644 24
254 25 27
394 701 32
93 353 25
352 88 3
6 445 1
662 728 6
319 704 32
69 727 37
807 22 5
648 692 29
336 156 19
277 63 25
146 697 2
169 181 15
455 149 23
739 316 17
536 387 26
147 231 19
385 758 10
103 237 36
442 440 26
296 443 23
546 477 7
329 757 9
375 713 5
367 479 26
639 600 9
498 323 34
78 680 15
206 802 25
645 615 20
646 209 19
693 827 39
143 732 21
356 81 29
312 8 33
239 462 29
29 736 32
674 356 7
688 26 29
417 39 19
272 269 11
741 359 38
386 673 12
29 37 16
316 594 6
480 168 22
337 747 1
288 616 6
694 11 8
746 514 12
31 560 30
728 431 10
454 748 38
679 103 13
276 386 19
778 765 23
606 204 30
686 573 6
433 250 35
847 39 1
236 36 19
234 670 26
618 35 15
282 441 1
393 452 30
560 321 19
610 121 13
604 729 7
350 292 14
6 782 12
131 462 1
759 151 39
499 433 8
744 613 36
466 494 33
342 222 37
134 94 16
613 554 2
521 83 3
614 760 26
825 726 26
831 597 2
630 559 7
385 196 3
759 596 14
117 798 11
68 851 37
707 188 6
449 830 30
770 67 26
207 246 6
333 693 27
125 578 14
117 177 39
435 282 12
507 25 32
424 387 19
370 590 17
561 842 28
591 806 14
425 746 29
201 64 37
422 82 35
214 119 33
693 198 30
606 507 3
599 225 33
546 687 8
771 816 16
446 568 26
22 77 33
225 694 24
514 170 32
805 376 28
401 413 25
776 444 25
198 508 4
290 723 25
30 775 30
391 544 7
666 417 39
241 96 38
34 467 24
177 832 29
219 374 38
178 786 28
541 365 33
399 262 11
174 93 18
772 175 38
788 733 29
834 608 17
373 174 16
815 511 1
389 853 37
840 645 34
542 597 17
704 265 21
375 680 12
656 605 5
199 365 2
731 126 38
187 696 26
20 244 33
78 733 12
602 25 35
272 260 20
79 274 31
843 696 1
656 775 3
563 68 28
542 86 12
59 116 10
261 777 31
843 839 36
542 666 11
173 164 35
438 795 26
830 122 6
577 700 12
131 5 2
692 297 27
10 586 32
349 512 38
716 729 1
189 222 32
422 662 3
500 474 20
128 793 8
359 154 19
255 422 8
41 326 32
19 536 21
191 411 27
308 675 24
723 98 30
731 824 19
147 165 9
451 547 16
534 493 6
29 714 25
137 60 20
150 38 23
97 643 21
644 614 12
702 299 31
700 848 15
671 517 4
418 153 2
174 566 6
526 209 22
835 16 30
306 765 21
396 292 38
100 3 17
460 690 24
735 6 12
821 465 24
578 675 14
853 698 12
137 224 15
280 470 35
78 795 13
675 341 8
550 855 17
56 628 37
627 22 26
643 564 11
584 503 38
300 247 16
618 450 3
6 351 25
98 360 28
426 449 28
367 198 2
474 753 4
771 333 19
274 773 1
446 556 35
836 714 35
781 426 39
347 805 15
612 673 13
769 531 2
763 411 19
267 805 1
703 720 37
834 124 24
48 44 36
680 707 20
116 509 9
854 804 25
810 802 12
107 585 25
728 536 39
305 345 5
772 502 7
749 522 7
162 526 16
13 686 28
342 316 10
744 37 34
199 746 29
564 689 24
840 320 26
547 143 34
254 216 6
579 417 10
852 779 23
648 597 20
575 301 6
680 455 36
7 57 7
339 330 2
618 60 36
315 840 2
127 13 18
556 526 19
418 690 30
62 381 3
137 257 10
835 292 13
573 472 9
705 397 19
117 645 5
170 612 20
712 369 25
679 796 30
714 572 20
32 738 35
324 251 10
453 482 9
218 493 34
404 56 36
529 523 23
608 207 12
440 806 18
245 295 28
241 517 28
475 757 2
299 848 28
121 101 37
740 40 9
197 606 27
187 305 21
308 15 7
771 610 28
449 416 4
437 369 8
70 435 35
212 474 23
826 241 18
680 418 25
710 746 36
579 556 29
101 185 9
599 687 34
647 225 6
313 741 9
223 829 26
230 333 12
350 117 37
575 457 20
287 574 1
754 26 39
608 656 37
714 784 23
623 669 24
174 187 21
139 120 21
63 640 28
125 356 36
627 43 14
166 595 35
303 250 18
795 317 7
342 608 32
662 218 2
533 255 13
466 111 13
206 738 2
606 367 11
154 319 37
329 453 22
843 66 10
400 325 7
788 421 33
555 405 15
234 763 34
14 453 30
655 1 19
133 377 18
624 323 18
107 115 24
214 198 18
180 431 36
371 704 28
188 648 36
488 118 4
425 4 22
201 633 13
275 202 34
381 654 25
834 411 8
501 756 21
452 819 23
726 455 3
529 78 14
440 488 15
56 385 19
808 178 8
744 76 13
635 817 36
347 288 6
65 84 7
821 168 39
521 381 32
100 802 7
709 271 31
130 499 26
778 304 34
166 164 6
440 841 18
335 800 30
386 329 13
315 192 17
606 277 37
805 68 3
701 108 3
531 465 35
585 467 39
189 269 16
559 622 3
111 477 25
543 152 7
726 558 7
76 555 28
520 89 7
714 703 23
529 420 30
243 191 8
205 45 18
591 287 20
562 3 17
844 527 9
817 206 23
170 64 6
705 564 6
726 625 22
263 496 34
342 777 1
41 348 11
429 504 14
803 562 36
678 139 33
606 209 30
777 55 13
25 450 7
664 27 25
709 658 13
230 696 16
823 800 20
329 770 3
479 685 25
323 556 2
86 160 38
846 667 21
194 337 2
39 448 2
437 762 39
736 445 17
743 575 34
465 160 35
187 686 24
513 124 1
313 469 31
544 630 15
13 133 30
484 701 32
634 154 31
23 803 9
22 390 22
629 282 12
45 810 10
845 193 29
121 693 39
184 373 16
182 148 38
118 175 9
754 593 30
696 267 24
619 737 25
436 746 36
377 20 20
564 434 26
528 702 1
101 438 15
125 402 32
432 458 38
159 107 28
768 292 3
832 657 27
117 557 20
791 752 14
107 538 15
727 47 6
741 11 22
41 461 3
554 468 17
532 86 11
735 736 28
192 255 15
744 494 6
397 477 1
211 577 6
362 843 8
564 216 12
775 155 9
775 642 10
649 176 11
386 174 35
832 692 32
539 498 28
802 783 31
855 521 1
342 648 31
223 157 1
416 809 7
526 464 4
557 189 32
839 538 27
366 90 14
576 765 26
601 706 37
62 620 7
427 10 23
96 482 4
73 36 36
476 426 28
505 193 30
712 218 24
125 311 37
386 479 15
515 596 18
549 18 38
56 292 5
755 532 22
31 583 20
488 365 12
634 849 19
438 208 16
109 214 25
423 322 36
80 82 29
269 511 36
99 770 10
520 854 36
390 345 16
97 452 4
739 608 34
459 13 4
787 707 19
558 448 21
826 248 4
432 504 32
580 528 17
677 678 6
39 826 26
720 835 36
532 506 11
804 218 9
276 666 18
621 4 19
186 390 15
166 76 5
510 789 12
496 313 9
573 403 39
745 488 26
277 826 4
363 825 9
49 505 3
674 557 29
487 85 26
708 765 27
161 840 1
544 229 27
570 185 37
629 716 22
633 825 14
497 818 3
846 341 15
453 305 1
470 505 33
803 582 8
538 91 23
2 466 7
263 651 31
262 786 24
751 237 22
681 30 33
426 305 4
207 578 34
595 772 4
362 507 24
761 631 3
599 235 28
484 197 21
108 642 21
119 610 38
761 327 39
600 157 37
252 265 38
148 854 17
96 516 28
100 222 8
569 144 17
315 400 15
298 344 26
268 648 38
761 216 6
607 617 28
583 98 19
763 532 23
15 322 15
9 283 24
122 249 12
139 766 21
159 561 18
240 269 32
89 656 29
285 761 18
234 855 33
315 411 9
485 105 38
412 6 26
379 498 2
323 275 38
528 671 14
466 213 9
423 38 10
792 324 29
525 38 32
294 209 10
554 31 39
841 785 39
283 837 37
31 822 2
625 334 35
539 534 14
360 81 10
719 224 24
122 324 8
67 586 34
417 329 38
125 631 19
812 735 21
606 604 19
667 597 32
165 90 3
375 623 19
66 151 36
430 741 31
455 422 21
600 14 36
356 576 32
729 493 10
777 463 34
286 146 32
12 184 27
55 680 17
329 831 22
33 582 32
766 417 36
81 768 39
139 564 13
591 196 23
770 843 33
628 410 11
646 707 12
245 687 34
41 520 23
133 418 11
159 780 24
852 378 7
436 14 10
814 744 27
753 53 38
425 643 21
514 40 19
307 542 31
175 581 37
308 246 27
196 290 29
518 829 10
13 133 39
756 74 23
663 255 23
339 248 22
87 471 15
109 444 33
42 249 6
143 367 22
808 66 11
286 825 36
414 368 8
787 675 38
792 392 9
158 494 8
99 787 4
133 185 22
6 250 30
75 345 35
593 256 29
718 401 12
740 451 37
220 225 18
826 72 25
391 327 7
488 540 17
755 118 25
96 792 2
391 322 18
368 300 29
672 334 13
331 587 19
797 673 37
269 407 19
658 92 24
277 231 18
586 573 23
730 137 2
161 704 23
111 37 28
37 568 39
666 643 36
506 263 8
821 542 30
727 91 2
451 709 38
559 611 2
495 600 10
124 210 37
254 392 34
624 643 9
850 234 16
785 12 12
566 471 8
679 462 13
825 512 17
19 736 2
599 84 25
744 796 28
130 70 9
139 449 2
601 753 27
198 463 24
748 682 9
777 827 1
365 695 15
537 316 24
830 741 17
4 667 10
810 265 4
425 848 5
770 214 18
636 473 32
104 596 9
233 429 39
676 428 38
398 250 16
815 787 20
731 745 26
265 705 4
218 242 29
185 261 35
554 692 3
627 803 21
602 236 31
764 751 25
474 826 20
676 665 37
541 294 5
20 347 5
50 363 29
838 468 2
142 470 29
555 374 35
133 331 15
248 544 30
660 342 33
723 408 39
366 302 32
616 422 7
628 768 2
514 842 1
794 315 36
50 87 14
626 751 20
279 553 39
134 573 13
203 305 18
213 324 2
172 457 38
179 232 20
808 460 12
333 207 37
348 565 29
324 108 31
747 20 27
285 163 26
295 98 39
188 754 9
286 663 5
325 221 22
830 112 4
565 412 3
774 30 31
622 620 27
115 634 15
12 471 15
698 131 22
743 436 12
841 841 26
815 206 33
368 274 21
14 484 31
499 647 19
448 360 25
275 808 22
495 617 24
833 829 27
540 544 4
105 195 28
284 643 3
387 452 11
681 671 4
668 812 25
546 92 13
688 342 9
571 633 27
707 487 35
430 723 11
317 792 39
141 534 32
52 821 8
455 350 16
75 553 37
831 30 32
304 93 37
453 240 10
658 242 33
56 334 36
186 684 38
667 56 18
786 706 37
141 352 37
312 28 10
542 551 36
74 823 37
452 464 4
153 646 36
320 452 28
408 588 16
409 687 27
723 517 33
357 627 28
174 461 22
699 475 24
281 552 12
178 642 8
736 443 8
425 614 31
533 208 7
469 851 35
301 558 8
850 396 28
81 301 16
589 67 25
