615 3161 470 409
532620 708404 629663 269181 960816 774901 558821 773218 472002 198130 959072 231161 97887 899590 308624 656513 966445 857270 982213 30953 775962 492560 175407 287412 223249 638251 810774 680137 693236 595455 295112 268138 464471 149493 671589 146310 368445 832453 993658 368658 557029 858103 92749 220817 305776 894834 781506 800511 450257 857520 789692 733651 526534 141524 481915 881055 255271 236637 542372 914516 458031 783551 667956 237763 722916 844947 725494 166607 490746 502342 226983 147116 91302 791931 931889 399136 614425 75862 670048 803761 950869 563076 16547 474929 949081 806190 652702 708763 642848 347792 439825 815266 492785 206649 152781 273867 909980 53873 203099 229093 368559 620714 188037 823508 437224 454601 535078 831289 501106 351746 211186 175564 787038 49163 361994 906060 335631 240146 434511 392746 12192 540391 977710 74107 445891 257824 803015 477257 554396 152846 646441 985618 34292 938420 338517 975342 771195 910278 83279 374058 527354 378492 799759 512251 868663 81152 446282 764419 131745 674320 324233 770083 497922 342929 363685 246739 894588 693751 891915 766071 975460 162143 65459 431219 871978 499605 156674 210231 467330 403551 297302 929535 637267 796561 711780 97976 110351 12762 31257 414008 905700 608957 735969 471136 925504 11823 4780 270367 362267 247210 953272 110642 406671 709218 976685 764252 116056 153959 375350 823073 748304 25633 640508 641945 667220 80059 396874 984069 465812 416685 396198 692587 370077 246975 468394 385505 180778 586954 616755 748074 88915 575192 494295 64999 210088 282308 531234 265326 345709 648697 172336 655297 857590 219339 619688 264817 165467 915615 566022 100198 718516 124571 420940 134655 353019 655851 613785 663959 748280 87333 483714 308291 531436 512039 974957 312854 27344 477725 116046 30523 253602 416208 910211 36829 787251 504244 153470 687634 426254 905342 653295 911357 260071 386719 322899 13027 741609 918801 306201 684227 897696 69506 80268 578457 166944 429513 885072 391941 15904 460912 744405 560068 248936 491215 150780 746118 363875 512763 342180 4931 207051 834295 372729 37494 760131 552986 216508 261341 29249 502233 74270 114512 490116 390705 586638 7815 594850 418216 728255 913578 764720 155666 774022 528033 257084 847318 682492 102122 814230 876245 864527 735187 920377 100510 815278 101489 373780 655371 614127 453102 750066 661048 445204 206057 34383 267360 381548 595223 569812 766160 80765 367089 450919 320373 662353 863339 876058 226006 502079 920039 486090 847767 84838 825948 263510 147112 396532 829785 96547 899257 272345 945349 426666 587390 77593 899615 353112 190628 150124 121653 359320 32243 210033 271607 238017 355626 580354 43383 289608 761130 319281 727786 107977 570130 512787 911120 168102 215234 710761 631764 12240 506145 640566 148576 157347 451587 277170 479599 88658 309286 990772 463861 695271 188037 259964 754121 539170 433051 181143 56571 13790 978592 135577 144788 863250 187620 350269 536620 168022 832536 364073 729753 517216 584788 225159 638488 123379 14111 430807 231037 467541 366024 275276 924842 651648 382436 541597 598089 556285 549805 6147 496365 393575 438397 652305 491152 571036 609865 337505 559573 1557 919144 496770 333838 12208 793581 449438 397850 185568 357382 891861 685881 526193 252950 777304 252922 970360 610333 905617 973676 219563 198474 819013 758003 619266 86356 571648 256742 489022 211730 764334 230288 682379 981014 639202 848245 734765 289304 360377 624723 572988 3056 851300 672315 201429 713428 935380 584889 339358 349378 655366 66085 492545 254831 39470 986660 424125 760130 394019 758422 648558 469681 798090 678742 365211 771459 923094 927175 293148 290900 815541 290394 294083 460055 137813 369573 959389 186139 859480 372079 131507 172266 510894 829849 410157 353629 411635 80641 237533 767225 743577 424426 808753 880835 714700 51969 487751 155564 932069 414523 255650 391588 519031 701014 256532 517362 822887 925655 356983 42141 919665 384092 64812 573171 39308 571398 226763 523944 58578 656773 160675 660536 680820 345877 317114 186858 717704 498701 391665 410565 131961 862071 755886 405277 443155 546283 85132 407481 761486 100590 279883 64038 358755 723732 954903 70364 344811 711655 134441 310333 722068 966978 912533 499359 570107
320 168 38
64 303 54
255 428 84
606 584 55
184 58 32
173 319 80
569 4 47
420 258 16
588 566 77
317 497 10
112 75 27
562 547 55
114 393 73
340 460 85
354 106 15
110 81 41
293 482 85
247 311 6
534 208 6
390 567 57
484 555 3
459 380 35
96 189 1
359 180 94
281 371 60
529 35 14
467 251 46
434 98 43
607 28 54
452 512 26
124 495 94
268 189 3
257 66 56
119 543 92
386 87 63
2 496 48
29 220 2
260 154 80
250 125 84
8 122 57
520 267 90
70 573 24
502 85 76
266 145 74
500 133 52
373 33 42
432 342 58
335 412 18
474 132 6
52 287 42
539 163 42
327 145 24
494 210 10
610 400 80
17 448 1
207 128 26
423 209 9
479 564 88
288 396 71
294 441 40
428 532 37
218 351 38
33 206 6
10 449 33
569 99 26
475 282 58
132 102 44
513 287 57
198 15 49
423 544 20
100 569 82
427 86 61
143 165 74
46 471 4
312 234 73
265 130 63
10 150 76
214 79 51
245 545 64
278 227 44
446 147 7
112 289 55
537 180 74
79 173 79
492 410 47
468 519 41
357 258 31
604 290 43
210 304 38
34 591 53
573 473 18
34 159 3
283 498 59
396 238 46
564 400 59
10 475 45
465 351 66
560 235 75
575 307 10
182 574 30
27 220 87
122 361 13
335 242 52
502 228 12
544 195 57
150 8 48
267 61 38
297 143 12
25 412 42
612 157 45
324 389 80
405 394 30
353 74 32
553 351 67
71 320 51
378 221 2
230 177 45
120 102 8
541 425 1
117 170 33
73 168 63
345 247 44
445 28 87
582 538 41
46 273 37
28 430 40
375 488 83
603 409 65
100 93 46
208 344 20
149 606 45
149 448 79
223 227 4
244 486 63
181 189 41
295 452 81
384 326 31
197 57 12
219 237 46
362 85 64
18 124 81
112 287 7
130 438 56
61 386 91
210 300 62
381 171 26
424 28 21
318 108 38
237 255 11
551 485 64
587 424 51
466 390 58
248 162 57
118 413 86
153 148 64
252 337 61
464 582 12
169 353 31
396 21 39
365 51 63
297 210 51
301 400 80
436 19 12
263 268 93
511 192 41
76 70 11
385 609 40
47 249 31
350 257 3
160 387 71
417 553 15
79 465 78
493 409 20
128 247 49
243 609 11
329 10 52
518 210 87
599 221 12
114 460 13
458 12 5
348 612 5
357 213 82
490 531 84
594 455 55
559 471 42
539 211 78
279 66 90
152 601 14
419 499 44
306 72 80
148 21 19
459 552 69
70 93 45
313 98 70
305 289 50
31 605 52
421 377 80
87 406 62
409 257 38
502 198 58
442 477 39
71 296 63
192 2 9
506 265 16
307 521 81
382 172 8
501 74 81
172 494 64
419 29 64
434 137 27
274 290 67
474 91 17
31 239 50
218 553 58
7 410 93
537 71 6
583 167 40
83 452 3
129 118 8
22 546 45
521 381 58
534 578 55
521 417 74
17 558 56
570 482 19
243 273 60
497 527 41
613 141 40
309 45 31
92 401 16
600 110 20
575 38 81
538 424 80
31 345 35
256 387 39
561 33 74
177 607 6
464 329 89
374 432 71
518 537 82
383 592 37
301 91 72
603 428 74
358 175 7
323 270 71
553 427 54
280 226 82
69 61 82
94 551 47
565 188 40
4 607 62
14 574 18
603 257 11
172 94 63
58 605 53
433 463 28
142 317 74
281 428 15
190 397 91
35 190 86
611 10 19
196 454 19
452 147 23
460 337 63
168 328 32
170 508 32
387 519 72
578 515 69
422 418 28
201 411 3
158 94 50
119 550 5
492 315 14
607 13 12
290 184 10
72 313 28
50 338 31
603 59 59
49 326 39
121 414 50
369 15 7
3 210 13
571 535 26
533 477 19
513 152 64
337 427 66
45 129 2
366 72 46
178 42 52
258 211 45
471 475 63
598 548 41
272 196 35
416 250 76
131 541 44
319 305 7
65 468 1
96 75 2
343 211 58
580 105 76
127 211 31
407 492 63
205 280 37
51 360 52
473 130 45
225 35 13
338 129 43
260 154 89
206 604 25
567 473 52
303 165 51
371 72 40
410 406 72
103 42 71
401 57 5
297 348 48
20 389 68
399 254 93
268 153 23
346 28 73
204 24 66
561 429 69
542 116 52
164 607 26
391 270 37
125 285 66
341 126 36
472 548 87
286 359 3
346 287 67
24 315 8
171 182 73
609 312 23
373 295 53
123 540 11
26 574 40
17 130 69
469 177 94
521 509 54
207 129 93
577 225 37
154 458 56
26 141 29
438 460 25
365 572 74
404 540 48
587 345 10
404 559 46
381 152 73
571 223 31
263 342 39
439 149 58
599 56 25
401 149 39
282 178 84
81 129 28
440 359 9
502 226 72
171 193 21
552 130 44
12 324 91
5 254 39
288 91 62
170 165 15
133 29 91
367 531 64
317 473 35
504 574 66
75 382 80
604 363 24
462 454 73
404 81 15
70 549 6
331 316 36
179 506 63
63 121 79
206 550 65
31 28 30
364 538 15
48 447 75
463 376 45
509 243 92
146 307 74
437 2 79
310 424 19
98 440 36
262 236 54
255 607 81
185 55 81
163 207 34
286 538 31
457 364 5
147 562 11
377 258 81
515 492 76
145 479 26
463 326 61
102 268 39
113 149 16
134 562 16
362 579 27
48 130 11
144 443 32
179 463 72
96 435 10
430 197 9
86 463 41
598 137 60
197 273 63
284 465 25
278 77 79
600 496 81
35 603 15
170 568 20
11 273 25
233 306 21
242 580 43
590 350 9
300 133 45
327 118 68
373 571 82
38 209 16
54 426 39
316 99 67
116 161 43
420 362 55
236 290 69
380 448 78
297 139 21
70 543 84
485 442 38
544 87 67
417 334 22
240 582 66
144 476 4
37 213 57
448 131 78
394 133 12
224 292 92
607 122 39
96 418 20
420 41 67
344 525 78
599 562 59
177 444 27
11 53 67
34 391 48
41 378 18
44 87 31
457 511 88
222 510 85
497 68 60
2 505 45
230 505 66
570 607 60
91 369 14
292 169 40
443 531 13
375 84 88
128 53 16
399 474 3
417 160 74
108 156 48
329 36 28
198 26 36
160 171 45
496 514 21
77 328 35
50 119 89
173 37 80
396 306 9
192 115 42
593 155 48
353 5 13
141 178 36
280 143 44
489 538 92
229 180 21
345 147 21
430 115 30
609 569 20
3 520 58
72 122 65
121 493 24
18 221 61
258 76 84
572 83 41
437 188 21
193 329 52
437 547 32
534 59 53
267 226 2
526 112 16
369 382 25
302 329 42
264 94 94
88 272 85
102 281 38
475 344 49
360 149 35
188 510 24
580 241 80
217 467 50
46 256 92
163 90 61
106 399 68
320 377 52
421 314 43
270 375 53
212 437 74
544 372 38
55 488 76
194 75 2
585 424 1
470 569 42
35 118 44
483 354 24
345 55 14
544 2 76
292 148 27
315 399 3
279 439 55
450 3 29
407 184 30
174 254 92
192 152 66
73 525 57
615 22 53
71 371 42
499 332 31
448 262 64
235 231 83
121 429 53
481 149 55
466 476 16
280 393 50
554 275 10
562 115 85
122 390 28
110 350 74
469 505 86
561 377 70
68 22 88
244 575 21
563 250 10
219 239 81
81 299 90
191 557 14
537 307 91
422 335 9
551 109 31
237 150 53
276 232 78
319 370 28
275 85 12
64 222 36
105 427 56
148 1 78
193 35 23
523 125 73
413 386 83
341 201 54
109 342 52
559 340 8
379 77 6
579 301 82
2 358 24
610 346 53
573 72 46
244 462 34
515 317 21
503 120 62
342 158 63
145 470 86
569 168 31
543 535 83
516 160 63
517 252 11
182 350 37
305 152 31
166 261 37
597 465 27
443 426 85
524 396 89
41 441 53
421 570 53
588 296 83
539 574 63
341 2 28
251 55 58
175 165 30
469 540 63
528 391 53
391 270 90
611 351 33
444 239 18
331 342 16
243 532 69
545 368 76
215 403 28
22 322 1
576 21 45
542 259 68
72 156 4
328 143 8
564 495 19
604 15 32
104 299 45
233 297 37
72 226 67
234 189 19
7 224 13
193 512 7
614 150 55
368 491 49
340 237 88
367 443 15
473 86 1
44 176 29
39 263 63
168 400 11
40 209 54
208 42 85
32 94 73
470 532 5
51 302 49
210 228 49
138 251 40
340 19 31
164 89 4
18 260 67
486 400 22
423 6 14
424 312 14
119 167 43
24 348 10
134 164 73
224 367 55
28 427 17
275 422 15
142 326 2
259 430 51
94 225 74
51 258 88
614 499 25
141 162 36
71 342 58
607 548 9
461 191 61
570 270 90
230 388 39
293 131 16
484 448 55
111 588 29
198 122 63
582 140 67
123 385 76
198 203 73
203 376 11
415 323 83
541 146 43
289 161 8
325 459 31
444 56 14
492 222 36
343 107 52
128 562 70
339 543 59
531 400 84
279 272 25
239 83 21
224 150 18
331 355 84
94 453 47
363 309 79
33 120 83
236 104 17
19 242 26
34 578 25
303 610 22
413 458 40
304 353 61
322 84 93
130 40 53
96 317 83
61 252 44
586 440 52
80 256 57
423 316 9
483 191 48
12 8 6
329 45 54
556 276 86
239 181 79
543 110 59
337 560 6
119 371 14
108 461 24
549 408 40
425 148 52
576 435 10
287 504 56
387 567 80
421 470 25
242 469 65
259 179 50
340 319 79
482 230 19
170 286 65
20 42 58
168 497 65
508 7 44
518 193 89
597 307 83
257 571 40
284 248 68
263 286 83
470 251 35
435 278 17
62 440 44
414 518 7
377 299 68
171 327 60
469 83 18
271 220 16
604 423 2
449 47 3
22 65 16
562 447 39
550 500 14
268 438 70
440 150 3
199 479 41
559 564 63
456 281 10
183 420 49
103 498 24
611 28 43
65 375 14
297 547 20
28 15 10
16 333 75
497 286 15
44 301 22
271 188 38
382 464 16
546 501 24
574 290 44
335 438 57
297 498 8
332 147 34
501 457 87
576 499 58
18 242 54
413 401 5
81 265 66
408 477 89
499 404 90
561 252 66
14 448 93
134 306 81
589 238 56
360 308 90
159 559 75
142 286 14
24 40 52
614 191 68
116 273 1
571 34 14
112 10 31
442 118 52
445 390 14
117 140 45
148 57 12
301 421 44
161 457 68
447 576 81
24 111 75
161 184 39
146 202 61
190 395 73
2 542 30
117 4 72
367 236 64
195 205 22
132 265 17
157 430 58
56 45 39
541 145 41
373 574 5
256 411 21
97 187 58
522 215 76
456 586 48
327 337 92
432 93 72
187 184 36
27 484 88
190 490 56
225 142 24
71 319 81
554 402 31
14 573 61
474 461 70
604 380 82
3 283 33
183 74 77
428 590 42
116 123 68
319 373 28
409 120 13
196 140 74
70 276 76
232 251 41
412 326 6
10 477 48
29 386 84
549 503 13
398 612 18
550 98 59
261 218 46
610 549 72
378 141 80
426 162 85
440 166 21
528 528 75
248 404 89
26 462 14
436 247 22
148 335 56
133 83 90
330 452 3
414 467 64
606 277 76
410 606 31
81 41 32
69 375 35
612 292 68
424 578 48
270 166 87
530 488 40
213 427 20
66 594 73
60 579 52
85 373 82
69 188 64
595 24 83
306 314 76
23 328 25
510 375 71
589 11 78
256 328 52
22 435 93
37 84 53
72 428 60
609 94 49
333 594 68
535 519 41
373 58 52
75 539 51
482 257 52
198 148 29
424 269 69
589 587 63
583 529 49
107 543 51
172 298 70
533 212 45
540 149 27
52 48 91
414 33 54
152 582 54
351 360 77
386 308 73
105 415 69
263 3 91
609 320 90
18 493 35
1 433 53
525 158 65
308 250 2
328 542 66
590 72 36
451 243 28
161 420 39
482 559 23
561 250 44
155 261 1
46 451 92
192 360 20
192 555 30
317 20 3
24 490 26
82 9 10
560 479 87
148 43 41
66 411 52
545 152 7
351 215 15
543 39 37
302 154 92
81 579 86
488 145 87
415 579 39
546 511 41
331 490 79
326 599 59
509 473 30
85 573 82
325 197 16
71 382 75
15 118 1
199 170 46
206 217 49
434 396 1
100 454 64
118 583 87
603 187 86
264 88 78
602 375 43
163 257 5
151 146 22
90 170 76
443 347 78
589 423 77
233 16 62
52 100 85
242 385 51
432 259 77
298 315 25
421 365 6
65 173 66
95 484 53
375 103 1
107 55 23
518 233 57
372 492 85
285 486 64
385 268 65
426 259 39
326 237 21
237 18 15
37 572 54
16 274 72
510 607 90
73 250 83
241 57 8
271 530 88
229 122 23
351 26 52
441 502 34
422 19 55
110 222 21
572 282 93
244 87 46
137 213 6
90 39 85
77 370 9
389 448 71
59 557 82
233 200 29
120 215 84
272 49 32
225 488 1
372 333 48
599 406 60
201 587 17
287 466 51
420 382 28
320 509 46
159 136 69
41 529 40
211 366 93
386 241 28
447 243 81
427 439 22
303 190 87
421 25 46
48 399 63
260 348 80
450 166 66
294 293 40
92 562 42
285 426 60
507 392 48
164 597 36
272 113 51
246 6 51
95 348 73
192 375 81
552 309 81
186 430 58
567 336 49
211 609 57
359 542 64
366 253 54
509 329 68
603 172 83
168 145 53
504 448 75
606 550 90
456 358 88
31 98 76
73 406 68
148 60 42
109 504 14
612 149 87
236 249 56
577 396 11
130 226 94
198 592 24
463 58 9
303 190 30
333 124 90
406 381 80
577 222 82
282 86 67
612 171 28
296 238 40
53 109 75
205 9 34
117 147 32
223 345 52
41 547 56
587 561 29
110 367 81
334 318 85
39 543 57
423 31 3
86 309 27
522 534 2
337 571 77
188 496 79
14 431 87
100 234 41
103 190 31
107 34 44
578 74 45
9 473 37
289 441 87
570 279 64
561 148 46
606 548 35
574 334 46
209 75 74
379 135 57
93 18 2
501 271 88
539 284 57
106 319 32
437 427 57
584 116 19
55 198 85
250 397 36
289 101 35
522 521 27
589 179 70
536 560 66
542 198 2
57 514 9
520 430 84
132 247 3
583 608 2
10 591 6
276 2 44
449 378 93
506 383 81
105 17 67
455 515 36
141 584 89
57 207 10
12 536 25
72 139 4
199 268 81
615 440 77
309 580 27
364 178 6
500 497 41
261 498 87
107 424 18
544 387 10
485 402 79
108 200 77
250 576 78
444 457 70
167 349 64
173 459 83
357 475 92
528 317 60
143 143 71
180 417 81
445 272 78
40 228 68
102 134 11
390 521 35
468 104 49
388 589 66
612 614 92
157 318 16
222 505 82
42 241 6
19 28 77
361 29 46
33 122 83
121 514 13
587 324 57
425 56 86
272 564 41
11 387 82
598 116 26
275 510 68
146 389 7
306 166 8
87 109 14
440 200 80
60 32 63
445 79 13
580 52 75
33 333 66
569 517 29
278 385 77
295 436 92
18 129 12
11 390 11
242 384 65
119 367 83
542 385 44
293 11 77
224 412 15
322 501 72
190 496 25
276 468 81
271 417 55
589 479 43
320 503 41
145 27 51
99 315 77
95 390 53
519 17 94
68 436 69
568 374 71
5 468 45
361 454 25
170 56 48
543 561 21
215 561 83
276 438 55
78 610 72
434 262 59
205 477 18
338 594 20
13 339 29
49 337 67
390 360 83
12 576 39
129 197 57
497 469 29
261 95 53
27 523 11
415 246 43
72 149 47
14 102 19
596 292 25
171 60 29
368 192 61
217 485 74
497 450 17
14 33 63
159 210 76
108 596 82
546 170 62
266 234 14
285 574 30
15 132 23
470 338 65
82 599 75
562 392 71
310 331 52
175 580 38
462 256 23
248 180 30
84 526 86
458 281 52
387 111 40
295 446 91
575 128 79
16 197 54
71 192 81
348 229 19
370 373 24
424 230 85
472 435 34
385 468 13
615 615 13
486 373 34
324 341 82
133 7 82
190 398 14
615 259 51
451 68 74
357 226 75
112 19 75
280 65 71
584 399 6
257 396 85
67 146 68
267 108 60
93 198 92
370 249 91
100 528 6
308 216 37
497 303 2
107 306 30
351 159 70
386 348 69
103 435 33
609 107 38
130 28 17
368 547 17
71 72 39
46 237 59
538 426 29
404 512 27
248 401 59
212 354 43
238 289 11
18 174 93
228 307 62
487 3 20
396 156 12
238 328 28
543 246 24
483 490 89
597 595 50
171 70 49
333 180 76
478 122 38
469 465 47
229 326 32
430 317 8
493 434 53
229 613 29
311 182 65
1 154 59
84 538 62
18 41 24
276 74 1
386 96 15
31 191 22
567 216 76
140 550 47
435 496 51
563 241 76
254 65 52
566 75 17
370 272 86
8 5 80
462 19 42
481 155 81
407 556 83
512 7 62
566 68 37
209 76 91
161 361 28
132 20 67
465 19 23
188 176 6
142 189 25
150 556 60
361 583 32
133 404 28
351 179 70
362 584 88
394 592 31
393 134 71
30 238 28
229 280 48
35 190 43
419 101 40
402 263 62
244 260 92
125 117 58
400 433 22
284 294 48
451 511 53
54 477 91
492 235 55
223 515 24
330 270 47
278 524 46
385 541 42
507 189 46
223 563 51
564 117 20
528 342 87
3 372 42
327 59 74
216 337 61
385 330 21
86 176 51
134 103 52
531 363 51
153 355 85
452 438 27
405 390 36
231 31 92
193 24 30
388 527 49
450 110 81
92 418 69
260 472 24
373 111 52
336 433 94
372 151 76
259 520 10
24 610 38
262 181 86
24 74 68
119 439 76
47 496 25
87 430 87
266 287 18
527 14 66
346 507 14
268 26 87
407 218 23
219 371 11
325 197 89
30 157 28
8 584 28
301 103 50
498 205 68
488 466 76
164 480 45
289 352 17
32 413 73
2 499 72
264 152 50
300 310 79
292 552 15
530 459 43
435 32 2
521 266 25
3 432 68
1 304 43
446 502 59
536 159 81
4 519 85
466 148 66
2 262 13
286 327 18
394 12 82
492 225 72
449 305 22
303 336 73
583 584 9
425 310 6
591 9 13
95 280 55
426 308 71
317 488 54
567 471 26
28 362 59
219 225 21
272 488 39
344 189 14
539 442 32
270 595 70
559 512 57
402 330 72
261 95 65
287 533 64
303 549 41
499 577 50
593 137 7
9 615 66
76 217 53
358 429 26
34 542 45
318 591 21
575 229 39
214 223 77
490 59 43
599 351 22
268 222 84
533 525 73
459 290 87
557 532 48
7 448 51
596 316 83
527 408 1
81 157 7
335 511 15
187 316 22
404 586 7
564 369 42
42 329 21
261 167 91
165 235 40
556 336 75
342 450 93
234 350 85
562 464 73
318 292 86
528 66 82
291 575 61
95 55 21
604 240 35
163 434 17
303 342 37
57 374 21
216 4 58
218 368 17
346 454 4
398 261 23
463 208 9
13 5 34
284 185 21
195 273 12
531 177 9
317 327 17
557 151 46
79 198 44
140 333 46
607 404 56
589 304 48
519 364 65
614 309 73
2 377 11
65 73 40
601 7 3
580 595 52
577 224 72
79 393 46
154 495 6
188 556 93
372 37 93
472 530 89
326 492 90
142 326 79
595 232 67
115 357 70
546 2 64
506 231 82
107 433 48
418 37 42
464 226 42
304 446 66
167 495 20
439 495 29
224 81 17
288 501 70
242 29 53
319 182 68
432 454 34
14 324 72
145 105 54
586 169 24
288 51 31
259 31 47
550 211 57
574 389 93
286 501 77
315 440 90
224 32 40
537 485 45
306 47 60
145 253 43
483 89 82
325 381 31
110 95 83
306 89 54
540 428 1
468 451 12
347 89 37
493 361 29
405 415 72
486 290 40
347 326 50
403 600 47
106 409 20
297 422 18
79 215 73
264 502 41
319 559 47
6 321 80
192 58 70
579 124 57
26 564 7
455 597 76
330 80 6
476 580 5
594 596 27
477 272 27
586 388 70
398 88 36
602 502 79
606 126 54
361 14 92
346 70 84
274 344 17
357 77 90
130 299 56
85 312 84
108 292 25
376 610 94
229 413 28
483 195 66
421 609 65
146 467 65
197 64 62
420 136 17
392 225 5
384 603 80
300 202 65
314 220 75
556 534 69
300 374 26
368 132 45
88 285 91
288 24 92
613 473 82
185 446 23
507 600 64
134 189 55
479 531 85
74 113 15
570 128 13
496 590 70
355 57 62
245 504 52
608 93 75
521 61 69
462 437 58
466 34 16
304 429 53
330 175 38
331 161 60
111 52 92
63 257 83
15 510 90
302 37 16
434 149 79
248 457 78
524 568 34
86 193 36
473 569 87
430 198 31
478 521 2
16 239 75
82 3 60
52 359 37
13 274 60
11 524 22
419 288 71
25 273 41
28 389 9
496 462 50
101 555 76
1 292 8
11 77 94
262 158 35
207 369 64
376 401 53
615 350 90
87 607 92
202 244 26
581 290 85
496 300 82
508 595 41
519 502 68
318 112 9
16 62 55
337 356 30
74 110 19
610 278 48
239 344 68
11 543 23
240 201 73
88 503 5
411 543 94
321 120 40
161 226 93
385 100 63
125 133 10
487 209 3
331 248 53
587 372 53
1 152 9
249 141 35
226 163 30
278 239 61
45 228 64
324 301 34
347 153 67
161 68 11
297 370 42
219 202 18
424 269 79
160 283 42
447 567 39
338 226 73
420 58 3
445 388 67
198 494 76
343 466 74
614 155 44
163 561 68
31 136 27
230 589 89
198 72 14
561 266 35
397 430 35
213 98 10
404 466 88
589 388 3
359 345 39
245 83 59
112 378 87
534 39 33
257 211 84
302 593 54
142 39 15
364 552 54
128 432 38
546 460 48
258 383 16
266 53 73
593 347 25
392 474 53
349 456 39
365 167 57
185 598 7
201 498 14
395 407 72
250 95 31
352 464 86
373 602 29
87 369 60
265 345 12
601 432 52
323 375 48
195 369 86
137 274 83
452 331 74
534 2 79
294 514 58
321 607 43
533 258 81
98 100 49
320 320 63
208 31 47
114 226 48
405 11 65
65 161 23
3 561 55
467 127 85
608 316 37
416 389 30
236 303 29
46 559 62
398 201 15
406 395 14
327 418 24
216 4 39
335 371 22
225 84 3
64 283 12
490 386 73
14 57 61
224 76 18
261 245 20
225 450 33
45 300 62
383 430 74
428 420 60
217 29 79
574 312 8
266 250 46
464 525 31
371 245 55
134 510 49
44 310 6
592 531 2
475 542 68
34 20 87
88 589 47
95 537 47
204 438 30
104 324 23
394 214 4
420 65 70
53 563 71
94 39 59
591 365 14
229 129 76
215 35 68
556 91 69
104 144 86
18 49 93
312 476 47
171 50 12
471 306 25
425 130 79
87 113 55
342 356 1
51 563 49
467 385 67
21 349 83
76 536 41
72 48 18
177 301 27
280 336 45
180 346 24
404 522 19
122 260 69
158 279 13
503 203 62
267 52 33
394 216 63
377 235 53
59 217 16
9 364 91
506 10 84
174 417 22
389 434 27
597 45 33
321 144 9
168 219 54
578 105 83
290 508 74
131 572 60
345 562 14
216 287 49
174 566 51
544 520 16
314 201 73
610 93 79
79 520 17
494 263 89
290 479 43
33 76 23
610 45 43
571 38 60
199 341 35
584 232 73
111 245 5
534 331 61
343 346 3
251 576 73
303 23 68
474 607 66
405 417 59
3 205 73
153 342 65
570 148 17
541 58 35
370 32 53
360 569 18
406 330 26
568 527 10
320 17 1
335 133 43
479 285 35
371 325 49
28 521 43
273 137 58
179 235 57
264 154 51
43 296 62
115 128 22
273 332 80
496 81 8
178 224 94
222 5 68
107 43 8
402 195 18
152 599 37
586 236 45
270 580 69
522 421 65
499 592 2
460 424 48
577 268 31
518 421 37
400 476 75
45 126 12
238 268 32
533 425 71
339 182 11
271 452 60
286 591 85
432 365 40
161 485 89
439 53 71
208 402 69
516 362 12
455 432 14
327 157 29
428 550 61
138 414 89
155 81 52
222 194 13
604 184 78
43 554 67
295 435 18
169 486 89
168 462 1
71 249 14
229 416 23
46 338 74
453 549 88
387 384 51
548 104 5
482 85 27
116 453 89
536 339 38
555 77 60
63 35 38
545 446 2
243 552 4
418 439 86
244 298 92
48 81 86
93 367 13
118 598 63
514 469 78
360 374 88
500 18 74
373 223 23
122 440 62
440 542 32
555 236 23
332 68 25
590 513 22
545 222 77
426 178 38
500 491 39
486 242 22
346 102 73
593 533 78
512 224 49
175 587 1
507 405 77
14 526 86
216 419 7
578 519 93
588 203 79
478 289 11
368 95 78
404 180 94
326 367 89
435 604 82
202 118 66
133 249 92
149 428 83
445 154 18
455 499 25
216 88 40
373 534 88
395 253 80
461 418 12
476 440 18
562 407 80
151 106 14
27 314 58
211 285 74
320 423 91
21 98 53
546 603 56
124 92 84
198 328 7
608 154 2
403 217 8
32 395 88
79 400 23
118 372 81
315 593 55
207 224 53
391 3 87
195 402 43
411 310 22
34 62 12
211 612 44
539 360 58
558 325 39
364 199 52
393 444 39
535 583 87
335 121 81
352 125 4
384 138 56
95 298 88
563 438 90
561 567 80
470 457 31
399 291 83
138 495 89
511 83 13
492 506 92
323 613 81
342 592 4
479 544 4
516 448 82
606 143 66
22 310 73
189 363 74
171 59 41
536 130 4
54 319 81
492 308 47
314 400 54
580 12 31
287 330 63
278 387 37
12 7 54
532 543 64
1 450 77
4 59 85
446 441 14
509 296 45
290 332 90
504 470 37
93 193 14
79 201 49
194 227 13
45 52 25
2 231 65
189 310 48
286 461 67
590 611 30
16 615 7
158 4 31
366 370 85
260 575 25
358 559 28
57 388 63
296 581 87
162 359 89
286 235 37
360 321 40
483 511 47
198 561 41
6 203 52
339 496 71
37 195 54
166 331 79
223 331 21
334 18 83
243 522 23
307 124 35
187 609 4
357 573 79
316 419 75
80 557 9
357 303 80
609 294 61
603 488 94
552 254 14
603 535 18
237 563 86
582 400 43
447 251 25
599 172 93
387 409 33
29 522 30
506 373 49
117 193 36
352 267 70
18 566 47
595 591 29
315 160 83
232 169 73
217 363 46
275 351 14
429 127 88
416 379 92
510 395 69
182 221 92
219 420 7
348 348 48
22 480 61
203 577 80
566 170 55
543 456 8
323 13 74
553 359 90
239 533 75
294 318 27
261 197 65
488 174 52
207 290 58
366 526 20
478 28 47
137 112 56
420 267 59
58 490 85
500 401 73
431 7 31
380 414 58
233 316 84
38 31 61
315 176 82
596 467 42
477 76 52
409 138 40
169 417 2
235 391 22
394 543 47
294 19 67
412 446 46
479 292 58
593 350 12
562 316 3
199 44 79
254 267 70
421 60 75
90 300 8
272 602 68
436 199 27
147 401 76
205 267 20
75 276 20
564 531 37
201 408 41
136 612 69
190 331 18
499 500 65
249 416 36
562 396 26
268 350 84
324 172 65
518 278 17
176 576 86
195 335 37
554 322 7
503 199 32
316 571 20
451 402 28
301 484 44
565 116 65
575 301 94
108 424 78
388 395 79
322 496 94
412 364 69
163 393 20
454 575 38
112 503 53
575 369 71
98 286 39
99 514 91
420 205 10
394 569 87
101 505 63
548 280 8
606 459 10
102 242 16
154 64 64
459 612 9
309 196 33
37 189 34
486 40 56
78 432 47
225 5 49
566 48 53
273 513 63
183 230 68
76 214 32
196 114 9
363 313 59
524 319 53
344 149 94
611 371 18
192 1 18
433 577 49
97 260 16
349 589 25
345 223 29
582 42 76
516 420 7
38 10 57
59 563 80
46 10 29
226 287 68
563 225 29
408 226 35
4 285 33
451 530 40
511 329 1
154 509 39
57 399 40
485 2 55
438 117 55
371 414 51
136 322 49
111 223 74
341 516 61
116 3 45
609 91 87
501 467 82
102 148 67
28 480 15
464 132 81
55 3 9
282 13 16
334 361 1
612 474 80
114 132 41
41 51 90
35 554 18
200 273 27
70 181 25
481 613 80
320 292 77
36 269 15
315 273 80
236 346 61
173 541 92
268 39 38
35 339 92
453 458 70
470 28 88
7 555 15
56 19 12
141 588 33
390 407 47
358 572 41
46 226 62
150 286 13
611 407 67
446 509 9
211 601 30
55 401 88
476 395 80
74 511 90
1 375 67
260 472 77
14 274 84
64 583 21
572 547 34
120 379 37
218 515 72
308 54 59
524 99 50
143 106 3
198 498 9
301 123 59
223 583 28
183 135 64
323 295 69
294 230 91
555 17 31
76 499 30
598 576 46
268 487 59
572 243 64
335 223 38
474 307 56
301 116 51
188 531 67
542 214 94
482 574 9
307 100 22
373 611 10
485 156 7
92 456 71
261 55 53
248 217 86
469 283 77
142 187 71
35 8 31
508 153 1
549 531 33
352 371 36
367 212 35
520 395 16
33 242 59
50 594 41
287 102 43
292 109 58
562 37 27
95 340 46
241 362 41
233 249 24
358 488 29
304 354 41
171 72 52
44 345 79
432 305 10
543 587 57
531 611 63
573 87 9
276 169 16
239 215 86
44 339 60
531 164 48
543 539 7
270 533 86
503 207 21
588 501 29
226 6 75
103 421 67
371 31 50
424 281 74
462 579 59
206 311 26
103 153 9
73 294 41
170 216 33
49 475 11
450 547 41
397 458 83
236 300 51
494 443 54
434 447 89
214 293 71
185 64 94
317 556 53
389 466 5
536 451 76
531 35 49
438 336 49
229 155 69
317 380 7
125 551 30
508 371 11
259 359 25
549 559 55
118 508 60
393 491 59
41 322 89
575 525 9
213 316 2
311 66 92
493 479 13
127 205 54
78 503 89
131 496 33
383 545 77
209 155 78
190 229 32
528 313 87
402 147 56
199 229 73
360 430 55
312 440 55
241 511 50
256 275 18
209 380 29
14 239 37
236 441 42
359 371 90
411 441 57
59 612 71
133 2 14
210 512 14
394 37 10
546 362 56
20 408 16
347 82 2
287 367 91
601 370 75
274 451 66
44 76 84
460 50 80
595 369 34
436 161 43
494 600 18
464 64 43
279 587 78
10 439 58
397 437 12
460 358 43
131 374 22
27 451 7
580 93 51
108 390 56
205 212 39
155 149 63
185 429 81
581 233 52
185 463 26
512 28 60
492 312 63
105 123 45
84 354 79
536 188 48
5 566 73
458 363 47
189 212 65
386 274 79
236 385 17
89 446 85
185 34 33
4 55 18
613 122 19
420 587 14
56 7 87
141 517 22
103 169 82
575 160 74
424 334 18
520 211 75
81 559 33
294 230 22
91 142 37
8 470 70
370 260 70
115 278 42
158 223 10
539 406 92
418 190 2
424 77 18
513 431 30
22 30 41
419 512 36
116 544 31
206 104 42
479 335 19
488 94 32
486 102 59
85 153 76
565 324 4
110 93 70
105 244 50
319 285 50
39 249 6
410 441 12
330 344 59
130 35 20
271 592 5
497 564 72
468 601 2
585 346 27
52 36 93
52 338 22
408 433 93
317 266 77
483 150 83
57 203 43
227 483 72
516 203 15
115 555 48
467 248 21
519 360 76
24 146 75
595 278 55
609 284 23
1 186 36
607 157 40
615 541 26
470 73 42
218 64 75
556 469 65
185 422 8
108 463 69
403 429 66
17 432 65
467 2 90
414 537 77
42 107 5
370 528 7
384 274 43
523 224 37
536 450 41
191 493 39
111 215 15
10 497 69
458 289 21
440 309 58
602 14 57
211 511 86
75 499 78
553 346 73
278 13 91
102 397 20
389 258 14
402 460 94
353 504 4
477 62 72
88 220 33
389 322 57
288 520 64
214 169 94
48 517 74
548 18 64
270 238 38
236 337 38
330 137 62
402 549 69
394 371 82
303 44 65
103 389 17
138 469 46
488 171 17
276 593 6
559 492 65
283 154 82
178 499 21
116 259 75
223 154 14
326 161 55
504 514 78
464 272 85
394 406 92
534 610 31
602 196 43
199 407 81
183 130 4
536 361 92
508 460 6
236 504 69
39 124 66
593 273 84
13 401 89
220 200 61
221 595 21
559 53 15
286 257 13
295 604 94
517 286 1
81 485 93
349 211 50
497 352 50
3 148 73
597 122 28
564 524 67
410 22 37
590 589 9
455 250 35
12 357 30
41 457 15
568 238 37
202 610 84
187 328 65
85 314 17
74 65 22
260 356 7
385 340 21
377 290 53
335 167 6
213 43 36
211 599 62
579 395 11
382 614 59
304 121 90
599 502 64
380 494 69
195 125 73
556 173 12
397 205 1
136 384 38
360 311 47
133 39 32
286 227 21
162 473 59
265 88 68
263 393 16
529 130 32
530 306 40
9 464 57
14 211 16
494 314 60
273 300 33
409 174 87
568 121 31
197 53 57
259 481 89
543 399 83
533 427 43
289 159 79
265 295 75
72 30 23
476 420 47
36 102 66
340 583 41
461 368 21
396 354 20
41 196 57
251 173 4
389 365 92
82 171 8
415 21 68
408 249 70
301 260 47
584 216 78
589 255 70
454 230 14
535 108 58
42 251 35
340 424 3
172 346 69
293 432 35
74 455 31
558 578 24
533 24 30
331 41 12
513 147 18
542 492 43
41 421 19
392 196 64
37 31 8
244 408 30
449 290 26
54 538 63
586 130 86
114 376 61
550 157 20
91 434 37
147 585 82
50 613 59
562 377 85
595 10 76
183 144 19
562 475 79
266 317 42
213 28 9
54 318 66
163 220 17
387 360 61
2 317 41
415 120 9
614 67 25
123 318 91
276 512 5
489 188 14
119 92 28
61 319 46
428 600 25
135 200 48
548 124 55
220 131 70
473 354 58
230 559 32
283 605 31
479 357 72
336 233 52
382 564 39
60 601 54
309 478 45
42 297 1
384 262 8
273 590 43
54 354 30
283 15 77
555 599 84
237 172 61
347 476 82
587 282 79
593 608 92
575 358 47
387 407 63
354 53 93
410 316 9
116 145 70
28 455 8
403 572 58
277 486 40
402 316 8
7 421 31
305 29 4
177 58 94
347 488 7
335 233 67
566 604 24
426 273 87
408 491 18
308 412 10
462 371 32
447 116 52
281 262 13
485 190 84
205 169 37
34 350 74
121 464 43
422 314 17
42 95 75
20 426 65
409 356 51
55 263 72
513 274 14
573 69 25
349 211 60
391 25 38
72 113 65
103 439 4
184 30 60
63 405 50
61 166 82
290 353 39
208 214 71
477 231 35
240 411 42
214 573 82
219 73 63
179 513 17
517 124 41
590 69 46
196 58 87
526 252 27
349 88 6
470 143 60
471 613 90
153 544 51
51 118 79
303 615 16
226 204 43
122 380 89
540 162 57
77 574 44
217 611 29
548 512 29
536 247 76
284 596 68
190 572 55
89 538 64
213 180 76
599 564 31
295 613 66
610 585 85
258 278 40
202 275 24
567 476 12
120 96 76
55 13 34
549 44 28
444 180 25
15 580 42
506 60 69
65 40 70
118 163 56
297 547 4
241 395 94
78 73 91
232 282 50
102 494 27
241 232 16
585 381 73
100 483 64
300 232 5
431 495 44
451 350 51
431 274 78
100 431 31
97 470 48
508 22 78
370 432 41
416 237 4
433 44 60
80 369 94
517 140 88
117 70 50
411 29 10
329 322 75
260 615 13
615 476 22
195 43 89
430 17 94
300 471 61
262 47 51
439 463 68
157 345 2
61 139 69
138 113 62
195 409 42
399 423 88
464 501 65
109 341 71
288 514 7
4 166 17
531 49 85
85 572 1
340 411 5
94 210 49
333 201 6
63 273 13
103 119 18
23 437 9
113 128 55
150 112 84
67 591 49
342 610 3
507 565 85
276 192 62
507 589 54
613 29 12
558 254 45
222 405 6
612 255 15
452 116 76
224 76 72
365 341 40
244 421 16
173 92 34
506 306 42
252 119 36
67 5 80
291 486 94
221 417 70
583 51 2
522 133 58
190 435 6
339 524 85
450 601 69
276 526 24
485 473 31
255 152 74
276 336 47
555 394 14
326 530 59
98 261 41
286 134 35
258 31 20
490 583 34
160 541 47
164 351 68
24 517 80
24 303 19
270 245 19
172 279 83
351 148 85
139 77 6
414 484 89
82 456 26
174 178 86
19 52 79
493 105 46
13 96 17
161 366 69
234 30 79
323 214 75
126 518 87
59 517 42
113 369 17
134 111 13
320 89 32
174 430 18
171 247 89
217 88 81
178 538 93
188 106 78
444 201 31
393 543 38
464 204 59
584 194 5
120 547 31
501 360 11
64 58 27
355 513 68
569 610 34
360 514 41
259 339 72
85 448 65
230 136 5
239 40 81
192 180 9
92 139 8
347 551 74
314 201 91
219 459 15
93 331 63
226 529 57
478 601 54
572 406 9
515 539 52
471 445 11
512 56 81
280 184 91
598 507 33
432 555 79
8 342 42
380 285 1
175 216 82
334 7 76
400 311 42
316 1 20
128 552 56
86 520 56
159 45 53
531 435 51
557 544 64
471 219 40
106 380 77
130 571 3
97 157 30
388 152 45
199 320 9
582 537 45
440 147 23
486 332 39
330 16 32
543 436 13
560 474 48
540 216 36
146 357 34
231 442 57
443 309 42
156 310 77
148 335 81
131 107 69
282 250 29
45 414 64
195 572 45
221 507 57
416 29 79
599 428 87
301 65 52
159 529 47
65 513 31
596 602 35
214 612 33
92 459 90
398 537 25
154 392 74
169 84 75
38 418 3
394 448 42
173 413 67
168 433 80
413 29 67
585 573 21
26 452 76
461 305 65
295 526 71
482 441 82
205 434 7
271 339 7
581 499 78
172 408 43
608 293 51
89 294 77
443 503 92
258 341 7
393 246 87
556 345 30
502 500 52
549 33 30
204 298 73
533 319 88
555 479 25
406 504 21
18 520 23
358 459 62
30 400 74
41 593 50
487 550 94
136 486 87
430 176 71
158 296 48
541 279 61
121 566 51
527 425 54
195 165 61
527 252 52
270 161 61
127 563 51
114 536 58
311 154 59
373 481 93
15 169 25
224 207 21
541 533 39
438 30 71
38 476 73
401 504 21
241 551 68
385 61 38
374 253 87
513 206 85
34 75 59
590 392 72
196 562 23
60 397 61
428 398 94
429 350 60
382 539 25
501 581 77
601 340 77
157 462 33
239 569 30
231 11 13
520 554 18
24 360 71
130 263 8
24 473 50
198 374 24
149 60 27
81 449 59
195 582 67
48 414 47
255 223 69
359 191 38
320 377 70
556 484 14
300 341 6
244 405 79
78 156 60
416 384 13
572 473 28
398 196 31
49 297 36
381 587 15
479 356 83
282 578 73
441 449 60
3 151 64
119 220 61
101 254 14
578 136 35
224 223 16
271 257 49
22 511 84
134 597 55
236 129 10
50 560 68
434 281 82
277 359 59
61 467 2
175 123 86
262 63 4
454 120 27
201 497 22
73 486 79
571 445 81
141 333 62
95 539 9
26 24 32
482 88 5
311 484 40
444 414 56
433 566 88
483 246 84
392 264 91
332 362 12
354 36 4
307 117 10
450 325 87
265 52 26
601 99 2
536 572 16
225 590 41
380 565 65
423 202 78
335 548 88
571 517 20
210 165 32
567 363 45
224 395 21
6 574 52
559 447 41
440 42 71
511 525 78
6 390 73
591 74 9
385 91 41
582 227 75
70 216 83
57 197 45
279 289 15
533 476 57
110 258 37
321 343 70
239 33 38
265 151 75
81 500 41
312 30 5
562 131 35
315 545 87
8 610 64
566 143 67
340 184 23
596 348 49
278 452 89
249 59 60
117 72 15
62 191 12
261 218 86
186 88 37
78 333 53
542 602 35
14 201 40
288 210 11
534 258 84
243 391 82
419 100 64
324 290 44
43 11 52
210 591 52
116 263 64
475 252 83
299 467 72
535 94 33
14 31 22
155 59 84
247 162 48
172 401 4
203 48 18
548 535 53
87 351 19
373 561 74
173 536 80
389 447 90
613 420 9
53 142 69
349 234 63
431 432 47
535 283 44
528 6 66
288 372 47
599 431 68
484 555 66
276 102 39
264 70 87
199 446 28
82 454 23
408 249 43
326 507 1
107 94 84
162 153 84
289 400 72
347 22 50
341 606 77
20 424 36
205 18 85
66 172 59
411 268 54
554 506 15
301 136 65
531 113 68
103 586 30
417 136 21
574 418 75
247 264 35
218 435 46
4 152 64
546 332 56
480 450 19
282 519 40
336 23 91
553 113 66
549 182 34
142 117 9
321 295 14
269 249 35
371 65 53
16 484 17
235 79 76
52 329 7
422 32 78
2 431 83
394 343 15
543 99 48
10 459 87
463 532 54
180 123 72
312 263 37
80 117 63
240 97 22
353 261 38
148 310 75
174 318 91
594 67 36
555 132 77
245 502 3
504 449 42
245 316 47
270 82 21
378 479 31
371 405 69
285 170 86
135 519 14
486 432 83
442 424 31
526 2 11
409 186 42
211 287 5
447 111 42
169 194 93
267 468 12
139 180 38
65 356 89
425 209 86
290 146 60
364 583 52
293 220 41
99 254 17
57 515 88
549 7 28
71 15 35
201 174 92
50 199 18
597 481 90
503 191 13
58 283 5
403 262 54
576 569 44
426 133 41
416 163 23
386 383 88
247 582 28
165 154 65
264 429 23
459 325 59
64 241 94
302 222 47
458 480 4
367 454 79
184 470 3
546 232 2
295 390 69
567 394 63
128 547 3
157 551 86
450 333 22
241 393 10
366 569 78
117 579 94
74 464 76
125 340 65
210 41 44
288 123 39
215 428 58
51 273 92
149 484 84
145 280 19
451 28 93
14 564 10
405 410 60
206 558 10
299 495 45
425 612 45
165 463 90
319 564 22
157 136 35
224 548 74
591 318 10
481 382 37
342 521 32
189 527 90
399 122 18
391 394 64
15 429 16
448 517 18
431 42 21
524 468 25
40 379 44
173 204 27
18 232 14
409 27 63
257 507 48
553 115 60
94 505 87
396 168 14
35 567 27
557 135 18
604 412 54
152 44 30
356 227 30
266 300 80
261 7 3
