258 5812 452 71
617598 304983 667493 993204 450601 44931 995796 762065 367014 457639 829720 362052 741684 712579 136261 504629 707900 308859 567382 416977 31576 359720 529061 389317 712366 292304 52770 609431 790343 888073 576060 603765 37070 336687 157973 139723 12376 251570 191829 63159 241994 657117 186144 931608 615805 330758 878870 17630 306455 914884 798192 108203 678136 710911 620907 761893 181543 91788 108279 534781 333563 425317 451881 317962 976704 591432 876810 673298 153654 667729 751475 996064 725401 862429 613217 18965 828998 18267 42953 605405 563474 642109 303677 518013 510236 379965 803782 250258 236786 690766 21778 89172 388562 777461 916471 932463 352221 177994 631794 500420 544072 880818 830695 91690 197951 585469 816987 354845 360211 693062 695223 886082 55342 212744 227252 897153 58538 412653 507371 205218 920270 110913 715780 334949 776733 677064 430822 867898 89573 70559 196595 741587 339831 264771 957622 995216 682988 664182 896508 271418 262276 465961 325497 20218 366519 584988 437308 999332 970804 277461 362021 943397 38225 897046 320942 963644 743196 87744 225288 291358 836597 775877 348920 607704 352282 491820 74963 811758 65179 765044 81481 290327 32218 474489 369584 825787 859442 695895 872694 500537 51449 262761 623389 928155 542589 612583 12124 695890 158235 396558 504282 146855 298693 607950 551265 746282 521375 704383 474872 274088 951176 158531 527938 924998 76732 27164 855652 812359 728591 361614 943801 723513 428399 364948 596918 255487 326822 274639 524789 7769 363298 245575 310373 244743 78326 303462 749885 412620 106213 958516 574004 829886 450668 94688 171035 880074 454040 114491 211534 100560 297731 115775 686199 715267 128198 870183 359685 189442 461165 458053 471483 614376 943602 424885 522391 958742 902115 131885
59 83 82
247 149 62
214 30 62
109 32 57
79 118 82
148 229 41
56 32 50
37 181 72
11 13 29
167 60 70
156 33 54
152 170 69
106 64 71
22 157 19
149 47 42
164 145 1
140 13 86
77 210 79
180 160 21
175 76 77
148 118 14
204 150 26
103 31 15
48 62 3
125 139 49
21 228 78
208 85 14
77 40 84
213 41 53
236 13 73
51 54 85
24 10 90
119 192 49
248 90 78
13 255 15
74 59 32
109 195 32
119 183 52
225 120 15
199 172 80
233 213 34
85 170 74
152 210 73
109 220 90
104 256 31
96 46 41
96 67 23
143 95 7
176 127 13
27 69 8
237 230 74
251 236 30
11 58 62
116 159 26
6 87 24
112 224 74
225 197 67
204 208 57
147 192 53
202 158 55
53 207 70
243 144 77
23 38 12
117 15 30
148 61 36
165 79 57
187 214 71
50 47 16
58 89 16
211 53 16
164 52 37
71 7 58
123 113 72
209 129 80
185 28 54
10 157 49
192 202 33
246 75 90
144 96 78
152 217 13
200 118 72
223 193 57
7 127 40
205 37 46
156 58 78
213 135 24
77 102 9
145 221 84
143 92 4
53 134 34
31 237 87
95 62 42
82 221 19
97 188 3
181 176 11
70 41 31
164 84 58
248 209 43
225 30 60
213 54 25
6 36 85
160 36 67
112 120 76
166 119 8
12 239 63
125 224 69
28 151 81
109 177 30
209 22 10
253 211 80
1 91 36
36 15 4
139 75 53
148 230 84
125 190 32
1 156 88
19 178 66
21 48 10
51 195 32
76 117 2
58 68 16
49 133 61
22 135 29
126 207 90
112 21 37
252 75 30
212 113 84
28 252 15
145 123 54
46 228 25
143 22 69
86 117 74
167 205 32
47 199 35
78 29 73
36 151 23
164 45 61
227 105 74
212 73 69
94 1 74
227 256 38
48 82 2
104 66 55
169 93 49
6 242 3
68 166 64
166 115 71
77 196 69
165 9 79
251 189 43
136 158 31
224 230 27
97 247 51
44 94 86
59 219 25
25 143 79
84 250 31
209 155 7
222 171 52
238 243 6
57 59 43
68 94 74
178 46 50
230 42 21
148 136 71
66 235 84
16 178 23
254 71 77
85 200 11
191 57 53
137 159 23
167 75 78
196 65 16
206 62 89
195 172 73
14 22 14
231 67 12
172 53 2
74 234 9
52 253 41
54 139 19
26 234 44
36 199 74
57 88 39
47 91 57
1 63 33
201 132 64
166 57 74
193 24 68
243 176 21
51 46 23
155 139 30
68 69 46
201 42 58
196 45 19
87 232 32
153 150 29
119 83 29
21 22 37
184 19 72
228 5 88
232 102 61
143 70 27
86 18 14
43 105 30
163 153 49
70 163 59
84 142 40
46 226 28
44 150 12
66 150 25
230 145 73
225 89 27
8 36 15
86 173 64
82 27 7
62 9 5
88 115 82
150 187 20
144 58 40
213 153 65
171 212 2
193 220 82
57 206 61
160 233 24
102 148 40
239 239 13
194 187 66
206 134 62
49 85 75
137 92 23
215 147 8
139 142 60
60 74 12
172 20 9
164 107 19
157 45 71
173 48 47
256 67 77
167 201 74
6 101 38
7 104 73
208 8 63
8 175 58
110 135 52
98 3 14
9 143 33
255 255 71
239 73 12
175 211 35
206 69 23
4 11 40
95 163 82
58 226 24
247 120 56
4 109 30
35 11 23
209 173 89
81 71 34
85 180 72
170 192 73
37 251 74
226 149 7
140 215 53
245 220 6
192 20 5
117 37 37
146 127 35
26 81 66
246 186 17
129 191 37
116 237 73
257 44 65
151 162 70
177 101 5
110 2 37
234 12 59
163 128 19
205 56 5
90 108 42
23 169 39
45 89 74
183 226 31
13 147 13
45 126 37
196 109 71
185 6 82
103 8 38
233 143 85
177 34 69
83 179 10
38 144 59
47 20 85
164 16 78
177 78 44
30 76 22
150 193 18
119 101 31
19 246 45
165 228 10
72 86 87
67 47 84
87 19 51
101 114 2
102 91 79
179 216 8
110 164 23
195 155 85
122 134 78
65 185 4
148 84 35
125 151 20
54 217 13
237 64 43
92 119 32
254 128 5
179 176 22
141 238 71
80 118 28
152 137 43
45 102 52
203 112 85
145 106 69
101 250 44
97 165 34
15 241 34
112 116 43
24 128 79
123 144 19
29 78 90
71 14 35
137 158 76
18 96 4
41 12 88
59 36 85
241 187 4
159 25 50
180 239 39
233 191 43
23 232 60
241 34 56
136 147 63
250 63 54
177 184 38
216 151 11
128 81 39
88 162 51
96 145 4
140 137 5
205 93 83
134 251 2
211 138 74
137 5 51
192 43 69
199 104 53
105 25 51
152 48 64
7 45 44
229 186 48
55 95 36
197 59 50
93 156 50
240 230 40
36 79 7
252 184 47
91 202 74
83 142 59
5 208 12
102 223 90
29 213 53
167 35 86
14 3 68
132 243 38
154 205 22
226 45 73
235 137 49
24 223 8
81 240 9
225 81 81
97 171 41
203 185 26
89 43 21
7 156 38
107 28 40
153 249 26
90 193 67
157 232 48
255 211 18
92 182 52
218 234 40
237 166 21
70 71 2
197 33 78
106 186 72
149 195 22
175 170 17
167 139 8
91 83 59
128 92 19
215 28 44
198 131 57
53 32 74
183 153 47
109 200 72
206 196 1
125 23 18
175 168 40
144 61 36
51 88 43
134 179 52
77 23 13
11 187 39
56 91 17
149 108 37
229 140 73
72 170 41
233 257 49
41 188 22
248 155 71
89 122 25
114 9 13
23 81 23
63 100 54
137 249 65
184 253 22
162 231 30
82 237 27
114 1 10
150 165 62
137 96 30
76 2 84
256 77 8
181 217 57
148 58 54
59 56 37
216 219 10
220 10 7
187 122 44
174 206 71
233 242 3
30 137 75
245 92 12
17 112 90
124 189 55
30 195 39
156 18 72
111 218 6
20 19 56
221 72 9
5 6 50
11 42 24
38 14 73
34 247 15
28 217 81
47 177 3
109 71 43
251 142 36
178 126 18
212 146 63
249 213 69
1 234 56
92 24 82
49 56 64
172 143 9
51 232 27
26 206 71
41 22 79
228 53 75
118 173 38
239 124 6
1 236 86
166 183 86
90 93 86
140 34 58
21 207 65
220 29 37
89 22 42
156 124 83
112 140 5
247 199 62
33 51 13
94 85 6
244 63 66
40 232 69
58 90 65
186 255 83
63 245 35
13 46 70
98 181 18
180 8 47
21 124 48
254 21 63
161 35 60
12 236 82
232 145 42
189 5 10
147 125 24
5 74 88
242 50 24
132 133 33
233 253 66
130 18 15
74 135 84
3 133 18
150 100 53
235 130 6
207 100 55
97 180 36
145 240 26
79 240 58
75 11 28
148 136 82
182 69 33
209 99 88
244 74 80
235 168 82
224 113 3
189 114 57
112 96 87
171 244 5
34 127 48
185 175 83
169 228 90
225 184 34
215 154 39
111 250 40
129 158 19
118 250 73
65 117 74
170 122 61
64 181 56
11 127 11
199 107 35
3 115 72
215 112 34
24 197 78
144 43 45
87 75 49
166 197 15
48 74 75
223 13 1
9 119 46
172 187 16
159 17 2
121 160 84
19 235 55
207 222 64
65 234 58
75 231 80
165 122 74
151 173 76
21 239 74
239 184 90
190 146 81
63 51 27
242 255 66
7 102 80
112 15 20
8 163 78
251 184 83
223 156 62
225 211 30
94 24 46
207 61 14
179 35 4
201 97 73
148 186 10
115 258 1
70 91 11
217 187 13
122 93 80
109 85 34
71 83 44
233 189 52
155 50 86
188 175 75
186 238 77
69 2 25
236 102 55
129 60 50
240 180 7
242 181 57
52 101 3
140 105 54
54 102 83
67 5 3
183 7 18
40 235 54
39 143 36
159 223 3
66 176 54
198 81 79
6 96 72
52 97 43
161 185 45
169 155 28
52 219 39
233 234 9
229 13 31
203 119 14
18 219 60
218 38 80
70 16 40
201 128 1
210 35 71
176 192 10
89 211 75
91 42 73
68 26 84
14 187 84
81 119 14
254 135 21
76 139 12
157 19 87
111 243 25
127 22 57
114 254 11
204 182 60
137 246 4
141 61 55
215 154 12
34 39 60
214 225 26
145 43 7
138 229 62
7 214 70
18 17 54
169 133 83
125 204 37
226 139 69
94 89 38
115 231 42
145 34 81
115 40 8
133 139 60
250 176 16
50 18 85
101 40 90
108 5 8
32 103 4
199 172 19
164 119 62
180 216 32
206 135 4
95 222 23
81 84 50
196 238 34
44 112 43
187 155 81
159 210 47
157 150 86
244 222 23
40 240 66
212 153 34
116 114 7
207 176 71
96 103 53
36 196 53
158 220 34
167 108 38
28 141 68
80 66 77
191 55 36
26 159 84
195 172 23
18 81 15
50 44 16
116 223 4
237 4 24
29 230 4
176 41 21
109 213 19
77 224 47
21 198 81
31 84 55
55 245 45
62 27 59
122 247 38
116 68 61
258 2 6
65 170 20
248 79 81
39 120 13
109 96 78
228 229 74
90 32 75
163 119 85
122 135 78
100 78 88
209 49 2
235 113 34
125 190 42
212 121 89
8 207 40
168 136 25
159 253 80
146 213 12
87 65 69
254 127 56
29 183 66
183 3 35
239 138 56
186 204 40
52 222 67
19 52 6
178 130 52
106 43 74
111 20 48
95 16 26
47 115 20
165 162 40
177 127 32
99 149 23
191 77 22
176 145 13
47 161 78
176 7 73
243 171 81
18 121 23
19 90 35
26 63 16
246 52 59
86 204 28
233 188 81
152 44 3
17 224 61
247 162 26
139 255 62
169 84 45
31 183 26
98 194 1
103 50 90
111 78 28
182 8 4
165 219 79
88 11 75
118 80 37
210 119 34
250 135 49
155 222 39
137 118 45
258 42 69
52 229 59
113 229 57
199 34 81
235 47 38
162 126 19
87 62 22
152 63 14
189 176 74
164 201 47
24 35 84
257 117 78
168 100 68
31 191 22
157 115 43
205 127 84
186 228 43
77 144 60
168 90 86
174 66 32
199 251 39
237 146 13
107 34 40
28 20 90
86 147 9
59 153 23
234 41 52
79 174 45
58 153 21
29 173 15
185 246 60
4 6 25
97 144 34
102 210 86
199 17 2
49 101 25
180 54 18
127 114 15
185 237 34
49 42 48
135 60 54
174 246 22
238 43 65
19 224 75
91 121 35
126 165 42
71 5 85
83 241 14
192 88 18
183 194 32
107 151 19
37 171 70
164 157 69
58 188 32
231 187 9
185 129 52
54 36 70
8 181 26
25 31 79
213 35 52
135 48 74
56 221 9
219 66 66
39 54 3
225 181 52
208 123 51
237 109 40
247 99 81
136 160 30
214 19 79
8 174 42
51 66 23
8 223 52
88 29 55
41 241 7
220 135 88
92 168 83
79 195 55
215 205 11
151 86 25
115 132 46
40 35 78
27 236 29
133 227 23
243 74 78
34 76 10
164 179 72
6 131 79
251 46 47
82 208 52
118 229 8
13 157 49
57 27 6
26 21 82
111 94 75
17 148 23
154 226 40
230 72 90
5 58 35
122 107 80
129 237 5
163 91 86
42 83 15
45 74 46
12 86 17
105 55 60
68 61 87
57 253 66
118 35 71
22 119 88
38 236 54
241 5 1
35 87 4
81 77 77
171 168 40
20 102 69
123 236 20
81 140 67
92 37 28
11 86 18
119 212 34
108 243 28
146 62 61
244 51 4
78 130 31
14 46 70
80 252 30
225 101 60
143 234 34
106 186 70
31 149 57
247 105 4
91 46 20
257 8 59
193 5 61
78 17 64
234 72 25
239 20 44
35 165 45
204 13 25
31 110 18
157 73 60
219 122 89
215 223 4
29 158 77
209 119 23
214 151 62
39 61 6
232 173 85
162 82 30
144 10 49
215 7 70
211 162 15
88 130 10
141 169 40
92 203 67
97 147 87
111 46 71
162 160 75
234 254 6
139 177 72
220 69 19
43 129 52
177 209 87
206 164 60
110 244 26
196 186 37
217 174 75
143 164 13
218 210 84
41 245 81
66 96 70
226 100 85
201 84 28
234 184 31
129 55 73
72 96 85
67 123 72
136 251 76
104 242 88
63 247 38
13 223 81
93 207 74
185 79 82
165 18 29
224 17 51
114 205 34
23 80 7
210 55 21
3 165 47
193 28 53
159 63 43
39 218 9
204 206 50
67 258 90
104 232 72
154 29 10
6 145 29
97 192 42
115 97 83
104 92 30
45 158 17
192 168 48
212 47 37
16 46 50
226 5 25
27 220 27
119 85 77
123 2 32
222 18 58
81 83 60
238 91 5
102 121 23
35 86 51
42 65 76
207 225 76
201 173 76
169 141 65
37 127 82
66 92 22
59 83 58
45 101 21
68 212 30
85 101 79
150 238 8
231 213 53
47 142 17
70 200 62
62 146 65
34 123 82
131 222 84
234 76 62
135 2 10
137 48 30
147 219 42
60 134 13
78 182 21
8 149 21
105 254 52
257 212 76
213 218 66
142 183 25
37 154 27
146 236 26
28 42 41
112 72 72
175 169 70
172 218 27
103 17 11
72 134 40
223 54 88
52 153 84
124 62 8
200 224 22
178 201 4
237 251 40
87 81 59
95 1 16
228 156 37
35 176 10
138 144 44
124 169 15
1 76 6
45 126 42
76 11 81
142 240 63
228 49 15
141 157 89
15 8 48
35 192 41
211 93 43
221 165 26
29 133 45
68 159 79
47 170 17
20 141 23
241 185 31
173 87 11
67 125 82
170 233 1
141 43 73
174 99 4
83 255 46
5 21 14
151 168 44
186 62 71
221 198 48
181 137 49
100 127 43
255 113 14
101 188 84
143 186 39
257 88 22
61 115 30
55 203 72
39 26 34
133 37 6
14 216 58
164 210 83
146 220 69
143 10 74
28 49 26
64 256 35
22 90 3
232 109 15
94 33 78
171 233 80
123 257 2
236 194 68
166 139 79
47 46 17
104 99 90
145 161 67
153 244 35
59 10 31
35 226 54
86 56 61
181 162 73
195 77 59
115 158 13
235 208 69
227 151 31
217 216 15
203 192 14
225 150 11
207 116 70
242 27 51
19 106 84
100 245 2
5 52 48
71 68 68
157 30 13
213 3 24
165 258 72
181 209 46
140 202 80
28 196 62
236 134 88
26 82 45
246 162 4
54 237 20
162 176 17
84 249 49
241 42 19
250 246 79
158 205 9
190 65 24
72 233 24
58 69 30
154 3 30
194 19 44
219 228 89
74 86 71
115 10 89
55 136 32
146 221 23
123 122 89
113 153 73
53 251 83
148 186 69
6 111 7
206 232 65
147 222 45
229 22 78
84 239 88
35 18 40
130 250 42
5 101 87
57 255 9
200 111 49
122 119 78
8 253 69
18 39 88
223 232 33
82 175 33
99 60 47
253 78 49
118 8 76
161 212 62
8 128 33
172 155 7
123 51 73
215 249 47
68 42 83
68 230 48
199 100 45
111 87 58
156 185 33
152 74 38
223 234 75
186 195 40
61 241 33
43 94 82
103 6 12
248 12 55
58 34 25
96 58 14
64 140 66
86 211 42
231 127 22
15 77 78
139 177 62
29 247 41
2 239 16
41 251 27
166 2 61
193 42 74
93 223 76
191 29 61
67 168 67
16 34 56
208 173 83
146 164 30
4 175 61
90 129 31
71 50 9
7 54 88
249 144 53
221 194 31
241 240 6
98 184 16
124 109 77
98 145 6
28 105 37
203 83 71
47 96 20
116 159 61
2 61 71
45 234 80
134 176 39
245 193 86
196 228 10
194 48 73
235 238 16
28 186 37
99 8 9
218 234 3
235 86 67
84 56 41
112 94 68
206 18 33
248 87 36
122 196 43
212 113 18
249 77 60
163 165 39
37 178 41
53 105 81
136 201 68
226 64 87
32 31 49
237 45 35
78 72 9
24 247 63
250 163 60
205 126 16
153 154 13
176 4 34
68 114 75
31 7 51
186 6 47
172 118 31
50 93 54
99 16 7
47 34 44
66 206 42
165 50 46
1 226 26
51 138 34
13 39 62
15 11 38
246 16 51
130 47 50
59 184 78
255 80 30
159 50 72
198 195 22
35 257 90
118 18 57
137 179 50
98 16 16
176 92 7
190 37 10
61 19 33
35 194 84
106 122 10
246 139 71
108 214 7
60 4 61
236 226 50
112 146 52
119 58 66
81 189 72
9 132 60
9 150 90
252 113 82
70 199 82
162 52 71
139 222 7
94 188 90
258 156 16
206 127 70
155 101 10
217 89 73
147 31 30
249 85 22
257 236 36
239 223 79
130 194 24
166 79 48
114 164 59
17 168 67
79 172 27
82 205 79
258 210 36
102 221 8
88 116 89
84 73 81
81 155 13
204 170 73
17 37 5
21 106 27
146 193 78
22 22 67
180 145 4
62 24 40
143 166 51
196 4 34
170 73 82
75 258 46
234 59 52
148 24 72
182 245 66
96 27 79
88 99 15
122 87 60
216 100 88
230 143 11
207 118 14
69 164 75
164 252 38
235 239 8
196 9 9
20 66 85
241 96 36
209 91 63
245 73 60
201 10 28
193 117 36
72 193 14
165 244 43
135 168 1
158 98 90
110 36 47
39 136 3
6 187 63
78 156 14
131 217 31
225 199 75
156 38 89
50 74 27
116 144 84
104 30 25
85 166 62
92 201 10
22 18 65
190 114 84
68 106 73
31 242 38
238 114 78
179 145 42
68 165 12
8 221 74
87 123 26
239 116 35
230 225 52
88 12 25
98 86 78
34 18 68
48 8 7
201 157 49
248 66 27
212 250 21
245 213 14
23 165 58
173 40 26
222 171 59
96 104 17
141 85 17
238 51 46
40 53 75
70 114 75
82 4 48
46 54 64
64 196 6
33 98 73
32 41 26
152 238 70
1 42 63
11 31 61
185 160 18
179 195 38
242 10 4
66 62 57
244 26 27
153 19 48
177 229 20
161 250 67
119 137 81
92 42 64
106 122 70
141 75 50
209 97 68
141 174 64
235 57 48
80 3 63
22 49 36
257 257 88
233 82 24
77 183 38
106 119 3
47 178 77
200 5 9
224 183 39
79 227 28
188 256 55
57 107 53
13 170 85
30 144 72
225 104 77
1 104 32
5 56 21
207 71 59
101 191 2
62 2 67
52 166 17
82 65 84
31 79 75
236 70 90
91 73 35
29 46 19
95 1 32
73 26 75
157 96 2
159 155 66
107 150 68
59 42 16
45 152 1
57 8 21
243 71 8
23 60 33
80 61 74
222 82 24
129 71 20
137 187 16
138 206 57
253 119 76
201 166 20
29 69 25
40 17 52
148 73 3
15 133 57
163 243 37
3 44 9
11 253 27
46 204 38
257 86 8
51 60 17
78 231 36
78 81 5
108 31 45
42 143 80
36 151 33
59 240 23
18 37 89
24 51 90
177 49 79
254 208 67
112 180 85
8 121 21
208 232 14
11 73 8
189 101 75
58 154 74
56 182 29
112 74 80
16 116 86
151 185 3
139 132 31
242 165 20
179 92 70
119 176 9
231 189 49
76 80 55
61 205 66
185 252 31
181 116 57
243 211 59
7 67 32
242 86 73
246 159 64
178 88 16
191 194 88
201 101 44
241 239 25
210 127 81
11 5 16
155 258 22
142 108 23
153 244 49
14 116 90
250 59 66
47 36 18
145 181 20
17 13 69
57 107 44
178 96 19
191 72 61
88 106 46
79 116 47
206 10 69
127 244 86
144 207 16
203 98 21
240 31 67
70 55 18
14 171 16
106 243 42
200 226 83
7 250 49
182 92 31
123 67 28
38 7 25
33 213 87
201 245 19
255 125 23
202 38 35
89 74 44
52 14 81
208 175 31
203 246 9
126 183 45
169 258 71
218 60 44
97 7 29
18 84 61
55 121 34
95 38 5
247 230 84
128 86 4
91 52 37
60 212 25
178 177 23
144 115 39
7 119 8
169 166 42
14 205 38
106 201 27
88 34 44
136 142 42
248 122 40
175 168 21
193 22 83
91 216 2
137 14 49
221 50 31
200 19 22
68 187 83
251 204 89
80 144 30
241 92 76
119 120 54
15 45 86
18 242 50
18 92 85
166 252 25
152 223 56
216 8 23
153 203 18
40 68 42
256 213 17
33 214 80
132 38 77
76 103 15
16 200 37
27 68 5
158 168 48
58 83 25
25 212 69
48 36 65
3 88 3
49 133 54
23 35 76
96 81 68
98 170 38
131 118 14
25 110 1
109 37 13
222 174 17
10 137 73
68 38 39
2 122 20
235 33 4
191 115 82
128 91 19
211 251 86
25 19 86
167 23 17
84 194 5
100 185 82
138 199 56
238 226 48
250 181 30
42 50 73
56 142 56
236 141 12
101 189 90
222 11 56
188 36 39
218 161 40
26 169 3
209 225 87
46 155 81
231 47 47
196 123 70
255 31 55
173 201 78
160 214 67
16 57 77
176 55 6
253 192 78
30 232 30
171 156 73
63 86 49
121 125 83
213 148 47
120 240 53
45 106 12
103 243 10
246 138 73
183 31 34
62 36 13
109 18 54
45 16 14
165 93 88
143 209 82
162 88 61
217 151 89
248 155 13
227 131 53
191 226 23
130 16 25
235 134 61
92 114 62
115 179 85
31 257 62
34 88 79
147 184 84
237 85 89
164 173 75
236 185 39
99 156 20
199 137 52
239 196 30
196 153 41
73 245 36
136 70 35
123 181 65
17 119 49
128 193 6
50 171 90
63 79 55
213 157 47
10 196 42
98 14 86
83 175 10
187 215 22
164 228 33
130 64 48
133 162 78
159 161 32
153 35 8
134 157 63
56 117 73
63 242 65
48 7 17
139 236 31
145 78 54
64 39 26
191 30 87
169 103 47
162 124 25
91 180 59
20 134 58
213 164 6
34 134 29
236 18 57
163 42 3
106 187 45
165 100 37
116 247 36
66 151 88
151 16 31
249 60 16
86 150 6
207 95 21
44 153 47
118 234 52
79 127 28
125 174 44
46 228 31
246 63 44
191 73 26
152 121 89
83 47 47
248 128 7
67 95 26
190 190 48
148 168 39
253 12 42
25 106 6
10 19 20
71 42 7
10 130 73
197 109 71
206 253 70
155 172 69
50 171 67
152 214 69
178 103 63
191 207 60
130 252 64
252 141 42
40 89 29
51 120 23
189 36 4
135 203 10
237 61 82
125 33 49
214 205 58
151 18 43
95 238 4
23 123 56
1 190 62
81 65 52
192 137 47
96 241 42
177 207 64
148 1 24
70 162 71
13 252 52
223 38 65
72 87 51
91 93 67
129 176 8
104 144 17
8 190 30
41 67 48
251 217 64
48 83 89
49 23 75
113 234 82
51 226 44
207 67 28
6 3 69
201 9 78
154 112 52
243 94 11
89 81 80
109 100 74
115 194 48
104 132 32
129 120 16
199 242 17
211 120 35
10 36 5
240 181 56
124 64 51
126 116 12
237 69 20
126 45 75
172 224 3
178 198 11
77 245 37
133 199 53
102 94 75
172 73 55
230 81 55
105 255 71
165 216 76
209 5 2
109 182 45
106 213 39
84 81 22
4 200 5
57 136 58
229 69 81
65 32 69
152 34 82
86 60 60
203 97 40
209 126 33
124 23 31
190 211 90
93 164 72
140 202 58
102 179 60
9 229 58
139 69 2
204 234 9
159 25 62
238 25 22
141 186 25
92 256 82
71 118 30
44 57 36
238 258 69
85 189 77
47 228 18
91 84 10
246 45 54
112 180 49
160 19 30
92 159 90
75 16 15
212 217 56
47 184 11
158 103 90
24 47 22
98 92 72
2 121 48
135 34 9
246 169 6
224 25 21
221 5 21
159 183 28
47 79 30
145 165 10
244 114 17
138 188 64
216 174 73
226 15 28
56 41 41
24 72 52
258 124 85
168 241 78
127 102 75
184 142 3
137 150 56
23 101 79
219 82 68
219 207 6
244 213 54
248 83 32
212 134 3
173 116 29
100 51 69
118 48 48
164 256 51
212 49 7
80 238 49
90 12 65
36 99 57
224 21 18
190 120 5
187 8 83
219 169 45
144 156 19
151 84 67
169 26 18
237 161 34
129 53 78
137 252 24
39 228 2
219 84 1
30 16 74
188 91 5
158 249 35
189 77 10
226 159 54
184 1 28
234 115 81
242 110 45
241 236 85
140 160 86
131 179 83
88 147 25
74 95 34
105 212 88
47 223 62
199 53 51
224 189 62
70 200 57
3 100 45
35 58 89
193 15 30
91 118 39
135 159 30
110 39 80
188 41 58
5 188 11
168 99 9
119 29 41
66 145 25
202 84 14
110 208 38
101 189 46
68 154 54
48 122 6
220 43 29
104 208 90
130 190 83
129 237 70
38 165 90
152 65 1
92 191 53
29 118 82
31 160 47
227 85 89
195 159 13
171 179 79
205 208 40
247 200 36
125 54 65
118 29 18
224 147 69
240 135 30
14 21 4
55 21 83
224 253 85
227 252 77
256 8 17
185 160 26
97 208 46
220 243 21
47 38 4
217 97 33
108 92 48
225 194 76
230 103 32
89 62 69
112 250 42
183 241 29
137 86 4
239 103 15
240 59 83
190 6 71
27 56 37
99 178 19
228 137 27
244 155 10
241 170 72
226 109 25
237 119 29
146 217 80
75 248 9
55 242 46
183 133 48
70 60 22
254 10 76
182 148 65
252 2 2
203 133 18
167 26 81
73 221 56
67 79 78
114 111 78
197 54 76
140 121 7
82 23 79
99 92 5
239 109 7
41 39 38
45 194 77
228 246 75
33 92 37
202 75 27
143 149 16
140 38 85
85 198 33
76 239 75
8 218 90
19 219 37
102 239 75
253 162 7
241 235 54
178 159 27
143 174 83
97 131 53
33 128 67
174 52 25
16 194 63
155 181 83
101 66 90
136 211 51
218 17 21
166 88 37
182 208 37
163 258 88
49 59 12
239 180 42
218 131 31
88 4 86
136 222 61
86 177 72
221 250 41
67 248 40
183 60 73
139 143 18
25 193 90
126 194 67
70 194 88
100 165 25
230 41 59
66 143 12
104 134 34
125 248 47
28 246 30
68 101 43
60 173 18
34 19 45
43 100 80
121 89 24
32 58 52
202 169 67
210 101 35
218 11 11
60 175 35
227 31 9
192 50 2
129 188 17
86 228 72
255 233 86
14 40 38
123 176 21
211 120 5
134 169 85
245 81 86
112 14 30
250 108 74
252 51 7
204 192 43
143 26 32
248 55 62
71 111 55
165 241 57
45 130 69
224 80 74
220 46 49
93 25 4
131 28 67
153 163 34
75 11 3
32 222 65
7 240 68
136 119 80
23 180 2
130 208 77
1 74 36
33 149 1
129 70 55
185 113 89
216 4 16
92 78 14
55 212 19
61 184 71
203 92 72
243 43 68
98 101 86
241 173 83
220 237 23
128 218 1
184 162 23
88 34 57
193 223 87
156 207 33
92 6 76
216 96 43
217 155 5
129 41 64
101 96 38
142 222 67
126 159 60
191 6 5
182 209 3
6 236 27
128 106 7
214 72 63
41 56 90
199 218 35
184 217 85
175 188 59
194 48 20
240 147 18
256 15 52
108 133 90
59 207 71
115 37 67
182 172 86
137 217 26
59 33 67
44 46 32
108 143 80
166 253 16
198 238 39
174 200 31
6 102 37
250 97 83
59 245 19
146 56 2
7 192 18
140 76 40
212 16 85
13 113 88
151 200 21
122 203 37
75 176 78
9 2 84
23 179 3
142 246 2
203 152 75
256 92 89
118 193 16
219 22 48
43 203 8
119 223 85
139 69 63
10 195 4
120 175 68
104 204 84
87 252 26
183 153 7
252 8 73
144 39 3
231 41 32
23 9 18
65 20 68
40 136 74
203 146 56
6 16 42
54 8 49
173 40 84
73 207 15
90 177 79
35 181 20
169 238 7
153 200 79
71 205 89
257 100 19
207 133 9
179 65 14
129 258 26
109 189 3
71 164 90
71 65 31
49 159 16
239 49 59
90 227 8
229 7 21
194 238 30
128 205 90
8 192 69
122 123 82
193 21 25
93 62 89
219 22 77
100 119 67
75 214 30
49 11 55
130 163 18
50 6 63
86 193 26
59 194 27
171 36 47
4 186 40
167 95 82
163 249 48
200 191 57
173 53 2
165 248 9
253 136 13
219 232 87
76 28 27
34 48 47
172 14 45
108 37 49
250 212 41
12 95 52
154 142 53
51 163 44
44 237 38
181 80 46
149 201 32
246 160 48
124 223 14
65 236 73
98 179 68
42 8 6
143 17 4
36 191 27
252 123 2
25 88 15
204 140 34
31 255 35
236 209 88
254 135 14
195 157 44
214 35 1
116 125 6
154 17 46
83 31 1
152 37 11
170 84 87
90 188 29
208 5 26
92 218 59
86 208 65
199 143 1
247 113 63
117 239 5
256 194 78
182 222 39
112 51 29
235 29 77
50 225 66
185 100 40
148 104 47
173 187 5
57 190 2
229 221 29
75 213 52
29 2 58
253 38 2
26 219 7
78 42 21
142 197 8
206 50 66
21 21 80
64 47 42
50 212 75
77 250 88
148 9 75
233 142 80
71 55 85
123 107 41
234 229 89
183 165 2
136 83 85
219 82 45
9 186 29
117 172 39
76 120 10
221 176 86
138 7 57
173 50 19
241 36 35
218 88 75
254 239 50
142 139 58
28 226 87
229 171 72
235 108 65
181 122 41
192 123 52
172 22 5
124 253 70
208 33 75
132 136 47
203 109 11
38 226 63
201 166 46
12 91 84
180 119 67
95 49 51
109 205 29
16 180 59
128 115 88
185 144 64
164 50 40
160 100 79
113 245 63
176 66 89
218 200 6
106 106 52
92 105 63
13 142 79
43 243 82
96 66 9
91 36 49
128 88 49
86 8 14
242 234 67
114 50 56
228 168 77
227 113 54
132 51 26
89 122 57
34 142 72
47 1 89
17 3 75
100 120 21
19 227 71
62 16 39
249 84 88
25 55 26
156 49 3
100 142 13
161 183 37
6 46 66
96 82 73
84 63 47
216 143 58
129 119 60
125 152 68
37 256 41
161 26 63
193 54 60
56 187 2
127 202 31
27 24 55
215 55 8
202 232 5
109 23 28
238 106 19
129 233 49
93 180 24
99 213 45
177 75 89
43 187 36
60 180 24
154 205 17
42 208 38
77 70 60
227 116 43
23 5 61
73 165 28
58 110 65
94 188 30
43 138 49
69 128 3
41 251 44
108 254 4
67 42 9
223 154 20
257 184 18
189 201 28
199 241 22
258 224 6
132 90 62
85 4 31
95 78 32
249 239 73
209 154 18
44 147 48
41 43 64
189 209 50
189 35 33
195 174 85
240 199 34
172 202 75
54 186 82
124 164 17
46 138 21
155 245 78
135 56 83
144 63 3
127 185 23
241 4 2
96 153 28
179 175 60
221 39 81
124 40 3
59 31 25
81 86 42
240 247 79
200 14 20
228 168 46
73 121 28
40 34 81
179 78 59
168 203 48
258 91 57
242 252 61
182 20 42
205 152 49
65 138 57
108 229 3
196 196 1
127 37 11
2 32 22
120 208 3
245 34 4
83 186 87
146 177 23
167 236 45
82 85 40
235 26 14
147 128 19
229 86 61
160 99 25
117 70 18
129 170 60
228 248 38
250 96 64
238 198 14
130 144 40
89 90 29
152 204 51
5 104 6
201 233 16
81 227 84
185 188 47
112 211 38
102 29 34
58 11 71
64 44 62
226 203 10
37 150 75
154 218 69
96 146 50
175 222 89
158 73 76
175 99 57
42 240 83
235 233 25
105 11 39
22 224 4
207 101 78
202 120 25
155 104 47
143 151 10
212 215 37
139 116 53
27 199 36
39 160 41
7 50 71
184 53 61
248 55 45
214 6 79
4 209 88
166 185 69
50 8 66
31 235 74
40 254 46
249 176 9
204 90 37
243 26 79
40 244 19
187 215 75
198 51 53
177 111 22
127 9 83
65 231 5
38 133 73
249 111 73
191 146 4
117 235 66
123 201 56
118 215 88
233 147 73
53 17 47
251 150 36
9 60 46
257 23 28
145 40 30
141 140 42
173 184 42
171 230 49
234 116 59
130 208 83
64 133 12
154 3 84
165 254 65
48 253 37
138 8 36
256 228 18
255 125 31
234 157 26
43 231 67
212 174 39
2 69 84
59 33 38
97 78 18
196 86 29
71 257 87
252 176 88
94 109 14
5 185 44
85 105 34
126 70 39
73 146 55
257 97 50
201 220 6
214 257 32
75 79 56
153 48 77
7 82 70
151 242 77
196 86 56
235 4 15
224 216 66
12 133 54
201 80 7
19 70 30
122 74 3
25 145 53
114 206 25
66 79 7
163 15 12
113 211 43
94 122 37
244 178 80
251 166 55
22 186 54
129 224 78
38 136 11
18 45 65
79 196 9
37 96 10
201 160 67
119 246 80
105 196 7
59 142 70
188 9 4
149 149 16
103 205 49
254 237 23
235 163 76
152 106 9
186 231 23
192 102 27
52 172 34
217 31 19
250 208 85
167 123 37
190 112 23
194 3 41
85 106 79
175 232 70
205 104 84
173 129 22
102 142 70
113 117 39
116 174 20
124 18 38
3 197 55
216 97 43
15 218 59
206 24 7
158 208 81
185 201 15
224 143 40
96 232 79
56 113 62
221 117 88
15 199 10
212 208 60
54 218 10
215 186 14
206 190 66
156 228 26
144 122 15
158 239 51
138 109 54
161 230 76
34 153 75
87 244 29
63 14 78
31 144 29
199 112 90
156 8 4
216 168 17
200 123 88
136 183 59
217 145 6
250 224 61
233 4 80
186 7 34
190 49 33
123 152 20
143 250 72
198 212 35
140 138 28
145 250 80
17 109 50
194 208 51
223 250 60
222 103 79
6 50 20
172 178 73
175 147 42
62 19 29
114 178 86
17 150 89
240 88 60
152 151 41
251 254 49
74 17 74
104 115 65
125 147 86
85 52 73
95 163 29
19 238 33
140 142 82
79 253 69
228 156 58
23 159 38
160 54 68
75 208 86
133 258 89
142 164 72
99 178 87
77 81 28
192 246 74
78 8 1
171 150 80
105 135 79
118 195 61
14 84 74
107 247 29
199 82 21
202 179 30
257 42 77
174 52 34
240 127 68
103 182 76
186 20 85
85 104 15
82 79 41
202 118 60
247 222 12
167 53 72
146 238 58
86 200 33
21 149 70
235 5 41
161 155 17
20 72 16
176 99 61
121 117 70
1 137 43
73 158 67
116 152 87
46 60 10
136 257 76
186 48 8
102 18 80
157 220 47
206 230 81
72 104 38
97 159 39
249 102 72
162 54 16
121 175 46
54 60 25
171 154 24
46 117 42
1 238 63
220 30 36
162 62 55
162 98 23
147 10 64
254 224 60
30 72 68
257 85 25
159 89 87
63 98 18
126 110 53
31 72 80
6 51 77
149 231 13
135 121 3
54 257 31
199 36 40
2 90 58
215 174 59
207 258 23
156 58 37
18 46 22
91 237 35
5 108 57
33 99 5
170 15 31
49 86 85
64 108 78
131 170 20
55 150 36
207 254 65
249 147 7
252 236 52
232 105 85
148 241 42
194 48 10
225 250 51
26 250 77
222 41 62
239 125 21
14 91 68
231 13 1
97 28 3
204 105 41
153 50 86
95 42 31
257 14 18
252 41 88
94 123 57
23 152 86
94 93 15
77 233 26
65 80 25
74 89 12
162 220 31
116 78 64
106 200 66
223 258 63
97 76 31
83 207 31
169 67 86
70 171 29
184 99 35
16 213 73
163 146 27
162 214 87
42 249 76
188 106 78
41 231 21
25 76 3
58 86 89
5 180 76
65 242 24
170 132 8
187 110 22
243 68 16
235 92 29
64 36 89
163 62 63
37 37 83
174 81 1
141 110 24
74 219 26
110 236 24
204 97 90
156 168 41
171 248 50
186 14 52
246 125 52
249 184 13
105 131 77
116 193 71
134 252 25
135 7 36
114 243 40
74 90 42
198 232 73
169 125 1
13 47 23
224 90 37
125 235 27
132 23 24
191 193 60
79 92 32
245 47 87
166 210 8
133 85 45
32 198 41
199 37 4
249 39 42
116 108 58
167 178 62
38 234 32
49 245 57
70 188 81
208 44 12
79 83 77
143 169 26
137 206 81
247 105 89
131 210 27
171 43 53
64 173 44
51 155 19
25 190 3
250 97 19
190 213 70
17 186 20
175 168 38
23 77 10
207 240 83
254 246 81
82 12 90
2 115 44
53 113 76
172 48 38
168 141 48
173 241 24
71 123 12
7 60 40
150 169 68
206 212 81
47 74 89
60 208 77
76 12 80
196 156 32
34 236 36
100 149 70
87 63 28
212 229 81
89 123 61
128 104 46
42 108 90
167 68 8
174 133 36
247 242 43
208 4 59
220 11 36
172 250 57
96 249 30
80 231 75
173 87 46
91 226 74
219 217 40
20 69 73
98 194 32
26 96 6
118 77 90
44 37 57
41 169 35
167 157 13
36 210 14
9 125 5
202 215 12
238 156 56
7 121 6
10 84 23
44 48 16
177 194 28
215 249 80
240 249 55
203 79 84
18 202 62
132 160 73
42 149 73
211 89 80
241 102 41
117 120 22
222 55 31
110 130 8
153 174 75
2 188 9
26 250 10
61 5 44
226 230 76
182 21 43
238 93 22
148 38 73
25 254 69
217 147 19
88 172 7
114 104 32
57 208 37
8 198 3
20 113 79
47 12 82
16 199 89
257 133 48
25 201 79
89 219 32
222 38 47
191 91 5
70 157 66
127 196 44
213 3 36
33 215 21
83 13 78
246 55 38
162 127 16
231 42 26
158 34 53
81 125 2
233 120 41
15 97 17
59 35 37
75 74 64
47 10 49
27 20 65
103 88 43
257 74 43
137 39 45
116 34 60
84 110 32
258 251 74
126 79 89
18 37 23
246 33 14
75 55 68
186 5 21
215 41 48
1 23 35
66 188 12
236 52 23
180 193 51
48 36 22
168 72 48
134 252 30
18 120 84
31 156 84
41 59 78
104 242 70
11 78 8
212 192 57
12 129 31
9 28 54
229 115 50
187 20 82
46 190 51
110 256 88
189 165 13
190 209 31
258 98 74
110 180 35
129 63 6
49 244 72
198 229 84
203 227 56
54 221 67
90 190 35
60 37 51
235 59 40
254 33 58
241 53 15
59 12 66
214 33 4
138 163 87
47 211 10
158 158 44
145 159 63
253 135 35
9 239 65
22 114 49
16 30 58
200 61 36
136 56 31
87 53 74
68 12 84
253 155 72
75 242 3
73 226 68
101 28 4
125 104 30
154 257 33
201 26 27
2 190 56
29 2 51
219 10 67
32 187 39
185 14 22
169 221 48
165 199 66
175 104 90
190 176 34
8 189 32
113 226 60
76 227 1
121 2 48
12 175 26
76 124 88
37 114 58
247 142 60
136 211 72
73 191 49
60 84 3
122 107 21
168 183 90
201 16 29
182 31 7
192 19 27
51 203 20
90 83 67
88 227 53
105 139 81
233 66 77
93 140 53
194 57 2
3 221 7
82 33 29
178 168 30
79 99 62
46 84 10
230 152 62
207 148 66
248 165 88
28 109 90
76 63 25
237 242 39
118 108 33
216 220 21
122 56 74
36 142 65
120 14 84
3 178 80
2 56 40
139 138 85
175 55 53
24 80 16
230 5 64
108 84 43
242 1 21
92 119 82
133 161 72
10 70 71
104 14 67
177 21 11
143 88 41
258 15 46
125 18 1
26 121 16
222 250 39
234 1 90
35 212 17
36 215 78
33 215 57
25 50 39
37 65 8
218 1 56
205 209 13
164 43 56
226 218 55
11 189 2
53 180 60
51 203 60
132 68 3
86 233 58
71 105 18
156 11 18
30 45 89
147 13 13
138 185 47
146 64 86
155 197 13
147 154 68
256 47 19
110 230 71
197 43 78
71 36 27
193 179 2
252 33 36
182 138 57
192 148 64
7 193 76
168 195 81
185 204 54
64 249 24
64 161 68
101 97 52
84 96 78
60 73 37
82 197 87
3 224 3
83 191 90
91 28 59
104 81 48
240 202 71
227 73 52
114 138 71
3 188 10
35 60 41
140 63 84
98 31 17
107 89 17
237 65 7
200 224 36
85 72 16
183 188 75
186 179 78
144 244 47
228 181 62
34 189 3
257 77 15
214 180 69
95 154 16
58 162 29
200 115 39
113 71 58
74 149 2
25 97 65
158 134 90
142 76 41
26 46 2
205 231 45
225 38 23
138 251 57
79 52 46
15 72 6
194 42 77
258 96 52
78 42 22
250 198 80
104 163 28
238 112 60
143 8 52
87 138 21
164 166 78
224 12 43
148 158 90
142 4 43
77 210 36
32 60 28
7 119 25
179 119 18
246 214 65
25 168 18
226 5 60
113 61 44
231 180 78
207 168 16
251 148 63
26 246 57
38 45 18
68 172 7
257 255 27
113 170 79
234 200 33
223 27 22
90 211 31
42 219 89
226 218 45
179 224 49
179 117 7
45 105 2
245 208 26
169 139 43
9 51 31
196 227 5
184 34 44
209 227 19
146 47 21
128 213 36
245 80 28
78 232 58
24 122 4
164 101 79
20 229 26
242 145 1
240 255 13
58 119 73
42 186 86
24 111 22
179 171 3
29 97 10
217 13 72
189 96 6
196 89 27
183 229 77
206 236 60
115 215 18
91 108 41
88 143 67
40 225 2
101 70 82
141 174 38
231 91 15
107 96 52
63 206 70
148 78 68
71 129 29
175 34 35
253 73 48
89 238 63
11 207 27
26 149 52
150 237 49
207 3 9
21 160 32
194 171 45
145 90 5
118 237 43
70 89 56
250 60 25
21 168 43
75 188 85
116 107 52
167 121 35
124 87 71
92 212 2
180 232 15
212 197 35
3 8 23
61 89 67
18 65 7
203 239 55
196 145 29
111 204 70
91 74 5
203 195 50
156 67 6
196 200 83
233 73 40
192 29 30
157 217 14
16 97 62
110 213 38
252 42 46
2 76 16
93 166 28
242 48 15
72 59 28
108 208 48
232 54 8
94 110 88
243 133 18
4 33 48
157 157 82
170 222 55
39 154 80
243 137 82
230 24 8
80 133 10
159 69 5
203 136 38
250 222 15
74 61 44
38 51 18
100 187 51
214 87 78
192 14 19
55 201 27
234 12 12
25 155 13
212 177 74
199 36 42
67 70 61
206 235 73
95 109 50
183 192 1
238 136 46
43 45 3
84 29 30
41 30 46
43 16 86
43 250 71
239 221 61
139 100 36
87 172 7
210 47 4
175 203 57
109 75 78
129 100 29
16 28 8
98 24 76
113 113 67
218 25 89
17 216 5
94 229 81
221 158 20
76 231 89
149 34 88
10 96 47
254 247 47
23 95 42
26 143 16
204 140 88
213 151 11
129 94 52
224 83 7
123 210 67
149 251 28
96 74 44
82 46 38
82 48 5
31 30 16
48 204 2
120 7 62
48 131 24
156 213 68
95 26 85
23 85 34
211 153 68
70 65 75
77 86 6
206 189 89
227 249 51
16 35 85
255 120 84
22 141 50
196 192 63
136 132 1
71 11 75
257 77 35
115 249 84
197 36 52
45 110 78
105 179 46
254 106 48
8 21 37
170 214 46
116 146 84
107 50 27
42 5 58
92 9 50
186 148 63
147 83 58
153 14 75
175 164 65
212 136 38
123 117 27
121 224 57
80 78 37
206 28 23
50 62 56
192 196 61
46 200 69
58 62 88
242 173 75
219 208 58
70 186 36
219 82 42
125 174 29
204 223 80
5 191 15
138 215 26
87 18 32
241 182 89
241 109 14
66 194 38
94 3 39
165 140 81
49 146 76
139 67 24
74 1 51
115 240 78
41 30 63
3 175 43
20 201 79
10 100 26
123 123 29
211 36 79
121 69 79
7 39 88
247 118 32
115 228 16
91 210 42
225 220 43
116 229 36
200 185 6
213 63 32
127 73 74
48 4 60
3 54 16
143 16 11
154 221 32
85 220 44
166 109 4
210 204 4
190 210 75
5 110 28
251 118 58
56 16 53
205 137 6
176 178 11
246 247 23
15 225 28
180 112 24
76 233 65
183 85 67
64 92 50
240 194 16
65 9 57
165 142 63
129 30 53
10 114 79
13 94 36
39 12 7
34 213 34
197 116 73
253 126 26
199 186 25
203 51 68
183 152 81
248 98 78
40 244 41
212 230 85
29 128 80
206 71 4
230 201 78
93 252 68
50 81 26
46 35 28
85 164 18
40 201 14
67 104 58
61 213 57
70 53 82
139 82 6
28 235 37
167 247 25
162 166 65
66 45 76
150 184 60
78 149 14
253 43 48
54 185 12
160 167 42
166 252 70
198 234 44
196 213 34
205 236 9
211 164 4
199 75 22
108 117 67
256 175 25
254 13 87
255 140 27
157 176 23
128 212 52
80 55 59
193 22 43
237 211 30
171 35 88
24 38 55
234 245 56
140 60 59
65 116 53
136 203 29
128 1 43
53 22 44
53 97 72
4 49 76
19 54 65
204 224 38
202 65 18
166 201 18
161 101 29
143 146 80
144 72 81
8 115 32
205 148 7
86 117 74
160 151 7
33 221 49
107 84 50
71 116 87
23 180 70
31 92 26
47 23 66
155 56 19
211 155 14
232 57 9
131 162 9
223 194 21
69 234 29
108 122 18
246 77 87
23 228 78
216 20 69
170 115 60
111 113 24
114 66 74
15 98 26
97 171 49
208 221 65
237 34 36
154 239 56
82 59 67
181 96 60
149 183 76
251 245 73
214 216 17
198 204 8
100 111 33
3 88 32
247 16 18
57 253 27
125 107 83
204 176 62
7 52 20
180 28 11
180 178 70
11 191 14
85 108 75
19 65 89
1 30 7
167 68 28
13 47 90
200 112 85
46 109 12
256 112 15
210 240 74
173 112 85
168 243 29
154 47 45
209 227 20
236 44 42
85 130 26
153 137 90
258 134 30
98 234 65
134 153 40
17 160 59
112 34 10
86 252 65
95 205 32
211 161 70
53 214 5
89 184 8
46 185 11
176 151 32
239 47 41
239 246 58
201 137 16
15 173 71
223 5 35
10 45 16
7 214 43
198 25 72
196 165 31
95 235 17
156 72 87
166 145 43
81 92 41
6 215 56
39 121 76
16 180 43
236 91 90
39 83 65
148 85 59
144 150 67
98 122 82
122 70 6
5 94 81
134 85 56
167 41 45
8 111 12
202 23 6
152 83 26
203 180 14
243 129 19
236 155 6
16 148 3
39 117 82
46 79 78
13 20 77
199 256 13
107 131 13
102 52 90
19 108 75
119 33 3
154 82 36
113 119 29
34 251 75
236 97 44
60 232 14
67 215 50
167 187 37
219 207 45
164 148 33
16 68 72
243 76 63
212 192 6
157 143 74
197 155 61
121 76 23
110 218 66
107 65 72
126 240 10
87 69 4
240 112 86
49 203 60
12 69 68
208 65 64
69 79 23
149 22 3
27 47 74
148 194 43
230 74 53
241 78 61
56 155 56
183 74 75
113 145 5
100 139 32
25 181 47
40 129 27
52 174 46
47 221 81
93 169 28
94 157 85
160 171 74
236 228 71
36 201 18
64 155 13
91 38 56
42 255 32
173 255 90
45 163 82
16 34 90
93 193 20
122 215 63
174 213 75
171 218 78
228 84 33
180 151 6
5 239 40
162 111 80
2 149 23
241 230 1
257 135 36
191 202 66
229 227 61
38 136 62
76 191 66
217 169 9
233 213 26
217 223 67
106 31 12
20 17 26
149 139 67
64 37 35
163 188 70
169 192 72
98 152 4
25 232 83
56 90 60
40 179 5
30 235 57
186 52 79
116 33 47
154 117 50
235 205 51
45 202 22
61 195 79
187 67 73
83 220 58
71 38 3
174 219 41
13 89 76
32 210 60
205 72 37
242 82 19
222 184 48
218 93 35
143 48 53
231 92 72
142 75 29
73 50 83
43 167 34
180 61 36
179 54 4
219 164 8
46 228 19
2 117 81
114 87 6
48 229 16
83 135 63
83 128 49
93 203 86
11 87 12
91 1 39
178 203 59
95 244 75
104 158 73
5 82 43
207 78 78
35 62 90
152 150 64
12 150 27
158 44 1
224 238 52
215 120 69
206 1 48
55 58 6
18 90 35
59 185 51
95 206 12
81 243 47
254 205 29
73 252 75
45 66 28
185 148 66
211 50 53
104 144 35
63 104 85
215 209 59
64 5 84
250 129 86
52 208 88
18 190 78
132 140 23
171 205 85
207 252 68
77 74 37
150 24 29
215 70 43
161 208 31
239 238 28
250 96 74
221 54 52
177 170 45
163 5 28
170 181 75
181 90 81
190 232 38
139 247 60
158 45 31
57 202 68
97 221 17
178 72 38
91 154 1
92 85 40
78 109 33
137 5 84
134 157 16
24 165 16
139 49 55
169 222 35
29 136 80
32 139 52
18 167 53
1 80 67
175 74 49
78 147 27
208 232 30
138 189 69
100 253 22
104 86 23
100 99 18
231 219 31
32 75 83
54 249 48
107 83 9
227 145 67
45 206 19
23 75 88
102 158 20
65 147 76
167 215 86
228 70 32
87 194 57
183 71 1
147 89 28
83 182 75
247 246 51
57 201 33
80 206 74
107 258 10
172 71 60
105 38 24
153 5 87
194 211 32
25 173 68
156 153 20
209 23 55
56 66 22
96 60 75
121 236 70
244 186 23
44 163 60
178 158 89
143 61 64
223 78 3
122 150 9
240 142 62
93 226 12
16 163 70
168 165 25
210 198 32
38 54 16
143 106 5
86 190 90
29 206 18
254 194 46
116 224 30
110 8 68
11 242 69
61 54 21
227 240 69
19 53 6
239 59 42
109 133 12
134 118 56
141 100 33
165 23 48
229 183 68
148 33 64
114 137 49
101 159 18
64 106 79
122 240 41
69 135 32
134 137 57
242 23 40
204 69 12
111 88 14
129 179 48
122 8 70
119 173 41
78 245 81
81 181 27
237 156 70
17 160 16
160 139 47
234 12 67
148 86 80
220 245 59
236 156 85
136 174 10
187 1 64
49 165 8
253 157 83
19 45 49
235 157 10
99 208 39
121 242 23
208 122 66
64 172 78
231 101 48
55 128 50
172 161 84
148 172 47
234 93 68
32 183 78
185 167 23
131 99 56
181 82 61
242 245 22
52 71 64
227 128 43
246 236 84
30 176 64
146 102 21
178 35 89
194 173 56
17 38 22
89 43 6
163 206 45
237 65 22
123 204 12
249 200 48
78 132 46
200 158 40
129 38 20
133 77 8
187 100 44
186 157 15
195 204 20
145 246 86
158 242 49
98 7 29
101 219 90
118 14 48
258 180 49
14 162 50
98 235 67
138 244 28
127 46 38
97 154 55
121 171 90
10 46 60
182 206 45
100 195 33
26 137 30
55 61 52
231 159 12
184 236 61
24 159 27
106 194 58
160 138 33
144 253 29
189 34 7
101 132 89
73 155 21
165 71 27
65 195 9
24 23 66
204 211 84
3 25 44
65 111 73
68 246 83
203 236 53
234 179 28
54 174 5
153 93 18
28 103 82
119 3 54
40 21 71
171 66 68
132 177 72
242 18 42
187 170 76
8 67 34
25 65 71
30 89 51
6 132 33
141 78 56
6 202 18
145 85 65
37 95 57
8 128 58
49 164 5
231 238 68
159 122 20
241 51 89
46 171 27
40 258 74
96 68 55
62 78 26
36 80 56
75 255 50
172 175 34
90 162 5
24 28 40
64 152 54
19 203 8
137 228 7
148 206 32
227 41 19
38 11 90
49 234 64
161 220 66
255 57 31
210 158 60
226 231 51
89 138 65
156 35 40
29 191 46
51 33 30
129 5 67
230 206 62
143 80 8
215 255 17
241 214 43
136 116 60
151 132 66
74 212 86
221 100 6
123 180 21
228 109 15
31 14 46
117 156 74
78 89 65
51 256 83
221 103 19
243 84 74
252 232 53
151 13 9
95 88 30
251 238 90
73 41 66
250 97 18
8 208 15
163 4 23
55 225 2
11 143 26
18 96 36
120 228 39
171 25 35
96 130 4
258 53 21
118 46 7
248 248 15
255 248 75
54 119 87
244 24 38
132 206 80
90 111 16
78 66 17
47 144 69
211 218 52
47 251 23
226 134 72
42 7 17
164 220 66
94 196 23
142 99 55
62 157 58
218 44 43
29 197 70
161 169 42
224 107 1
32 9 23
113 156 6
248 134 21
185 86 26
210 186 35
70 128 88
18 207 48
133 197 60
254 175 33
256 77 61
154 61 82
220 45 59
17 44 31
78 231 78
18 42 55
12 214 18
69 114 76
55 79 33
13 12 40
53 55 30
38 182 69
233 212 35
253 236 31
49 67 50
48 208 61
20 169 54
241 69 89
53 114 6
184 103 45
215 3 73
197 51 36
183 180 36
18 71 65
51 171 56
60 191 55
89 63 18
242 15 85
179 232 24
221 230 16
199 15 46
251 141 68
175 77 48
21 5 21
21 54 60
230 23 20
119 158 17
150 86 1
221 192 66
110 247 90
162 156 50
70 177 72
123 200 81
29 60 23
90 98 67
79 255 38
111 162 15
33 182 54
20 161 81
258 31 13
235 82 34
189 55 51
109 22 53
214 166 14
55 167 16
89 90 34
238 219 49
223 223 33
170 237 75
230 152 82
20 64 51
97 242 64
230 144 26
40 224 64
155 249 10
78 51 69
38 36 46
210 158 47
214 220 35
71 59 46
144 38 89
55 191 24
81 146 62
220 210 6
218 239 74
136 127 10
125 247 43
190 124 74
29 27 22
226 204 86
165 151 7
114 113 53
141 54 45
18 14 69
113 120 72
184 99 67
57 230 32
122 108 58
138 244 36
148 71 44
99 231 41
165 173 71
93 45 70
191 210 51
152 19 4
94 59 78
192 182 72
107 24 71
237 177 7
194 13 87
123 209 37
69 200 42
112 254 77
54 227 72
147 235 56
107 118 82
3 122 86
244 150 52
241 153 72
185 62 90
210 143 73
117 251 52
180 156 56
233 122 60
60 234 52
92 35 55
6 207 36
210 51 61
121 4 35
218 206 6
173 240 50
136 73 48
44 54 44
199 6 26
148 116 18
44 104 83
118 239 16
124 33 19
65 197 28
15 249 51
163 221 79
181 76 74
199 31 31
257 158 31
255 199 79
9 129 37
124 45 16
242 67 62
74 226 10
212 64 75
111 227 88
53 95 40
213 103 48
195 20 61
109 228 79
43 123 21
209 85 12
223 99 48
208 76 84
65 183 32
20 66 31
245 212 27
217 250 10
96 69 90
65 136 16
51 202 25
143 39 6
242 157 55
79 34 78
239 78 19
232 18 42
16 47 14
251 61 10
231 224 15
226 65 23
9 51 25
50 166 54
179 39 36
8 47 75
213 238 85
258 55 79
34 142 88
197 162 88
189 76 70
182 113 11
203 195 20
204 198 70
29 83 90
128 30 83
210 72 67
185 246 15
89 127 29
167 200 72
169 17 39
200 138 73
74 1 14
29 202 76
57 3 52
120 48 37
225 33 18
217 10 57
234 186 75
10 62 77
59 154 29
229 128 57
143 156 77
180 123 42
228 114 42
60 227 88
165 129 77
219 176 40
11 9 1
156 58 58
196 20 72
13 16 9
21 19 59
22 2 32
222 109 57
136 65 46
180 232 75
83 237 24
25 113 27
118 225 39
172 238 85
139 224 74
150 128 18
238 72 68
203 151 68
2 218 68
231 245 73
82 188 76
113 115 1
133 104 61
173 93 25
154 121 31
179 138 70
207 136 30
204 126 4
134 58 51
148 101 16
31 171 18
258 199 38
10 194 62
75 49 19
197 191 46
154 34 29
149 180 58
174 1 80
145 92 3
204 228 61
177 251 40
10 252 85
124 169 33
181 99 69
146 96 13
52 67 69
29 38 4
255 152 70
103 253 45
127 20 55
79 20 80
51 242 16
254 171 14
218 132 36
71 236 15
146 185 4
54 120 80
19 75 59
53 30 64
85 137 83
16 208 41
15 166 80
60 125 31
42 19 20
22 30 46
178 63 62
95 237 86
239 14 63
6 247 73
64 54 84
201 80 68
239 18 86
256 45 58
236 214 17
222 160 12
112 127 31
25 126 40
228 55 73
140 224 45
155 26 88
245 204 23
77 233 66
24 21 62
33 167 26
30 255 37
154 48 26
38 45 32
88 36 60
57 120 2
36 17 67
192 50 14
258 61 43
100 205 22
50 66 60
258 65 83
227 246 47
28 179 88
64 188 3
168 217 14
50 29 6
121 80 87
226 195 26
86 169 38
74 92 7
254 141 70
146 137 29
65 15 9
209 224 28
85 129 20
79 178 7
157 234 49
194 36 25
180 93 87
236 224 41
17 162 1
33 101 36
3 227 74
170 244 68
225 20 45
52 115 83
147 43 44
14 60 86
216 226 72
137 191 25
219 216 58
150 49 3
92 211 35
15 78 45
73 135 10
21 52 80
12 155 87
212 100 16
161 110 60
252 122 85
18 247 60
5 159 65
104 95 78
153 82 17
117 45 14
240 240 24
156 200 26
10 41 72
146 10 82
212 112 53
120 28 46
29 72 75
108 173 30
163 257 33
74 162 84
151 99 67
104 73 74
138 210 50
111 48 76
166 124 43
141 54 2
206 159 22
43 67 31
138 57 72
181 90 21
177 44 7
84 242 33
203 62 68
231 213 57
84 23 7
115 72 1
178 146 2
79 244 45
11 52 25
241 106 42
135 243 39
19 192 60
153 87 35
82 203 54
23 176 85
173 139 57
192 74 58
146 155 39
88 51 34
179 258 27
219 255 31
255 61 48
45 195 4
125 66 65
143 142 12
149 125 90
20 75 10
253 242 89
220 168 3
43 244 27
53 83 78
199 198 84
71 257 78
146 65 85
169 106 81
53 119 61
83 1 25
65 152 90
157 195 38
218 60 78
111 1 35
221 157 12
40 191 46
255 170 57
165 92 1
20 14 13
230 154 54
150 76 32
131 241 11
140 77 50
34 251 20
220 158 77
30 127 17
81 116 10
189 195 10
117 203 71
230 128 21
37 132 82
227 204 16
189 217 12
86 102 90
49 26 40
146 178 5
131 77 54
95 81 87
243 58 74
193 92 30
39 110 4
258 129 9
165 30 35
119 153 40
44 254 7
61 72 52
254 100 2
225 85 55
110 170 19
103 51 53
1 78 26
59 98 81
190 146 49
243 197 79
27 38 5
6 49 65
41 45 10
49 185 36
191 14 70
242 234 62
42 2 67
18 92 89
158 89 31
165 154 78
248 64 4
161 11 10
258 21 17
145 258 8
104 111 8
128 229 84
10 252 18
200 235 69
52 58 84
140 145 67
110 149 24
216 196 86
215 77 67
156 129 17
170 215 58
151 244 55
164 130 31
175 168 51
253 73 44
172 236 65
167 231 9
67 42 52
93 228 46
207 159 39
40 26 50
28 46 34
181 5 15
156 90 84
194 130 32
246 30 77
122 5 48
197 240 28
167 118 71
204 19 49
85 229 67
191 197 71
138 133 33
94 123 74
176 185 49
160 23 27
192 196 50
100 111 11
22 16 34
46 217 32
163 206 30
59 25 76
21 161 16
26 82 68
221 213 51
28 210 76
258 40 84
5 68 47
100 142 2
192 110 6
101 53 60
10 48 13
113 149 86
247 20 58
7 123 73
160 173 53
88 139 58
142 210 63
191 195 59
99 144 40
154 156 72
114 54 40
129 132 58
151 139 18
4 152 14
167 84 24
106 221 6
29 104 1
202 50 50
41 83 90
225 249 28
65 35 36
89 172 76
222 10 23
238 90 75
21 172 16
133 227 83
119 79 88
73 237 11
104 141 31
89 37 79
179 221 66
156 71 38
134 90 29
14 117 78
129 238 33
7 189 76
221 120 27
116 42 58
104 124 30
143 142 7
101 145 37
225 155 65
184 52 67
14 157 77
228 63 1
41 58 48
187 128 27
55 135 11
143 143 81
43 235 37
108 205 78
217 187 86
244 176 57
107 247 71
41 6 87
223 58 17
190 208 57
98 34 30
34 203 53
1 5 81
168 65 19
164 61 9
220 71 71
182 87 27
42 185 36
97 252 71
150 226 76
188 164 14
33 238 80
52 43 45
22 126 73
50 93 85
222 219 4
255 234 77
178 22 71
50 35 41
231 50 1
145 14 58
147 81 11
140 43 22
116 129 26
45 136 23
29 104 83
188 17 88
72 135 40
167 25 60
234 64 86
37 70 19
128 255 51
85 166 54
185 203 45
18 38 65
249 162 10
209 192 59
31 140 14
220 28 10
194 21 13
168 86 26
136 241 4
224 25 66
58 233 57
54 29 38
186 186 18
57 178 16
33 160 26
61 57 53
90 145 65
110 39 26
48 164 85
253 36 83
68 207 37
27 50 78
81 217 70
156 20 87
247 199 88
56 102 12
102 90 38
216 133 85
4 28 50
246 198 90
59 243 55
106 209 19
76 257 83
30 77 12
248 37 17
144 32 4
142 80 36
207 223 34
59 96 1
42 136 39
204 47 31
157 198 3
167 179 34
227 17 6
106 117 6
73 32 59
214 240 83
129 124 10
128 146 29
24 247 74
153 191 8
223 32 58
85 54 2
56 22 4
174 191 80
19 80 13
191 147 64
52 139 7
10 167 51
136 103 49
211 52 75
44 136 5
56 239 77
239 70 22
160 218 77
218 44 30
146 122 90
150 17 70
83 20 3
39 203 65
10 87 73
104 188 23
118 208 85
48 222 29
17 113 9
199 83 35
3 193 19
54 155 45
189 36 54
173 76 54
165 121 68
215 28 76
250 228 77
86 103 83
123 66 32
64 23 80
210 41 84
23 124 46
167 152 25
46 77 38
56 101 42
14 178 5
142 200 84
74 175 69
22 3 67
25 154 12
58 153 77
218 195 14
199 159 55
162 114 4
210 126 47
123 233 13
33 172 34
89 192 57
240 122 80
93 158 31
64 174 16
176 74 19
48 118 74
15 70 15
237 212 9
231 155 80
21 207 70
23 116 60
105 141 72
97 50 47
253 199 63
7 23 40
187 53 80
8 116 79
184 161 82
77 10 13
26 49 45
192 170 35
107 15 18
211 154 18
178 16 1
93 59 53
45 96 13
112 28 11
118 211 44
2 120 14
90 158 31
29 204 76
98 8 7
133 196 15
180 102 29
36 29 18
235 39 83
234 56 14
107 124 9
28 15 21
213 164 89
218 157 67
161 4 68
239 105 86
118 18 90
134 74 77
247 232 43
148 184 9
180 151 78
139 19 42
86 52 84
16 228 48
231 257 35
10 224 43
212 83 27
243 182 33
199 251 43
207 32 42
221 77 4
58 144 31
43 126 51
107 86 87
5 18 35
193 40 86
224 186 6
206 147 54
37 212 39
223 157 77
247 32 51
120 163 45
103 192 4
242 236 38
42 150 44
185 130 81
12 162 74
81 43 18
13 138 61
94 173 26
122 235 72
74 255 7
19 143 51
181 159 54
74 189 60
163 134 74
29 185 35
66 81 86
14 12 75
123 123 78
101 225 25
107 199 43
149 105 87
160 199 4
110 220 84
11 256 24
253 196 19
236 193 20
78 243 54
244 71 79
228 41 43
177 191 6
76 47 25
56 140 2
6 36 61
183 125 31
16 228 8
241 78 1
134 6 58
27 30 5
135 228 80
41 119 78
41 171 18
37 9 9
134 92 84
96 206 75
96 42 41
94 16 12
205 109 76
38 209 87
119 44 12
177 245 66
61 14 69
232 241 12
95 15 40
83 40 57
36 175 22
161 223 82
61 24 67
1 255 9
97 246 18
204 258 68
39 244 42
108 37 65
133 198 72
122 157 25
19 212 21
247 183 63
9 71 48
225 99 66
198 197 33
218 155 50
128 105 44
12 141 87
70 205 48
150 3 20
257 113 26
256 172 89
35 33 37
167 173 12
174 22 2
15 77 48
99 252 86
254 228 57
208 219 66
51 250 29
144 45 16
196 204 17
56 198 31
51 115 15
168 249 72
79 236 70
69 15 62
47 39 40
254 221 39
150 160 56
100 254 27
126 70 49
43 120 58
179 70 80
117 114 9
228 43 54
14 91 27
39 248 5
63 170 82
153 239 40
230 13 23
30 243 18
60 169 83
200 95 33
221 246 57
2 93 53
187 43 30
124 214 19
19 124 12
87 158 71
209 168 36
53 107 84
66 119 37
77 246 4
95 183 53
232 172 90
150 40 56
193 141 79
81 157 55
39 195 7
103 82 41
8 14 71
233 86 49
49 161 73
246 245 52
86 37 79
29 250 59
258 145 32
231 217 51
46 84 15
226 55 84
130 216 70
223 65 27
117 57 29
73 138 51
111 198 43
221 43 70
175 44 17
63 257 66
254 72 76
18 164 40
67 12 44
33 181 48
15 235 78
258 170 43
196 119 38
161 66 71
246 185 89
136 198 57
256 9 37
215 57 10
245 29 20
130 221 27
28 148 20
47 100 75
112 71 55
26 223 16
49 228 90
106 239 87
48 194 42
55 204 74
151 168 63
14 220 24
127 136 89
235 219 71
176 161 74
192 165 72
7 126 61
99 145 66
67 10 59
164 33 83
137 217 40
146 15 46
87 19 60
155 224 63
41 110 77
29 236 35
32 188 57
192 161 45
103 226 68
25 169 5
183 158 10
51 109 13
86 122 4
83 99 28
223 179 36
104 162 2
223 64 67
33 127 58
140 187 49
228 116 57
178 134 69
193 25 71
68 51 23
256 221 14
183 32 37
89 248 49
163 133 39
182 114 57
143 250 77
166 236 21
158 70 63
42 82 8
47 251 23
185 110 12
170 97 23
134 38 52
200 69 45
18 145 19
200 4 48
6 238 84
56 249 86
94 68 42
143 215 78
169 27 73
92 126 1
84 122 62
229 167 22
68 203 14
254 157 35
242 121 70
156 233 45
100 12 37
138 256 11
51 178 89
148 179 60
77 69 15
27 15 78
248 156 6
87 100 68
258 207 4
235 231 73
222 224 84
20 213 63
160 5 41
80 82 12
43 252 60
166 3 87
87 218 86
85 118 18
26 21 20
4 148 46
70 234 65
224 76 39
72 132 6
94 250 63
236 205 56
243 31 30
72 178 44
202 92 73
209 205 86
139 120 4
40 57 54
254 239 89
242 76 10
214 242 56
188 238 73
219 228 46
1 223 49
65 161 56
96 58 40
103 24 69
83 242 44
16 43 1
227 149 78
246 149 40
214 125 88
23 227 36
231 204 79
52 147 20
146 178 9
202 75 58
208 126 28
118 97 39
74 69 89
116 15 31
169 139 25
203 63 67
169 123 31
56 206 36
137 112 13
89 48 48
48 27 73
218 72 33
182 138 47
170 196 24
127 204 83
149 193 17
16 162 14
92 257 50
13 243 84
167 160 87
57 250 70
212 94 34
78 37 60
186 244 88
15 254 49
73 181 71
189 221 13
88 140 81
146 252 54
50 72 62
204 13 74
118 103 29
98 134 28
42 22 49
154 37 80
27 113 11
77 252 7
152 99 18
18 256 48
137 49 52
65 6 13
3 6 36
248 217 38
127 10 24
87 235 76
85 165 75
126 247 35
57 128 21
58 14 81
250 26 70
184 80 81
55 248 29
183 175 39
74 185 39
123 38 67
25 40 4
207 72 67
9 2 63
62 97 56
225 223 11
118 137 67
71 241 80
43 255 88
170 54 78
35 71 84
56 35 72
158 51 55
176 126 85
61 93 69
204 258 60
33 167 38
139 217 80
143 58 76
5 221 37
136 55 81
211 196 29
212 223 28
197 29 75
51 247 18
238 166 86
154 256 76
74 43 66
22 128 86
90 176 19
197 57 14
121 127 58
182 61 40
170 49 12
236 39 32
209 251 24
152 242 59
180 24 38
39 247 9
91 250 44
139 94 74
81 162 53
90 242 62
78 104 5
2 192 81
18 258 2
178 57 45
91 23 79
25 201 30
54 94 34
60 51 66
170 232 19
237 70 58
48 199 12
51 73 17
240 103 12
222 218 71
157 197 51
242 95 85
185 21 38
258 187 58
52 258 47
28 202 83
233 53 37
28 76 23
224 38 45
97 53 26
175 127 4
171 104 68
108 224 80
116 13 48
249 157 51
228 98 78
124 52 56
111 91 18
54 166 90
115 141 15
188 217 85
140 61 27
93 251 85
203 136 19
54 27 83
221 177 4
50 64 62
236 123 37
50 252 27
31 14 46
140 186 31
188 229 41
212 241 87
132 12 86
223 220 56
85 55 66
66 33 16
112 57 3
111 64 57
206 193 36
98 90 81
173 85 60
60 217 60
113 221 42
108 181 64
14 130 77
90 226 54
209 64 26
21 219 61
15 149 87
118 20 56
170 97 57
79 122 27
94 245 46
34 107 84
126 223 82
169 193 78
165 110 51
136 157 87
149 92 39
181 68 16
121 5 31
76 140 24
203 22 34
170 224 10
35 102 52
61 185 6
117 105 42
210 180 20
146 250 44
231 202 70
183 222 14
132 172 49
257 111 76
40 171 71
148 257 25
238 252 35
250 60 82
154 25 88
10 78 66
1 86 45
187 63 60
89 43 57
18 209 3
66 231 5
232 131 82
190 179 74
52 91 45
173 79 4
54 88 48
10 217 45
241 78 19
191 113 50
89 136 85
155 63 79
188 28 26
160 3 66
168 182 18
191 154 17
5 195 11
137 147 64
164 247 6
183 235 72
256 226 9
178 96 89
177 41 47
171 151 44
75 236 87
238 189 41
234 44 18
189 223 59
145 5 70
105 215 79
12 74 50
207 203 7
88 161 73
69 140 9
247 150 24
128 43 46
115 20 80
211 225 86
3 138 38
163 246 61
125 3 66
218 114 72
233 245 70
125 63 67
220 80 23
83 20 9
38 135 69
13 69 77
181 17 16
250 235 9
226 156 67
27 100 42
23 224 77
200 206 41
194 7 81
53 6 12
258 26 41
73 133 80
217 151 37
18 53 87
82 205 60
170 151 1
50 101 84
238 56 41
73 159 57
216 38 48
163 122 82
133 91 82
121 189 6
58 257 68
212 117 16
86 4 85
29 170 7
107 192 44
134 250 55
250 109 74
168 224 38
129 216 16
191 23 11
192 23 6
75 33 8
130 235 55
104 71 19
108 95 28
90 227 46
156 188 30
192 73 66
30 117 73
150 214 7
64 122 23
64 63 59
213 128 45
219 233 52
155 252 25
14 100 35
201 26 33
144 212 62
173 223 26
62 28 46
232 34 66
34 199 47
254 180 72
206 157 49
18 7 67
190 87 40
213 250 38
7 160 44
186 203 77
253 251 83
101 126 79
118 40 59
165 169 85
111 2 9
14 78 55
238 215 25
8 64 42
112 233 26
32 82 27
245 179 69
107 248 21
15 186 60
18 194 54
209 242 7
229 85 51
74 86 62
155 129 27
164 200 34
242 75 22
113 57 24
46 18 68
168 171 40
82 107 58
182 13 2
52 152 63
165 77 18
228 14 61
242 17 68
53 125 85
33 109 82
166 131 1
223 30 39
8 113 9
98 28 59
252 62 67
226 217 27
230 76 9
238 236 19
132 111 15
157 237 70
112 199 90
172 26 17
147 40 45
175 202 6
36 48 34
33 163 63
107 233 26
80 152 84
105 70 36
95 40 5
42 96 80
73 179 60
123 21 78
175 246 19
104 122 34
30 79 2
233 65 45
33 39 8
102 240 23
137 186 34
153 137 16
192 149 69
180 35 12
116 39 61
10 117 89
190 159 66
140 181 13
33 237 31
137 83 82
212 203 41
2 113 72
103 82 57
112 95 6
122 68 56
8 1 63
4 252 76
31 149 36
110 226 19
174 212 53
199 163 14
10 62 77
214 230 23
249 13 6
100 216 50
1 26 68
253 255 53
214 229 41
47 29 50
149 94 18
232 185 47
150 77 33
152 149 90
23 12 3
95 123 90
115 77 79
3 21 10
250 169 64
193 233 29
192 18 89
84 205 25
14 207 75
11 228 61
252 35 41
126 242 53
99 147 8
36 257 7
202 219 90
225 158 32
50 202 11
77 181 16
123 115 59
52 183 46
179 129 40
232 230 5
237 127 84
217 45 42
229 153 88
77 3 59
194 6 55
128 2 9
53 229 46
10 2 29
92 23 79
195 43 31
11 118 73
190 53 34
2 112 12
168 29 88
104 53 22
253 158 70
60 207 18
64 109 47
87 113 84
162 94 70
238 213 13
251 144 22
234 239 7
229 42 78
143 79 18
26 70 72
88 191 29
159 4 21
258 29 55
155 70 12
154 49 86
121 190 30
170 40 39
14 83 15
189 99 17
59 50 4
11 72 3
140 178 62
33 163 76
177 227 48
75 67 90
129 213 33
177 137 20
122 136 60
237 134 32
32 205 37
75 75 30
136 17 72
4 175 40
85 142 50
93 155 17
2 145 20
229 115 35
102 212 40
216 126 29
62 141 14
193 163 65
132 213 9
91 190 62
54 241 2
24 35 20
127 8 53
220 49 37
102 79 88
21 116 2
134 162 86
230 30 57
37 13 31
14 165 7
234 38 84
120 226 48
104 131 78
159 44 34
101 76 63
146 12 43
114 82 82
214 33 22
124 75 22
57 232 74
205 213 54
199 216 60
219 224 65
3 159 32
25 47 79
113 14 40
83 222 25
122 159 36
186 89 41
22 191 19
166 10 15
119 184 28
12 126 35
127 113 36
53 183 10
104 69 26
61 63 84
7 70 70
205 129 20
1 251 78
256 240 5
243 80 63
88 242 87
157 62 28
245 254 72
85 247 78
145 91 41
258 126 83
108 37 73
257 236 83
78 208 10
101 175 17
80 51 73
34 92 87
102 78 36
199 233 2
91 78 31
239 110 48
55 150 66
30 141 52
56 24 5
94 67 79
150 159 75
103 149 46
184 13 41
90 227 11
253 206 88
30 75 1
132 99 22
58 138 15
121 160 24
189 152 17
232 216 21
125 230 67
72 63 51
115 36 13
78 2 40
247 188 74
241 252 35
126 43 26
162 96 38
117 66 74
93 14 15
142 110 60
230 222 86
215 132 34
199 35 56
242 229 16
136 242 26
106 17 26
207 90 45
211 244 87
6 48 6
102 67 18
98 92 38
20 187 11
227 55 89
6 223 39
162 85 23
134 115 8
135 139 86
125 20 82
163 217 3
106 209 16
21 116 13
134 5 72
31 188 20
242 147 38
194 250 72
54 151 25
42 50 61
97 167 82
24 237 61
254 76 69
124 110 42
181 196 83
62 254 37
234 50 43
105 7 7
158 258 67
201 199 64
195 144 13
57 255 69
76 128 55
247 104 45
49 234 21
83 153 58
239 49 77
213 222 80
9 78 60
9 127 2
17 64 77
152 95 88
216 181 35
14 4 78
255 192 10
114 184 49
41 152 86
143 30 59
147 138 72
143 253 12
219 25 87
219 62 64
108 6 31
119 250 80
217 159 51
106 167 32
130 103 41
110 170 15
27 167 89
106 62 66
219 171 12
227 164 73
49 176 34
155 124 29
218 118 69
191 203 15
256 44 43
185 237 52
227 151 65
6 36 1
86 158 74
121 258 20
28 107 89
248 231 14
7 33 82
128 129 65
253 156 42
210 212 63
121 5 34
244 121 33
195 244 35
88 79 31
133 3 61
3 177 79
139 235 78
94 136 27
110 58 45
16 177 1
221 257 70
41 105 2
183 53 5
179 177 75
183 194 6
174 47 1
145 43 83
110 48 30
110 144 6
176 200 57
98 205 20
110 131 42
23 182 82
171 194 37
122 149 11
5 221 57
182 97 33
5 102 82
247 96 46
245 181 64
64 20 73
41 227 46
112 238 71
70 148 23
107 230 46
99 137 46
44 2 83
80 39 55
254 102 70
246 3 47
258 81 73
205 183 1
39 130 49
23 117 61
163 31 78
33 41 30
168 90 65
111 78 89
186 168 70
108 172 73
240 196 82
207 97 7
220 105 69
168 178 42
221 34 78
149 57 44
185 2 55
208 19 2
163 57 72
154 211 61
247 199 85
101 121 84
46 1 12
108 207 57
168 208 18
92 184 88
2 95 37
182 120 87
252 9 75
154 103 43
218 210 74
195 126 47
136 164 26
233 162 28
31 155 32
238 101 47
165 40 63
76 41 62
82 71 67
140 7 52
247 60 31
23 178 78
207 50 86
165 140 23
207 21 71
56 152 53
256 224 62
39 239 46
122 224 2
137 1 23
250 113 71
168 135 49
140 26 56
76 127 25
70 99 7
116 246 26
114 255 26
28 172 65
106 35 20
240 240 62
31 19 26
200 215 17
115 101 82
73 253 84
121 140 62
202 151 20
159 104 30
50 131 8
216 190 38
248 191 9
205 79 56
240 187 77
218 151 13
111 57 73
80 115 56
251 109 4
134 10 17
2 95 21
7 160 31
81 96 53
54 241 12
110 203 44
83 148 13
94 144 27
16 207 20
5 16 48
86 115 67
229 104 75
166 231 2
169 27 9
243 65 11
243 96 4
44 4 62
3 94 16
241 116 60
12 25 16
251 74 78
139 101 45
231 26 50
16 210 50
242 30 52
234 43 51
129 102 33
146 30 49
219 104 53
102 113 87
24 121 81
9 154 27
137 89 71
244 93 65
206 61 74
57 110 9
219 224 75
243 245 53
129 71 60
258 183 54
213 164 6
49 24 53
192 30 46
210 168 16
111 10 17
255 109 29
29 42 82
238 138 70
84 18 57
178 189 68
82 244 11
226 45 35
195 180 28
243 158 77
89 149 51
178 158 61
257 158 88
4 37 52
135 197 35
240 248 27
6 198 69
64 234 90
101 74 5
203 161 39
243 2 89
79 130 41
14 124 22
71 191 74
168 258 62
232 164 63
35 41 49
239 19 17
129 125 58
109 212 27
38 31 41
126 118 68
34 240 34
109 132 34
188 190 58
127 187 55
21 132 24
