54 4261 983 26
284399 837651 641199 994879 236357 657052 90059 699794 965002 236817 423035 706172 721253 737275 888048 370903 67804 887788 313906 543477 457851 286746 392775 50499 427398 50050 623412 711837 338870 992586 438931 551775 281328 573095 395033 792132 87705 363820 488516 991309 703406 221654 227610 270011 387870 573913 410632 979315 57123 448122 825941 913787 892255 92443
39 33 24
19 42 34
42 34 196
2 48 23
28 5 176
42 54 88
1 10 8
15 44 182
48 31 49
41 16 178
46 5 71
38 52 40
44 14 80
27 21 90
21 29 120
3 35 165
34 46 184
54 44 173
45 44 85
15 51 138
34 51 54
12 39 36
38 9 43
46 37 9
41 17 36
19 15 73
18 14 48
22 31 38
48 12 161
51 5 156
33 33 3
53 13 23
13 41 126
29 44 31
26 44 28
20 36 160
1 28 51
45 17 154
8 45 122
35 4 100
54 42 72
50 40 159
10 51 184
28 49 105
28 5 50
26 12 27
24 16 20
4 37 126
10 9 30
29 33 163
7 54 75
17 9 129
13 9 48
14 39 43
54 31 103
28 51 103
15 15 174
29 6 174
9 12 75
33 22 80
1 13 181
22 3 136
48 36 188
34 38 178
31 23 3
43 14 89
44 9 177
5 44 175
54 26 75
6 19 150
50 16 196
24 5 94
30 29 31
36 7 41
53 16 193
47 9 115
51 33 58
8 18 128
53 43 1
52 54 8
17 45 185
36 12 164
44 42 57
51 53 66
5 14 195
41 10 49
37 19 96
51 48 74
19 52 54
34 16 177
37 5 2
8 45 49
42 37 135
54 4 8
20 44 186
44 22 92
6 53 78
50 35 74
40 33 37
26 20 133
38 22 78
2 16 69
47 26 82
31 28 117
43 3 33
12 26 172
3 16 142
52 26 186
49 36 194
8 32 71
40 16 38
32 43 17
4 4 150
20 6 4
39 2 183
31 47 89
28 30 175
24 8 171
52 49 135
51 30 159
22 25 100
32 29 193
7 45 4
17 8 150
20 42 65
49 31 169
18 38 139
16 41 50
18 20 157
31 42 30
21 51 125
50 50 160
4 26 115
46 22 117
1 44 93
51 7 36
45 34 157
46 43 125
2 29 110
33 4 108
7 31 43
16 30 129
42 17 129
43 21 131
32 51 3
38 41 85
19 51 6
48 37 167
25 19 168
30 30 109
9 39 59
14 44 160
6 4 136
46 10 119
19 53 164
54 8 74
25 12 50
31 23 71
41 37 23
15 2 123
20 4 154
20 7 20
45 25 42
6 42 109
53 12 86
43 29 3
7 1 155
18 25 108
42 43 131
29 37 37
11 10 32
22 30 193
19 11 76
14 23 134
4 19 188
12 38 7
42 21 17
8 4 52
29 51 172
25 16 187
34 24 168
14 41 8
19 32 159
33 31 127
13 53 195
3 34 25
1 30 51
35 36 136
36 23 142
42 28 143
18 16 171
45 24 141
15 37 3
27 46 182
5 39 25
43 47 67
46 6 111
50 39 113
20 14 81
19 50 105
24 28 196
8 9 70
9 15 41
15 1 187
15 29 124
48 7 171
21 36 189
31 49 188
42 24 173
47 1 130
53 14 47
52 2 98
39 9 110
26 6 25
3 7 38
10 18 84
45 1 37
28 29 17
2 2 78
28 54 176
19 3 135
26 10 157
13 27 130
24 20 47
54 4 44
21 43 127
37 46 190
42 17 130
19 41 57
16 16 107
10 36 98
10 18 99
54 52 131
1 22 149
11 17 153
27 46 178
39 7 132
34 37 179
43 47 35
51 48 88
38 40 85
6 31 40
12 18 142
27 24 6
43 51 146
49 22 156
35 26 111
50 28 105
21 35 178
9 3 67
36 22 8
47 33 49
23 6 76
10 7 15
8 31 164
46 44 93
22 49 189
20 23 46
29 16 98
53 46 173
10 9 78
32 22 79
32 41 129
18 40 182
50 1 2
24 31 3
18 37 149
46 42 127
24 50 89
30 36 185
47 53 69
22 28 133
13 8 26
20 11 163
31 33 132
51 33 137
2 28 30
9 28 56
54 29 189
9 47 51
17 26 140
42 36 159
34 47 174
47 42 142
16 32 128
4 26 60
9 11 157
43 6 65
29 51 34
11 40 183
11 30 143
53 26 10
16 41 37
15 19 48
5 40 7
7 45 29
24 32 67
24 50 33
16 6 56
24 43 195
7 24 179
51 14 107
26 7 34
45 20 16
7 51 131
3 18 147
34 51 161
3 40 166
45 21 184
34 15 52
37 42 17
47 51 177
48 15 196
51 20 19
4 18 102
54 12 136
49 15 163
23 34 43
46 36 65
31 41 153
2 1 24
32 30 40
25 47 171
28 17 111
23 24 152
7 18 105
18 41 133
35 32 85
34 11 140
6 51 60
7 20 135
43 14 171
2 34 191
37 30 173
8 49 23
38 2 89
10 47 67
2 32 15
20 30 146
13 27 52
47 27 117
48 54 2
6 30 163
39 34 111
9 22 161
30 14 32
22 41 57
42 7 166
36 22 153
52 25 129
37 17 145
4 51 117
41 54 110
44 3 48
8 42 187
50 11 24
37 26 11
43 16 170
35 33 6
34 44 67
36 41 177
43 22 96
14 13 166
48 23 49
51 4 80
13 32 192
48 47 22
44 11 173
41 30 186
10 45 106
17 27 130
15 53 86
12 13 189
40 50 109
26 45 146
46 4 89
36 41 110
3 48 179
8 19 156
24 48 138
8 2 62
14 50 187
52 52 47
39 43 32
54 54 179
24 40 164
39 21 143
6 39 88
3 45 175
20 10 41
53 49 126
28 48 162
36 36 93
46 13 8
30 18 127
33 35 180
24 2 16
54 42 22
12 23 116
18 20 113
5 14 77
26 8 11
8 22 82
39 25 175
47 17 93
45 14 26
7 32 21
5 13 77
16 31 70
5 13 71
46 53 112
42 5 65
16 19 180
22 31 165
34 10 166
36 19 22
13 32 11
42 16 154
33 13 184
10 11 133
4 20 40
35 51 139
46 8 63
9 4 112
9 27 3
53 45 65
47 52 10
52 22 27
29 52 4
7 19 145
32 45 133
30 20 36
37 43 150
23 26 4
12 14 166
23 22 110
43 2 137
19 42 115
19 47 39
44 27 94
2 11 79
18 18 3
3 8 3
33 36 73
27 36 67
18 34 190
38 47 13
42 54 104
36 34 141
9 6 135
14 8 79
36 10 27
41 43 130
50 24 155
7 19 22
11 30 4
44 21 118
1 39 173
2 14 10
8 53 180
4 41 69
53 18 156
20 54 115
7 15 159
2 51 36
52 33 136
28 23 29
37 24 79
10 26 9
38 19 108
37 8 116
50 22 191
53 17 82
51 37 50
17 44 10
46 23 50
40 48 120
7 40 60
7 23 174
51 54 96
13 44 146
50 19 176
21 48 102
9 48 158
5 35 56
35 3 73
43 20 107
36 11 34
3 7 79
34 10 27
38 35 164
30 46 74
46 38 130
19 54 192
40 21 165
27 32 73
30 25 39
41 41 144
27 10 132
37 51 98
39 38 42
26 29 134
24 19 58
7 37 144
16 32 62
26 15 84
43 50 22
15 18 24
34 31 79
5 23 175
35 16 103
17 32 160
36 33 31
6 34 122
42 51 39
31 38 143
11 16 126
47 40 172
9 11 115
47 44 36
28 34 152
1 16 186
30 8 48
9 45 14
16 48 78
9 3 38
25 44 194
42 54 159
30 15 57
35 30 160
15 29 23
49 31 191
28 45 116
34 1 99
6 45 67
48 39 88
39 3 32
4 35 36
42 29 172
19 33 112
19 15 165
47 50 20
25 40 59
19 35 43
29 19 4
23 49 51
46 10 20
39 43 169
2 35 178
40 13 167
54 19 35
30 28 101
34 31 98
30 13 20
54 11 183
41 46 56
14 33 70
34 3 111
9 29 142
26 19 51
19 14 193
47 6 182
7 33 153
22 24 169
28 38 95
10 15 74
2 6 49
17 19 171
32 40 123
4 38 112
31 31 112
3 25 103
34 52 6
30 34 110
11 54 98
7 27 97
4 30 15
5 23 6
5 16 109
36 54 173
25 28 64
31 54 52
19 17 43
9 26 186
32 22 146
20 39 98
5 36 121
11 35 25
48 5 30
18 24 12
24 41 75
14 9 170
32 45 159
45 6 121
15 46 160
49 45 151
1 22 193
35 37 77
28 48 135
33 26 62
9 3 90
51 5 93
39 35 156
1 6 56
32 19 121
10 13 139
17 54 168
43 20 174
6 18 173
43 22 7
34 29 49
36 43 149
33 30 152
29 45 89
13 23 46
49 39 24
48 12 43
37 16 102
28 53 180
27 9 84
2 8 72
8 38 130
14 54 42
51 42 53
20 43 74
48 45 94
30 30 67
53 9 71
14 40 178
38 26 144
40 2 40
30 21 159
15 47 8
21 8 65
47 20 141
21 1 64
40 5 12
42 54 87
25 42 123
25 53 159
35 16 143
10 37 148
4 23 16
41 35 32
31 19 66
50 47 102
8 15 24
23 18 38
52 41 82
15 19 135
23 38 95
17 3 44
2 11 97
10 45 48
11 18 96
17 2 52
8 7 112
38 41 149
50 45 190
25 4 158
50 16 124
29 36 129
35 24 193
3 36 132
29 28 168
38 33 25
7 25 55
1 2 176
27 34 17
16 52 152
16 38 180
23 39 142
41 47 75
11 27 54
54 19 179
31 24 50
27 15 82
1 3 39
5 49 145
48 16 100
29 8 111
37 2 146
32 35 185
25 20 45
12 20 167
7 1 39
51 42 191
41 30 85
32 36 175
46 33 154
46 43 117
40 27 132
44 43 160
11 2 187
29 41 176
53 3 169
21 16 169
15 6 33
27 10 98
25 31 114
33 5 115
32 18 136
16 33 162
25 3 32
15 52 88
12 29 32
34 17 167
22 48 8
52 37 88
3 48 45
22 24 46
9 25 51
36 11 49
13 27 50
32 29 58
12 18 134
36 9 148
37 10 131
11 46 3
14 21 163
18 3 23
32 11 187
20 52 147
32 6 115
30 10 78
13 13 26
40 16 144
30 10 10
3 38 159
49 26 147
37 30 191
14 15 37
38 21 124
37 44 170
12 35 191
23 49 90
1 26 76
9 17 72
1 42 147
44 31 61
28 53 123
33 35 162
16 44 187
24 8 156
25 29 123
11 19 59
6 48 109
51 52 40
33 37 164
1 40 170
19 45 53
40 47 39
16 45 28
3 12 82
11 34 196
49 39 12
40 29 33
47 14 148
53 28 175
51 21 154
15 45 101
54 18 116
31 11 146
47 32 176
27 50 31
8 48 148
47 19 57
52 38 180
48 49 73
21 10 46
52 9 2
48 40 181
3 12 161
24 45 189
48 19 161
21 38 154
53 51 137
13 12 179
32 17 143
34 4 16
43 26 146
20 1 119
11 5 120
29 3 195
38 36 115
43 26 173
5 20 194
11 44 58
5 45 189
30 30 17
13 9 165
11 26 85
23 21 131
16 38 105
17 1 73
24 7 18
26 53 75
18 38 32
5 33 53
44 3 87
3 1 117
16 6 24
27 8 143
39 43 4
7 35 196
31 21 116
42 11 121
24 50 11
18 14 62
22 33 19
14 49 23
31 19 150
31 24 195
11 36 6
39 40 150
26 31 49
51 3 129
17 11 120
49 7 188
48 33 172
40 1 133
47 41 93
24 52 140
21 53 173
10 37 128
46 22 85
46 46 192
5 10 7
3 26 165
32 30 25
37 54 4
12 42 186
43 12 170
9 19 30
41 48 54
52 24 74
36 4 102
35 48 55
32 10 48
9 40 26
14 12 76
49 1 81
29 12 61
25 51 190
11 39 30
50 33 98
50 54 193
22 35 115
31 7 43
21 34 51
19 53 4
8 9 167
35 15 186
11 27 114
18 7 120
48 30 103
32 5 132
2 45 112
37 26 73
45 24 168
5 45 116
29 51 161
38 19 40
41 29 17
52 2 101
53 46 63
32 21 20
21 48 158
16 47 195
17 38 166
6 3 153
7 38 27
33 23 41
22 36 49
53 46 170
19 21 24
35 30 4
7 38 94
42 26 136
54 41 134
41 21 111
35 19 75
10 25 49
43 50 170
2 45 60
33 39 190
22 32 142
39 22 12
45 12 57
31 9 121
10 51 33
29 7 118
23 47 114
48 22 39
8 51 74
13 21 156
51 28 23
31 34 71
36 9 24
30 45 139
2 49 47
22 41 30
36 46 65
48 28 88
16 27 140
32 16 33
46 37 181
24 25 60
49 40 194
38 9 9
54 23 171
44 12 38
52 22 139
5 18 156
28 22 150
47 33 79
24 54 185
8 36 2
32 26 24
34 1 24
4 53 70
52 31 14
36 43 110
4 50 44
51 16 10
45 24 175
52 17 19
21 5 71
14 8 184
13 13 86
37 44 69
38 24 79
25 20 113
47 42 115
31 38 112
26 31 79
15 21 110
32 18 30
37 2 70
4 54 39
33 1 168
2 16 2
11 12 178
43 26 116
5 29 141
35 44 191
32 23 175
8 51 169
54 31 117
21 40 15
50 1 139
51 48 150
5 35 136
16 13 102
50 44 117
52 39 63
43 45 124
46 53 160
20 36 165
50 16 17
43 11 99
2 36 57
22 31 31
32 50 62
24 48 56
45 7 29
44 28 9
32 34 118
43 32 178
20 12 148
47 35 72
45 35 93
6 10 129
40 43 64
18 31 196
2 29 88
44 44 29
25 41 33
12 45 123
10 40 141
30 9 122
27 13 58
47 34 40
24 22 51
24 35 135
32 3 84
9 35 54
30 10 8
50 4 117
51 13 190
45 5 188
16 20 169
31 9 124
7 20 95
36 43 17
12 30 35
38 5 78
47 26 8
22 3 185
30 22 178
14 1 15
2 13 9
51 13 172
6 24 103
46 43 153
12 21 74
52 25 168
23 28 178
54 45 6
38 32 118
51 43 141
39 44 127
43 14 33
49 27 9
24 41 157
39 6 78
15 42 108
19 51 9
29 17 95
25 13 187
5 31 185
21 28 171
28 37 107
41 39 133
34 28 63
18 39 20
7 28 15
51 14 59
31 54 180
8 30 135
33 9 39
18 38 22
42 29 79
35 38 137
11 43 107
24 33 192
16 54 83
18 45 79
31 10 147
18 22 18
38 20 167
15 49 120
43 23 95
32 25 82
6 33 4
40 49 108
42 48 142
34 45 115
42 32 142
5 49 67
1 14 61
41 31 10
49 52 134
36 2 11
10 1 24
41 52 55
22 10 16
25 24 194
43 37 174
35 42 110
52 50 43
41 46 135
16 16 70
23 1 177
18 40 109
45 47 162
23 48 18
38 13 162
37 43 14
5 35 22
41 51 107
31 12 75
50 41 45
40 11 108
19 1 62
10 50 98
54 33 116
19 6 135
54 46 117
27 26 133
36 52 140
20 44 7
22 1 71
27 45 16
1 14 9
24 50 115
50 7 167
36 8 46
34 50 9
13 51 91
16 34 43
9 22 194
11 54 59
46 38 80
23 36 47
50 51 94
28 13 102
51 54 23
46 17 1
24 46 114
31 13 173
40 40 35
38 44 132
24 3 71
5 15 140
10 36 100
18 19 35
50 16 157
32 35 119
9 47 163
23 47 128
36 47 165
1 13 12
37 54 121
14 22 19
31 42 80
22 45 182
3 22 15
21 10 97
41 38 22
18 11 101
43 2 10
8 12 89
39 9 77
54 43 97
7 43 23
11 21 121
25 11 84
44 24 135
11 49 9
15 26 35
4 25 20
51 10 193
14 13 3
44 38 13
54 52 72
19 52 179
4 38 129
43 36 12
26 47 182
24 10 88
53 11 61
34 54 20
16 11 88
32 44 28
30 26 188
24 8 17
30 15 88
33 4 169
9 41 97
21 43 126
15 34 38
47 48 36
3 47 62
29 49 173
23 16 1
3 27 114
26 49 124
12 37 69
36 39 81
40 29 152
34 12 157
49 33 145
11 36 193
8 11 22
7 8 17
7 51 16
49 54 158
40 44 188
31 53 103
17 19 80
19 20 116
54 4 73
50 54 63
33 2 86
54 16 101
22 3 181
54 40 55
50 37 96
41 21 64
23 11 164
26 52 50
45 42 21
35 13 41
38 20 108
10 34 120
35 52 107
50 1 44
31 38 33
10 40 192
27 2 5
1 35 21
38 34 90
37 32 42
3 4 49
35 47 8
15 23 54
1 25 88
17 16 47
26 53 139
53 38 5
14 15 110
48 6 84
44 9 156
17 21 194
41 25 182
18 32 156
52 52 37
20 37 104
10 6 7
54 12 66
4 9 6
19 36 97
53 3 173
2 25 194
8 28 107
26 2 31
39 48 170
31 2 102
33 38 110
53 2 160
7 53 90
18 39 25
13 47 165
27 37 155
8 28 46
51 20 164
26 54 139
12 16 145
31 34 133
11 30 126
21 43 42
31 39 93
44 27 91
24 11 192
4 29 10
9 52 72
12 46 68
30 6 99
48 42 163
39 17 64
11 32 123
3 13 60
42 21 196
28 12 175
51 32 195
52 47 108
25 23 15
6 51 153
24 37 55
20 39 52
22 27 180
12 24 96
20 33 166
44 8 34
41 23 60
37 25 54
49 50 188
45 51 141
16 38 85
45 53 82
10 12 171
32 37 87
19 49 184
51 44 77
42 34 8
34 1 19
26 28 112
46 10 126
30 27 152
37 6 59
53 28 112
11 24 125
21 12 6
25 9 137
10 48 153
23 53 167
26 19 122
2 30 142
48 53 29
21 35 155
26 32 42
1 1 119
27 8 149
9 8 83
47 32 99
27 25 44
10 29 147
46 50 104
27 14 70
51 2 82
38 54 75
37 19 86
20 50 145
31 6 162
37 46 129
4 45 69
5 8 62
47 21 93
39 11 27
24 36 101
49 20 38
8 45 37
29 47 134
54 48 89
26 13 170
36 32 55
26 36 140
30 41 150
12 27 56
21 17 51
29 3 92
11 46 153
20 36 36
15 36 61
46 34 131
47 11 31
12 26 113
51 12 9
34 15 161
53 45 82
44 39 183
17 32 149
38 5 6
16 18 186
3 21 71
51 33 98
42 17 133
33 3 102
20 4 175
54 18 56
35 37 156
1 11 104
19 34 6
28 45 82
12 7 150
36 33 29
48 12 66
26 47 100
12 7 38
15 2 26
35 29 186
7 35 100
15 29 71
11 6 176
23 49 180
45 18 85
24 53 35
39 26 101
46 2 105
25 4 61
36 41 189
43 40 28
15 36 85
19 32 125
23 21 22
48 54 188
15 46 108
33 42 98
47 52 60
33 45 4
10 42 178
50 38 48
32 42 80
39 36 123
10 20 4
13 30 178
28 49 104
5 41 136
13 54 35
27 45 56
22 5 40
51 52 72
52 50 129
48 5 43
38 15 188
2 7 89
8 32 39
1 36 183
38 10 147
33 30 169
3 53 122
23 33 61
10 12 149
13 36 177
16 31 36
49 53 71
1 32 128
51 17 193
10 24 123
50 24 46
19 37 181
39 13 156
3 33 26
20 11 170
20 31 146
24 33 144
23 4 14
12 29 24
17 14 136
30 37 159
49 17 61
17 32 118
46 12 99
16 8 55
2 4 116
17 47 114
19 43 75
50 3 192
42 24 64
45 17 10
20 12 150
35 45 32
21 28 101
34 10 54
5 48 138
47 20 107
31 11 5
42 22 120
45 12 175
2 51 113
11 24 190
3 30 100
35 11 23
4 6 71
43 6 91
15 43 87
14 50 77
6 4 54
41 27 128
22 41 49
34 38 190
17 49 165
17 40 61
2 46 132
34 18 67
48 34 174
5 51 70
12 15 121
33 42 141
7 27 186
35 21 158
52 20 96
21 20 65
8 18 49
34 31 25
38 24 196
5 22 46
50 7 39
5 43 103
33 34 164
34 27 120
19 37 79
43 37 38
25 25 106
21 38 118
53 40 71
5 23 147
31 51 48
19 53 94
35 54 111
52 11 26
13 38 113
53 17 82
46 21 3
43 15 163
23 13 20
25 30 162
12 7 166
17 51 114
4 36 192
11 9 135
25 31 128
46 19 130
5 5 194
51 39 88
50 28 146
8 34 114
2 37 146
41 33 138
27 33 140
11 3 60
20 17 101
16 3 121
47 10 85
48 14 68
13 27 3
33 48 85
3 10 145
12 11 125
11 13 15
27 46 156
31 45 83
36 33 69
50 37 193
51 30 20
9 3 88
43 24 68
20 10 109
10 15 79
20 23 8
46 30 14
13 27 180
34 17 98
39 9 37
15 26 20
22 2 170
21 44 87
50 34 145
23 45 115
20 36 52
36 22 72
35 50 43
28 9 179
19 6 113
35 17 72
40 12 66
24 30 172
8 22 101
54 11 165
18 23 41
3 36 111
50 19 154
25 12 172
53 40 162
48 28 97
10 18 7
21 18 22
18 7 69
33 21 25
5 41 43
32 6 11
18 14 104
10 22 130
46 7 137
43 44 41
23 10 64
6 12 34
47 13 57
36 22 157
8 15 129
50 38 126
17 26 109
38 46 107
16 29 159
4 42 14
27 16 170
1 10 82
13 49 79
28 26 25
31 50 2
51 20 21
21 21 117
37 50 54
41 35 98
39 43 36
19 28 175
33 5 15
23 7 155
19 15 109
31 2 115
21 23 135
45 19 170
33 50 186
7 48 178
11 23 27
45 32 113
11 54 152
45 47 16
36 45 85
24 21 90
53 22 24
53 12 23
4 18 186
21 27 88
4 19 28
51 51 23
36 3 47
27 31 158
54 22 3
47 43 168
47 6 151
52 46 27
1 23 31
51 32 21
35 13 34
13 7 33
44 6 183
36 28 71
28 40 29
50 25 155
48 9 141
47 26 19
22 6 127
48 38 88
13 13 117
17 32 15
13 31 149
31 29 145
40 45 112
13 13 136
5 12 193
7 21 25
7 36 53
13 47 173
29 20 97
35 53 10
23 6 193
51 5 19
18 41 53
18 46 36
17 26 28
24 49 62
33 45 74
39 32 9
18 17 188
32 8 23
23 8 48
31 37 127
38 10 193
3 2 166
1 11 150
52 25 193
20 11 68
6 34 24
25 44 35
27 48 140
35 52 3
31 12 158
37 6 159
44 13 24
16 19 94
54 27 187
44 8 87
29 50 184
38 41 97
14 35 106
2 44 35
40 19 49
38 43 180
19 7 149
49 44 173
32 7 35
11 1 94
34 45 119
14 54 140
30 30 74
50 47 161
10 4 84
42 18 32
16 36 10
37 19 116
26 48 149
47 15 109
30 4 113
38 40 143
9 12 133
1 32 32
21 52 60
9 37 135
17 40 59
49 9 190
27 8 38
32 36 11
39 32 85
6 25 179
1 9 38
33 9 22
54 38 45
18 11 60
7 10 120
45 33 60
18 51 1
33 37 100
43 31 18
12 52 80
27 4 153
35 53 147
53 24 147
35 33 123
35 49 166
44 28 111
34 30 186
49 22 193
9 19 23
29 30 146
5 6 62
44 30 7
54 54 96
48 3 147
29 33 54
16 31 74
24 50 28
16 33 171
15 24 19
30 45 107
38 50 93
5 38 59
52 4 93
17 31 187
45 21 116
42 31 190
14 20 67
4 21 159
54 52 147
14 19 70
21 10 121
30 45 23
27 12 149
50 51 193
21 17 46
48 5 105
1 17 182
28 38 15
30 20 24
43 39 121
44 3 122
16 17 46
43 19 110
22 28 42
25 13 155
27 48 18
4 45 99
8 2 110
25 46 30
31 31 143
48 10 129
5 4 118
21 15 110
41 14 187
13 2 152
8 13 161
52 48 129
15 11 155
12 8 56
15 32 178
44 36 18
54 31 158
10 28 164
19 6 39
38 48 149
33 43 28
20 29 62
16 26 181
51 37 48
18 2 133
31 23 169
48 10 46
19 27 97
54 52 164
14 2 141
7 28 48
46 5 188
51 51 109
38 23 183
20 34 3
16 35 115
38 43 34
19 10 130
43 45 135
31 48 56
18 38 23
30 52 77
6 12 145
28 18 98
13 48 29
48 50 185
26 19 65
28 7 180
54 4 91
30 22 138
45 44 3
11 1 175
24 17 78
12 3 22
34 36 183
1 1 107
24 40 12
9 47 32
44 24 149
51 49 134
45 52 66
54 37 116
20 45 88
48 30 85
15 20 6
13 18 160
42 54 44
41 30 36
10 14 25
18 29 62
17 53 182
44 32 119
27 36 36
52 34 140
1 51 57
17 23 26
25 8 162
21 19 34
39 52 164
10 41 194
18 5 181
33 38 139
40 10 113
23 27 156
54 9 102
44 23 11
47 11 49
23 27 136
29 33 21
39 12 56
27 31 84
22 34 191
25 35 96
18 1 15
31 52 122
41 39 73
10 3 87
31 51 111
47 24 1
21 53 59
17 36 89
46 33 183
1 24 131
38 22 20
51 13 127
41 41 24
5 17 147
23 26 61
1 27 20
22 3 128
46 53 5
14 13 66
8 31 190
36 15 40
47 3 104
28 46 167
12 6 157
47 8 9
28 31 127
50 29 59
34 27 135
53 23 162
10 21 189
43 5 84
13 17 3
16 19 74
43 15 91
12 21 151
7 5 33
29 4 93
42 2 108
21 41 31
41 32 45
34 49 171
29 9 179
1 53 132
9 37 101
6 34 176
20 51 176
44 25 146
29 36 156
25 30 39
51 50 138
42 48 115
2 43 11
25 7 156
9 1 125
26 25 61
40 47 174
13 53 141
26 13 48
38 35 106
31 13 89
28 36 62
43 22 59
35 34 76
39 21 48
32 54 97
37 2 196
49 18 37
19 54 164
16 20 164
52 28 55
43 26 119
16 39 168
21 8 20
23 3 130
32 29 172
15 51 68
3 2 152
1 19 46
9 30 104
22 9 67
22 53 62
32 13 154
32 29 88
23 4 191
30 27 127
32 18 79
13 32 24
1 15 99
41 51 104
6 30 26
5 47 20
26 12 127
45 51 19
8 31 185
31 31 161
50 44 26
46 3 137
10 25 196
43 1 40
7 14 29
4 37 84
15 7 165
44 21 175
5 42 95
42 11 183
40 18 91
1 23 119
24 29 86
5 42 119
9 6 73
19 3 93
9 36 56
34 29 174
18 33 161
9 6 8
13 47 74
31 9 96
8 37 125
47 13 116
37 47 129
44 40 110
9 28 62
2 26 37
37 24 25
22 44 92
31 21 87
30 24 163
45 17 16
29 50 46
18 21 188
48 4 92
31 21 82
22 49 104
33 3 119
5 28 176
45 22 57
18 29 162
30 42 103
3 44 17
45 32 77
52 13 43
54 10 183
9 40 176
30 41 181
28 3 80
29 21 69
43 3 75
32 20 157
34 52 155
47 7 12
10 12 157
10 30 115
38 30 22
52 15 162
16 32 44
32 15 67
6 2 91
26 15 125
10 6 57
24 15 159
42 6 150
20 17 125
26 8 155
23 31 112
33 35 26
42 6 56
29 30 168
33 14 167
2 48 22
48 16 102
30 12 54
35 33 137
6 4 119
36 36 175
4 47 113
35 27 88
50 3 106
20 16 183
5 49 168
32 4 73
32 9 136
22 20 8
11 6 93
39 43 152
12 22 20
41 28 169
25 8 151
5 49 7
11 44 73
11 21 6
21 1 126
23 16 166
7 1 24
24 27 190
23 5 15
24 35 58
30 54 137
33 2 126
13 4 10
25 14 106
6 22 8
45 47 176
33 46 65
3 16 54
11 3 41
2 21 177
44 23 95
26 46 24
13 52 76
48 51 35
21 50 137
33 16 55
5 1 44
3 37 133
17 2 142
34 12 33
39 16 79
2 36 117
53 24 62
47 16 90
36 19 168
5 30 94
15 16 182
44 6 13
13 54 194
18 19 70
42 49 103
15 20 54
35 11 68
18 12 48
12 36 156
33 20 100
4 44 155
12 18 103
11 37 118
32 39 87
49 51 158
9 9 44
39 43 8
49 35 175
52 10 168
14 30 66
6 8 104
18 15 42
8 48 137
9 24 43
46 49 133
16 41 8
52 6 78
9 17 38
36 47 158
54 30 89
46 3 153
2 26 7
45 51 101
27 53 175
46 3 116
29 19 68
28 42 107
9 42 112
13 44 34
54 2 90
20 2 195
36 2 86
53 5 19
52 25 149
30 3 123
30 5 166
45 43 175
2 42 37
26 37 28
23 47 19
13 40 169
21 51 35
15 24 57
1 43 66
7 37 76
18 32 96
52 42 9
15 34 142
6 13 141
46 19 107
21 54 49
15 22 17
17 39 55
54 19 76
12 27 114
4 16 94
48 37 114
33 18 29
42 39 51
17 22 167
23 40 49
6 36 46
11 18 46
46 37 19
32 36 72
50 7 79
48 13 176
9 34 150
23 29 85
53 19 55
51 46 80
45 39 121
29 29 42
33 46 104
42 19 10
49 51 42
22 26 56
10 44 73
54 50 12
27 25 49
26 27 59
42 42 96
23 16 146
50 31 63
17 14 80
19 39 35
45 28 108
38 29 80
54 3 114
12 23 82
12 47 35
23 40 62
39 19 189
18 18 168
40 28 63
26 48 159
9 22 196
32 51 191
26 39 130
29 4 117
39 31 126
32 30 121
46 19 116
13 16 85
16 21 6
22 23 51
50 21 163
43 20 131
29 37 66
32 13 52
49 32 128
38 14 11
9 43 60
33 3 189
16 33 36
43 37 109
18 17 54
34 52 155
10 22 59
6 29 37
6 25 52
19 13 110
42 16 91
34 36 35
20 14 70
30 3 81
53 53 183
9 44 24
14 18 155
33 14 139
42 1 123
43 50 149
48 46 146
36 37 66
17 20 136
14 35 20
41 34 109
38 4 138
24 50 160
47 43 66
8 51 89
3 4 28
38 48 17
14 1 103
26 20 65
35 25 157
12 27 32
11 27 194
15 33 65
30 37 120
17 40 75
29 17 66
11 47 87
42 46 112
49 5 191
30 11 190
5 34 34
16 24 160
46 6 1
44 8 7
33 30 36
26 20 145
31 41 119
34 2 10
21 51 143
19 53 59
54 11 74
39 28 22
4 35 154
12 15 43
51 16 177
4 3 130
9 46 58
48 12 160
11 3 79
25 30 55
16 50 98
51 26 136
2 17 76
15 8 83
1 3 33
18 2 145
12 34 150
14 34 184
54 10 185
45 14 174
45 25 164
39 1 139
15 23 157
50 32 83
24 22 53
13 14 137
47 26 53
5 16 83
22 32 86
9 19 171
20 44 193
49 19 50
11 3 147
12 51 43
27 11 182
6 12 132
29 7 194
19 48 164
52 6 56
31 14 194
23 12 50
25 29 153
15 17 89
25 9 71
54 35 180
41 46 63
42 36 101
27 10 147
39 44 111
34 29 115
46 49 42
54 32 76
6 28 29
23 48 69
47 18 183
15 44 33
18 25 61
8 22 62
1 27 45
19 16 150
39 31 62
30 3 186
34 16 42
1 30 79
10 49 30
8 28 85
48 38 171
35 18 24
37 46 18
36 51 163
8 18 11
25 10 148
27 5 23
1 24 18
2 53 172
20 31 167
43 53 70
44 20 104
4 48 176
37 14 14
29 17 120
9 11 78
13 48 138
18 9 185
47 1 184
31 21 181
47 14 104
49 39 2
24 37 144
18 47 35
6 54 86
21 8 192
22 29 51
2 7 157
25 50 143
54 9 115
37 12 112
19 43 76
8 42 67
41 53 44
27 26 193
16 20 43
16 25 34
23 3 167
23 22 171
33 15 32
52 39 78
2 35 75
47 14 75
38 20 195
54 8 195
33 16 59
22 37 42
42 13 58
40 30 49
35 44 17
40 31 102
32 38 85
10 25 111
19 14 12
32 46 174
32 38 174
26 3 160
43 20 183
20 19 121
5 9 72
29 9 83
37 6 30
35 33 3
5 48 63
27 27 112
11 27 96
19 47 124
26 33 177
2 9 133
3 23 127
22 21 115
36 20 166
28 16 162
9 35 52
35 38 180
11 6 74
29 39 183
5 32 178
30 33 158
5 28 66
37 49 151
41 4 114
27 33 114
40 41 154
34 36 23
49 28 76
39 5 188
5 35 8
29 46 51
43 13 102
45 11 28
21 47 81
7 5 68
52 36 93
40 29 105
28 41 61
18 49 122
12 35 70
27 44 188
45 41 64
41 48 31
24 53 21
48 45 69
24 38 102
23 41 88
22 34 40
26 33 144
40 44 139
46 36 85
3 7 11
54 49 82
32 26 155
29 42 39
30 25 153
31 25 19
45 20 64
30 4 186
4 45 16
29 47 21
47 33 135
35 23 87
21 17 10
38 8 24
20 52 154
32 26 64
13 26 97
33 33 108
29 27 19
35 12 39
22 4 138
30 43 49
2 51 3
23 47 100
34 5 171
12 31 163
14 30 126
35 23 155
16 3 58
24 22 42
24 4 46
6 4 109
16 36 155
37 32 127
47 21 89
46 33 143
16 27 12
54 4 126
31 3 146
41 41 167
19 22 150
33 13 149
36 4 29
44 47 71
34 18 133
4 29 106
31 41 40
25 47 58
5 8 3
4 43 105
12 10 134
3 7 178
37 36 188
23 39 155
48 6 3
19 22 155
14 34 38
14 42 143
51 34 58
8 38 16
2 3 101
51 1 74
50 14 24
52 22 96
51 27 144
43 44 46
15 47 20
25 32 124
51 38 89
13 13 81
50 7 123
33 30 25
7 52 41
19 17 2
41 9 20
16 9 40
5 27 156
32 24 129
16 26 168
41 47 119
29 27 49
35 1 34
13 15 174
38 6 95
9 6 121
4 17 4
39 39 183
54 24 15
36 35 18
24 37 100
26 40 113
15 45 6
43 29 133
8 28 22
39 33 152
20 50 137
34 48 188
31 37 56
12 42 140
53 13 11
28 50 160
21 3 29
50 31 172
50 15 47
54 30 95
2 5 124
8 32 141
37 28 174
14 48 96
31 1 164
33 33 158
39 23 81
37 36 70
39 2 189
44 4 61
21 19 167
40 25 91
12 54 128
29 41 157
7 4 165
43 26 110
48 31 131
39 29 178
37 8 82
42 21 81
39 13 57
15 31 105
49 48 115
3 42 83
4 28 80
42 24 135
44 1 29
14 48 13
32 38 124
26 36 170
18 37 130
48 54 162
43 47 40
50 24 139
5 13 139
25 13 112
46 24 87
53 28 56
5 49 100
23 36 147
45 44 56
5 25 90
41 1 161
33 51 28
50 13 14
3 53 53
2 46 171
46 21 137
27 32 21
3 46 118
21 12 183
31 27 22
4 31 119
32 42 91
38 24 24
6 37 55
21 40 111
19 41 97
34 52 159
40 11 139
5 30 25
24 46 143
15 29 45
15 3 60
51 54 196
39 38 114
35 42 134
43 35 100
35 44 34
42 9 196
26 12 34
20 54 153
48 36 80
51 51 11
50 39 139
22 7 14
54 50 77
47 18 91
35 8 22
18 16 82
53 27 154
30 26 194
10 16 169
33 37 102
36 11 97
34 8 26
31 32 183
32 12 166
18 30 24
18 20 59
14 27 165
17 14 186
28 37 157
25 48 116
51 24 196
26 2 64
3 14 100
41 52 11
9 21 162
21 27 7
24 25 101
16 6 23
35 3 28
3 13 29
34 13 102
24 19 156
7 3 178
36 41 90
42 40 34
14 35 67
6 52 138
4 5 61
42 38 80
18 34 136
51 12 83
46 13 193
32 14 183
51 29 171
24 17 24
9 23 140
1 54 1
37 17 171
49 13 109
33 4 129
37 42 130
27 16 25
39 52 182
39 25 86
54 37 153
38 52 120
31 38 19
21 14 22
31 36 28
4 20 136
52 51 111
52 16 183
41 54 152
26 31 169
26 14 61
38 5 186
33 19 183
38 14 99
26 23 53
7 19 121
40 34 136
33 37 196
45 22 192
9 39 114
30 52 170
26 54 55
43 40 104
22 2 74
25 45 151
20 33 1
40 30 107
42 45 108
14 46 120
28 47 154
17 27 14
41 10 150
47 42 82
40 35 18
16 49 20
13 27 65
8 47 36
20 19 70
24 43 175
2 47 32
31 27 154
19 5 134
40 46 39
47 23 73
17 28 157
54 28 156
7 7 38
5 17 174
32 31 11
47 1 165
11 41 143
30 45 6
30 37 51
13 46 32
18 2 133
33 41 101
15 48 100
5 8 102
11 31 151
5 48 54
4 26 162
20 4 50
7 50 155
53 46 74
46 16 37
33 47 57
5 26 86
40 54 28
23 31 36
47 21 60
28 52 9
45 38 162
10 48 163
38 30 155
25 19 119
10 21 141
36 33 122
52 52 17
3 50 166
53 53 191
2 25 155
54 52 168
49 43 188
24 51 171
36 49 6
44 26 1
31 31 194
19 37 28
4 32 55
25 3 53
23 39 143
50 26 98
19 38 99
24 4 194
34 11 64
12 24 123
7 35 76
14 49 5
54 23 113
50 30 14
13 17 81
8 46 117
42 20 62
54 32 142
11 43 110
50 18 22
7 12 26
3 50 130
42 31 76
12 32 166
14 3 176
35 17 67
7 18 195
31 44 81
23 4 72
24 48 88
7 27 26
35 38 94
9 43 115
5 36 151
18 38 136
52 48 143
41 49 123
33 3 51
34 5 64
4 9 77
37 11 3
2 38 34
30 11 13
12 38 23
5 6 120
33 14 142
27 37 85
13 6 37
10 13 146
10 46 93
6 16 72
22 17 59
7 47 152
4 20 69
25 29 141
32 34 25
52 8 159
38 5 186
30 19 35
3 31 51
4 23 132
15 45 164
17 38 38
17 5 187
52 53 148
20 43 89
23 28 26
53 38 92
9 37 106
46 23 61
9 33 132
35 22 193
29 26 75
26 21 131
16 32 88
1 5 18
42 48 11
8 45 8
51 29 12
52 2 105
15 22 38
9 16 55
15 6 87
43 29 80
43 38 178
47 45 174
39 52 99
43 18 7
9 9 74
26 13 105
11 49 145
35 1 95
34 2 84
32 35 162
6 7 57
21 10 145
32 48 13
4 2 192
9 10 19
50 3 104
29 21 193
43 26 161
28 51 147
29 1 4
17 6 62
19 19 22
2 50 191
18 13 167
25 37 21
20 51 57
8 28 77
30 30 12
11 16 158
47 45 142
1 47 117
33 40 18
18 29 28
25 28 25
20 35 159
6 35 111
17 46 115
22 43 30
9 26 94
46 13 86
36 14 182
5 37 121
4 35 14
34 43 162
32 25 143
13 26 4
2 23 24
25 52 15
9 34 182
51 4 13
39 27 144
49 8 149
6 18 141
46 7 99
1 21 162
21 32 173
17 30 45
52 14 175
27 49 181
51 45 112
18 46 155
41 1 55
35 1 85
25 52 33
25 9 40
33 51 136
27 21 56
35 31 121
32 22 167
8 51 16
43 44 7
3 22 151
44 24 186
12 41 37
34 14 129
30 20 58
33 37 15
41 15 107
23 22 47
29 41 125
32 54 21
32 52 188
2 21 134
18 6 144
36 48 152
6 53 68
22 18 92
47 31 38
5 52 149
49 15 133
19 34 181
35 53 74
30 37 190
31 26 184
27 38 119
51 47 157
7 38 12
10 30 103
3 28 2
4 49 184
16 35 9
6 11 122
32 24 14
51 7 53
28 51 113
26 4 87
33 17 37
37 35 117
50 3 147
14 43 41
17 7 57
8 41 53
19 39 7
3 33 63
41 4 102
1 4 65
11 19 191
4 43 71
43 19 191
24 1 31
43 43 81
53 52 49
53 34 101
19 30 166
53 45 10
50 25 33
5 43 195
15 52 30
3 43 102
25 27 151
38 8 122
28 11 137
48 2 175
40 22 149
21 28 160
22 33 79
45 2 16
39 45 158
33 2 106
9 15 20
34 35 117
10 41 114
2 29 4
10 7 123
45 8 161
9 23 145
43 44 93
48 53 78
31 15 111
48 47 170
54 37 92
1 32 131
17 34 123
37 28 39
14 44 194
52 43 41
33 41 1
5 19 85
21 45 60
49 29 181
27 1 99
33 9 25
53 21 117
39 33 19
25 16 11
25 7 177
2 13 35
18 31 178
47 54 127
8 9 60
49 18 69
16 31 102
20 48 96
27 21 117
1 8 155
41 11 96
4 20 37
34 15 41
48 28 144
3 25 173
33 41 121
41 2 30
13 18 53
54 23 149
34 26 108
49 53 73
44 20 53
51 32 146
2 38 86
48 38 135
44 32 13
51 51 167
40 20 127
38 12 31
44 49 27
6 47 76
33 23 136
6 52 114
53 54 100
24 16 43
31 48 67
30 46 68
3 4 113
48 10 117
24 20 102
49 2 77
12 18 13
32 47 4
15 23 193
8 45 73
51 52 18
54 35 84
13 34 159
51 15 29
52 5 51
32 19 16
39 50 125
35 49 142
42 5 8
34 44 15
52 30 47
54 40 176
11 6 149
39 3 149
19 21 156
54 51 187
29 9 20
2 15 74
6 54 62
31 38 141
7 18 59
34 16 167
49 28 85
40 31 92
13 45 141
1 19 98
34 48 127
29 34 69
28 15 189
29 53 51
53 31 61
30 29 26
50 41 179
41 48 139
20 42 137
21 9 145
49 31 84
13 49 174
1 35 49
20 8 56
37 43 1
39 6 25
51 7 186
30 18 7
49 41 57
22 47 180
49 20 13
15 54 59
3 5 135
52 3 191
39 7 75
33 54 86
33 19 47
45 10 12
41 5 57
6 46 4
37 22 30
2 3 183
10 32 148
3 25 107
32 18 139
40 35 160
25 17 17
5 42 79
19 1 18
27 21 11
34 5 89
50 26 175
22 47 3
50 25 93
34 36 45
44 11 142
25 21 177
15 49 187
11 35 8
17 8 49
28 12 181
17 14 123
9 15 175
54 38 37
27 2 114
29 28 7
39 12 135
32 17 158
26 24 15
44 9 2
15 53 109
44 42 84
30 19 194
15 16 1
51 29 56
3 36 125
24 5 69
40 42 73
45 34 7
25 13 132
29 39 164
9 6 32
5 21 43
19 27 161
30 13 42
38 17 80
12 15 81
11 29 167
51 13 97
33 26 137
18 41 42
12 20 86
32 35 159
3 47 169
54 40 4
22 45 168
6 3 6
42 37 86
24 49 95
26 46 121
2 6 57
4 3 195
17 33 104
15 48 52
25 51 64
22 28 10
44 53 44
21 12 72
18 10 179
15 14 10
39 11 27
16 45 68
18 30 154
21 21 122
37 45 141
45 40 64
52 45 196
12 26 176
33 10 52
54 34 154
32 38 109
29 14 125
13 51 51
47 53 181
39 36 7
23 1 149
14 13 134
37 54 121
3 15 113
2 54 153
2 4 151
19 10 90
26 11 105
9 14 80
27 14 178
4 11 21
37 39 71
28 41 51
16 31 122
14 1 21
31 28 59
20 41 78
44 10 170
13 28 150
9 23 53
36 25 182
46 1 165
7 53 26
11 45 175
14 3 42
37 48 140
7 38 181
13 28 174
36 30 174
21 37 78
4 22 67
46 2 193
29 38 65
31 49 188
31 21 103
35 54 36
42 27 75
20 2 76
37 8 66
8 38 69
30 17 167
25 29 87
16 49 168
45 8 178
33 38 187
23 23 137
52 26 114
40 1 73
16 20 115
51 14 160
54 17 23
17 9 57
7 3 30
34 49 184
3 11 16
40 43 132
26 8 52
4 43 179
29 31 64
29 51 90
41 42 116
7 5 147
44 18 34
36 54 121
31 42 27
50 16 75
43 9 122
19 12 152
2 37 78
37 24 159
27 24 61
20 38 161
39 13 138
49 49 48
41 54 127
8 3 43
53 11 146
11 54 154
10 6 114
16 13 15
37 36 54
25 13 78
21 30 93
9 18 46
17 35 34
44 13 71
10 27 11
38 17 169
35 6 154
50 52 123
23 23 150
31 33 191
20 47 108
48 15 38
10 36 98
8 36 188
13 3 44
52 47 91
45 51 175
42 53 19
9 42 138
11 51 75
22 21 46
51 8 118
7 3 190
53 34 171
2 15 27
43 14 57
8 37 135
7 33 117
36 20 124
15 8 146
46 42 148
44 23 146
27 49 43
39 50 73
41 28 136
29 37 20
44 43 3
44 19 23
54 30 94
33 30 120
29 5 118
24 38 28
25 44 87
36 27 108
9 39 13
25 52 185
44 33 19
22 49 164
48 47 81
28 27 160
51 33 148
5 16 40
18 45 189
42 43 53
30 23 104
34 17 127
3 17 157
33 40 167
47 19 69
38 15 168
18 29 180
27 20 82
41 44 11
23 32 12
23 34 93
51 49 158
5 26 68
36 16 134
40 53 176
41 15 114
43 16 56
27 4 84
50 27 151
16 53 111
16 42 96
3 37 158
7 29 128
44 20 190
8 1 34
38 29 83
39 26 110
23 53 29
3 23 131
10 43 27
29 19 124
3 2 169
54 49 96
2 41 196
14 52 113
52 46 83
34 49 192
3 12 66
40 5 69
49 21 144
36 21 192
37 26 101
4 47 141
26 42 38
13 40 35
1 54 27
6 19 32
38 26 105
7 36 19
24 20 136
20 12 130
34 53 88
53 11 13
25 19 69
6 9 132
34 20 168
41 37 44
41 36 192
34 38 48
3 32 104
39 35 151
25 36 179
36 50 158
3 52 164
7 53 97
51 32 18
23 54 15
17 24 166
13 50 60
39 42 116
16 3 32
51 36 49
50 41 22
15 22 46
30 12 186
21 28 135
29 45 16
22 5 65
31 29 30
35 52 188
47 34 37
27 28 62
10 29 141
2 12 24
34 8 19
4 24 35
50 2 178
34 19 30
43 49 45
15 28 11
47 5 105
26 45 60
5 47 185
44 38 68
33 31 103
4 5 47
34 39 17
38 31 161
50 51 7
51 31 22
47 47 41
15 38 138
28 8 170
44 41 2
43 21 82
5 8 85
21 43 4
47 34 41
48 27 66
34 38 109
27 53 76
4 35 140
5 24 155
36 15 103
31 49 116
16 51 140
17 16 90
9 8 39
51 43 106
19 41 146
53 1 109
19 17 33
4 50 115
1 2 45
26 25 66
36 17 100
37 2 71
21 30 65
22 44 2
24 40 167
45 17 195
46 11 195
4 35 33
42 2 35
28 25 93
20 32 115
44 16 94
32 24 72
47 45 154
30 33 54
35 4 93
21 50 184
34 22 29
42 40 133
44 4 83
35 26 112
20 49 174
6 44 78
39 29 178
48 29 143
21 34 74
14 8 86
23 26 176
47 5 2
16 27 104
3 48 86
47 43 42
18 26 145
11 15 43
12 22 52
39 3 184
16 20 65
26 38 105
48 26 15
27 5 5
19 43 136
33 34 50
51 47 182
49 16 14
16 51 124
29 17 136
41 2 97
5 33 91
46 45 159
47 45 2
1 21 88
42 49 73
33 1 83
7 25 17
28 24 141
14 8 89
26 1 122
47 29 158
12 36 51
12 22 111
41 25 93
22 30 54
16 6 138
53 52 36
21 5 87
43 27 96
24 23 56
10 26 73
35 43 85
11 15 158
36 24 162
27 33 186
49 36 19
36 38 171
49 17 23
29 46 86
40 50 192
9 46 113
6 42 24
50 8 96
23 45 119
48 6 156
19 14 147
10 26 102
46 4 145
2 51 37
35 36 108
49 44 92
22 17 23
44 14 179
52 19 165
7 1 140
54 16 156
46 36 53
9 22 152
1 21 173
53 28 159
25 47 96
45 27 63
28 41 66
16 25 174
22 48 142
20 1 24
51 11 5
39 28 129
25 29 154
23 6 66
44 35 73
5 50 17
8 12 91
42 20 71
15 11 19
28 27 41
1 3 60
28 15 7
22 39 191
18 44 68
15 22 77
15 22 59
50 12 193
41 40 166
47 30 59
22 27 173
21 24 87
47 9 164
19 53 25
41 45 12
13 37 173
32 9 88
5 6 29
46 54 187
51 27 175
26 40 28
51 40 111
18 8 77
18 30 24
42 2 4
19 33 174
14 12 49
24 54 62
8 38 19
32 15 167
46 3 103
14 41 122
21 1 160
36 6 128
21 33 43
52 3 13
33 1 167
47 23 69
32 28 152
4 24 63
45 7 193
39 34 170
16 17 130
17 26 175
46 37 165
15 51 103
9 27 177
21 16 28
32 11 140
24 45 18
26 33 130
12 51 10
42 9 117
51 47 18
51 32 95
40 35 92
40 25 91
21 4 105
19 41 40
44 34 23
30 48 101
16 25 64
49 34 77
41 14 134
5 20 166
25 8 66
35 18 54
17 23 46
8 51 29
47 33 62
24 43 103
37 36 49
43 15 164
49 20 183
17 27 196
43 16 102
50 4 177
33 53 128
40 33 128
16 28 113
43 3 163
8 35 13
37 21 162
52 48 160
14 24 34
45 30 33
25 51 21
43 37 180
21 15 104
32 3 101
4 12 161
27 51 170
31 54 61
31 20 88
4 20 194
26 28 125
2 3 137
18 44 3
4 42 93
52 1 107
30 34 40
29 1 170
42 17 73
33 33 114
16 45 29
12 8 150
6 36 78
34 39 47
19 48 81
18 43 126
54 26 116
8 25 24
17 27 154
23 20 189
45 29 105
13 5 34
36 15 111
37 15 173
17 43 189
26 23 115
11 11 83
54 7 177
4 37 186
43 26 3
52 32 65
39 8 2
20 39 170
54 47 5
47 28 86
3 8 8
52 18 24
19 6 128
20 33 49
12 27 182
37 46 56
28 31 128
5 1 154
48 19 119
34 32 75
20 37 132
11 40 39
42 23 96
25 34 61
11 6 150
40 17 141
33 21 142
4 46 174
38 54 92
27 14 77
32 4 105
29 32 95
1 52 103
40 36 6
42 11 184
31 25 194
30 51 139
41 43 97
48 13 163
32 26 125
46 36 151
20 4 141
16 25 162
6 39 187
49 36 160
49 29 80
9 14 181
21 33 6
50 23 164
6 19 16
46 51 174
32 29 40
26 6 2
23 34 38
16 45 129
1 6 76
47 46 136
46 24 9
51 24 88
43 43 4
39 5 112
52 30 64
41 52 78
25 28 114
21 48 108
32 11 119
6 14 159
7 6 163
2 3 76
32 11 111
20 47 135
53 40 115
27 13 48
41 9 124
36 11 149
35 41 185
52 18 176
41 46 135
29 27 185
39 13 126
21 29 178
2 51 33
33 35 24
23 33 112
35 28 1
3 46 97
22 33 159
52 37 100
39 22 189
14 23 1
25 42 125
8 14 13
18 21 152
47 47 75
39 45 72
43 40 84
23 5 104
23 47 102
46 36 170
28 16 52
26 44 144
35 28 169
53 30 90
48 11 50
28 14 150
27 35 135
44 27 119
13 48 115
28 40 34
29 39 163
10 14 168
28 18 146
11 44 131
49 54 124
15 31 119
36 43 37
47 14 67
17 9 191
39 46 70
13 10 39
54 38 106
21 41 94
18 5 104
42 18 11
25 34 184
23 17 126
7 14 6
44 3 5
48 9 59
54 11 190
26 44 3
13 51 171
46 11 188
5 27 144
34 26 24
6 18 170
51 9 154
31 6 107
54 14 53
3 40 2
38 2 74
23 33 27
23 17 18
40 22 152
14 12 159
4 12 57
12 47 183
39 11 128
24 4 70
22 30 118
41 13 121
35 40 4
52 16 103
9 35 99
15 43 93
36 8 168
54 46 41
48 4 180
11 16 156
1 17 45
17 11 25
43 51 127
6 27 51
52 53 92
51 30 154
17 13 18
25 43 35
44 27 185
26 45 121
39 53 53
36 17 64
40 31 46
2 34 144
10 23 179
23 42 88
49 17 170
38 27 146
41 49 130
36 52 27
19 48 171
43 6 157
17 19 159
2 28 97
16 19 193
10 40 136
46 17 145
26 36 99
21 1 58
33 19 16
24 16 99
28 17 81
10 37 5
54 18 17
17 31 83
33 10 36
33 9 103
24 4 60
39 32 194
38 40 98
20 11 133
46 47 100
22 26 57
38 46 109
48 19 164
3 48 108
13 5 13
18 2 151
49 5 69
30 6 19
42 34 161
51 21 112
50 11 69
11 28 57
16 20 111
30 48 193
21 13 97
46 39 76
42 13 156
30 17 144
50 5 116
34 54 121
29 18 154
18 8 115
29 7 10
9 13 17
15 9 131
37 35 58
25 23 113
40 17 104
45 5 18
13 13 74
40 2 41
9 41 128
34 45 46
28 39 55
25 4 44
44 10 39
10 4 125
25 7 38
23 37 32
52 47 3
39 50 15
54 27 96
40 4 82
8 18 179
20 29 112
41 51 85
14 38 121
4 6 88
50 15 190
52 51 185
2 32 27
46 10 45
6 25 61
29 19 46
40 41 160
13 36 70
11 40 17
21 24 140
2 17 127
54 2 185
38 11 103
25 27 164
31 45 122
45 40 22
18 1 139
52 44 169
21 19 62
1 37 49
10 20 27
42 22 70
17 30 82
3 45 94
33 41 75
49 13 158
14 40 185
16 4 166
42 21 71
13 7 64
40 37 101
1 23 86
37 24 61
53 50 93
10 2 191
24 29 132
1 15 9
24 51 124
14 40 136
27 41 27
20 1 87
18 15 87
43 9 142
40 12 131
36 39 187
6 43 169
52 30 149
9 28 146
3 20 26
32 35 31
22 50 76
17 35 25
44 11 174
40 36 121
42 44 187
48 7 82
42 6 94
20 42 191
37 20 163
42 48 188
14 16 93
33 47 149
52 24 111
9 30 126
35 10 18
6 41 37
37 3 23
6 16 52
43 23 180
42 22 113
52 39 137
10 49 93
23 14 57
44 6 102
50 36 196
46 5 143
16 3 24
50 47 34
2 34 141
13 5 91
27 2 69
37 48 101
11 20 166
24 40 19
46 23 132
44 11 40
47 32 7
32 21 1
49 5 194
45 46 34
3 24 191
12 47 114
51 19 46
38 37 88
17 27 160
50 27 44
6 24 38
24 31 6
38 2 16
24 52 48
5 28 12
13 23 107
46 35 113
20 6 39
54 23 171
18 49 58
22 24 163
15 52 191
36 13 51
17 4 191
39 40 112
27 10 166
24 42 40
15 20 164
9 29 66
9 35 134
16 8 74
6 35 20
31 53 190
44 44 50
44 14 170
39 16 109
30 4 180
28 7 189
15 25 104
22 30 78
37 19 175
13 40 32
5 30 15
11 50 147
35 6 56
21 41 23
2 6 86
2 9 92
16 18 86
3 2 11
36 35 30
13 51 91
18 1 88
22 34 48
37 23 180
44 40 172
44 33 2
50 40 59
18 54 84
2 3 175
1 46 57
2 4 23
8 31 180
42 22 97
12 49 160
11 13 29
40 11 179
52 45 186
13 11 24
40 47 183
41 7 61
23 35 157
26 8 192
15 22 83
31 36 53
13 2 47
37 31 122
14 41 35
23 13 73
19 17 48
42 47 65
36 23 187
7 27 61
26 20 29
7 30 141
52 38 130
41 46 150
54 12 103
41 16 32
12 1 70
52 38 91
36 36 40
9 13 129
25 18 108
34 37 42
21 12 49
10 1 120
12 12 2
18 48 65
42 50 167
44 22 1
33 30 90
20 14 143
22 11 64
7 47 9
50 53 175
35 3 55
13 28 152
21 10 160
12 16 28
3 8 186
5 47 86
52 38 160
46 15 95
17 12 155
25 3 138
16 12 44
2 32 96
14 33 181
6 29 151
3 38 96
31 7 156
22 35 178
2 10 165
7 15 13
6 14 39
38 44 94
14 34 7
26 40 106
40 32 15
35 10 21
25 1 194
35 53 129
43 30 179
51 1 74
54 39 168
25 9 41
21 36 54
39 30 31
26 2 90
22 52 9
30 11 143
23 54 144
20 29 81
36 17 56
18 47 76
20 23 75
30 6 102
42 31 69
36 51 43
37 30 128
33 40 117
17 53 16
2 50 149
23 15 179
26 24 112
46 24 187
31 12 157
36 5 127
25 24 112
49 35 104
36 18 161
6 2 30
51 26 182
47 22 170
40 7 53
43 50 154
12 15 178
44 26 128
13 48 47
32 15 119
39 45 28
40 27 39
49 23 40
25 49 133
41 49 120
46 30 51
39 9 32
40 53 40
16 26 18
14 39 75
12 29 161
27 34 116
45 5 167
7 16 162
24 25 123
37 10 118
21 35 84
38 17 156
4 30 19
26 31 50
1 44 26
22 6 52
54 1 69
6 21 147
50 36 4
41 41 126
30 50 113
11 50 143
20 10 21
42 12 65
31 42 145
7 4 97
49 1 143
39 4 90
15 46 109
12 6 62
26 3 179
52 49 12
50 5 120
18 2 26
36 22 138
11 49 38
13 5 11
34 4 91
30 28 130
25 38 55
29 21 196
24 8 14
7 17 150
11 48 77
53 44 95
5 2 144
47 11 70
30 53 9
50 3 30
3 3 170
2 31 135
45 36 127
49 20 36
13 17 34
2 18 81
16 45 128
6 48 8
34 9 162
28 13 24
41 52 165
30 16 97
42 50 132
1 14 90
49 19 99
17 31 49
1 51 176
26 41 78
2 17 168
34 52 2
14 16 131
22 6 108
2 1 22
24 40 159
44 33 143
12 24 58
2 43 94
25 43 111
35 16 110
12 35 23
5 45 67
43 37 23
9 41 125
54 16 14
49 35 107
12 10 130
19 34 28
50 32 99
26 16 35
5 9 11
16 9 185
31 22 156
22 34 191
19 25 97
46 4 161
26 28 141
22 11 160
8 38 31
13 4 143
33 13 195
27 13 30
12 43 115
33 45 110
2 47 127
8 30 29
48 41 146
1 44 195
23 54 133
13 17 150
29 2 55
4 1 162
47 21 162
29 8 126
13 24 159
15 21 82
39 20 97
25 45 145
