565 6382 172 184
685219 927091 797379 130036 465053 488845 860087 890279 589410 434723 821205 263829 802494 903229 440084 665268 29694 755832 819433 987782 326929 87742 291777 102062 200836 790221 305412 900246 268598 963973 350376 185960 437501 833881 263831 570732 596992 159338 879034 524100 643800 503622 322231 831218 694475 884484 20680 151437 857813 117090 427166 626029 420682 520053 352060 131449 236600 62584 855302 250970 974791 115245 318319 539480 843650 36119 524465 283936 140020 591056 637056 66562 637228 10723 863536 214659 838278 379884 164064 152822 612834 681992 372798 44595 808842 260597 628923 742322 757359 430668 113634 823815 430955 319814 74384 944996 109100 496476 902864 694242 383629 79650 798317 830231 240466 421950 183195 125741 513786 94735 587538 839245 828784 488564 124443 460153 759116 432012 301278 312269 718285 937282 565558 184407 882514 979168 762592 821996 940757 374454 985928 307737 747622 689490 534136 481983 191730 70124 882075 550490 91309 458682 571264 756585 277947 722431 979879 784185 657187 320896 764864 439628 528769 706297 695472 933787 605792 850082 478928 983432 428709 697112 667439 151525 510258 459237 58150 780669 861919 947526 480588 772436 442475 106002 671825 869000 671662 471004 960929 996055 388690 848123 462133 992286 553349 748238 220374 496873 289727 422994 209243 962158 446382 6686 517098 802270 619742 698236 445000 263705 749354 948561 309017 394438 94508 455100 233868 435888 660470 759980 168726 753727 550587 222813 61306 248191 543384 779296 674991 931668 758449 641000 992827 873840 407176 201430 578771 99803 989470 87391 881020 332194 946806 667445 184940 759018 345039 81779 53223 987028 941139 506905 82419 915718 145070 454882 101524 776510 695764 314972 624579 924362 802941 320776 21317 666486 641964 701043 816251 414536 453050 395703 124068 338692 616991 925378 192911 646851 262091 709058 972029 665185 770302 217711 270634 711037 537369 40272 889899 833493 263236 375768 842358 701735 276155 629423 859263 953789 691637 718342 386280 63623 849635 830287 413045 6281 287709 638066 989527 693414 296636 904462 251014 512008 334596 659776 990433 836694 633856 470764 47523 642648 749162 249700 192093 693212 408978 862147 617631 380700 632617 991286 469217 305142 821588 50687 411881 104795 716540 783486 318384 166466 117980 144437 466714 87632 903841 798322 622923 878699 480168 45548 271594 609827 776712 623271 720433 425764 447906 601638 428447 534908 846921 815531 871240 928834 881822 104950 342637 905163 707438 263884 176216 717344 394056 254654 897552 500463 506590 834091 161256 130257 588512 244 601961 933545 521196 840026 202706 366770 958873 135086 973955 877541 711783 15840 72585 797505 324942 549457 716986 476480 854406 545399 601612 635082 352239 716749 423391 497924 596520 423190 550837 355275 354674 868088 633530 974053 203319 995270 394013 523456 974584 438973 999554 418111 612699 209061 67034 35963 993778 485333 292660 187517 298192 224063 760203 642596 590951 19489 961666 156031 1261 536201 140984 697190 688678 417962 11919 669673 305747 780711 953755 106238 647361 138929 167325 537920 346189 611103 73360 452305 845020 511313 198670 285231 673065 685740 815340 256314 550483 217822 801604 27086 269405 839651 440230 849974 745740 72527 590940 994290 147890 39754 907992 278132 73042 92460 302993 710828 696452 739191 829235 215692 75189 533744 403879 939169 711605 194010 771267 783092 80200 77999 760476 162181 842651 580506 54468 956325 806880 527925 3435 51585 673362 448687 767675 766874 201798 866551 55650 872870 557891 122530 99176 332637 103952 811597 796264 462203 688670 379318 845486 399587 197985 488701 603482 586527 784299 99674 431120 544759 526986 443028 987159 39583 914139 331942 523938 184989 200177 152863 813422 690145 262245 639834 248575 277166 811416 668480 232702 738668 284489 197323 329667 819557 124867 316374 585999 957549 947362 844291 684858 339995 358434
246 148 19
34 480 2
295 262 17
116 426 17
63 306 23
120 179 25
165 199 7
238 381 4
255 388 32
112 540 20
136 414 20
30 143 10
308 271 1
71 91 28
169 358 11
238 117 27
521 27 4
457 170 14
312 134 11
104 235 20
549 421 17
192 462 24
232 132 3
353 355 4
519 278 18
451 371 8
392 96 4
302 24 25
333 397 18
374 382 1
457 124 32
64 23 11
450 494 31
277 332 26
207 130 19
185 183 1
502 470 26
159 113 10
414 44 29
465 405 17
497 225 13
553 172 2
479 392 25
389 473 2
80 469 15
512 63 3
553 83 8
273 326 24
536 109 10
178 550 1
472 85 19
34 181 3
59 203 26
379 248 10
478 528 31
550 520 30
139 304 18
281 322 16
221 64 6
199 338 7
360 169 6
220 511 2
552 97 17
445 344 7
238 564 2
158 62 25
326 89 24
308 331 6
7 251 33
25 537 33
377 543 31
393 351 34
339 73 22
41 472 1
249 13 12
172 407 15
428 200 18
564 312 10
339 257 6
191 468 3
203 44 9
260 295 26
180 288 26
409 122 11
528 517 23
463 346 13
319 550 10
32 121 29
316 57 22
117 5 27
444 423 6
413 460 3
417 28 10
226 32 3
377 335 34
43 339 29
132 207 8
494 423 9
198 210 7
310 493 1
545 236 33
531 310 15
388 207 2
510 172 27
413 213 13
60 81 28
540 486 28
558 559 8
103 207 18
332 477 18
136 334 28
197 559 2
496 18 14
425 424 11
142 467 25
432 236 19
10 402 5
302 490 13
167 472 16
98 514 10
389 202 18
231 291 32
242 333 3
102 134 8
108 170 33
334 208 22
104 351 15
316 439 11
53 201 31
71 158 10
21 228 7
145 176 26
349 195 10
558 450 31
258 512 29
278 116 4
441 264 28
323 35 14
263 379 25
564 497 27
557 391 20
200 380 23
434 475 10
368 426 19
399 546 16
7 79 33
509 263 11
377 8 34
198 451 27
368 245 29
338 113 15
523 109 7
152 60 18
272 520 32
529 549 5
412 454 3
175 372 30
96 484 23
393 44 21
494 150 6
492 355 5
112 57 14
553 197 28
252 331 25
500 308 31
296 561 32
498 1 29
343 340 2
451 76 19
540 203 25
302 543 17
560 520 9
524 77 30
427 292 29
79 412 9
26 335 8
71 444 9
493 466 21
514 329 30
539 45 11
376 434 19
542 268 22
144 429 27
358 143 3
490 314 24
89 407 26
420 296 3
91 353 21
123 201 24
90 250 26
204 200 26
298 249 20
535 326 15
306 297 1
171 361 21
494 81 29
26 337 30
166 219 16
540 120 5
107 286 33
313 111 15
502 286 20
374 359 26
410 379 23
399 314 29
289 501 14
197 439 22
68 244 9
232 404 12
413 425 1
408 70 7
121 180 26
92 287 16
399 387 13
353 296 3
225 196 8
423 137 25
22 306 34
51 452 9
533 79 29
158 239 33
310 289 15
403 332 12
501 58 31
271 350 34
563 15 31
57 98 33
71 115 28
63 494 28
105 354 24
341 135 19
419 175 7
418 75 22
181 28 11
252 175 21
404 169 4
272 411 9
282 375 28
352 339 1
400 540 21
440 99 10
557 223 34
552 14 19
235 101 22
1 224 13
96 389 24
502 523 14
262 174 24
11 187 30
31 547 25
108 177 12
134 71 9
51 236 18
517 13 12
201 522 34
172 376 24
290 268 26
204 264 32
145 556 23
482 420 25
171 25 28
372 332 12
415 562 15
243 146 24
288 501 26
73 264 2
506 243 30
250 206 34
416 219 13
5 544 10
450 382 25
126 84 2
501 185 9
561 150 16
314 378 28
141 336 1
468 213 11
450 523 22
193 93 24
84 407 24
329 532 1
22 322 16
129 305 25
308 231 24
258 12 5
76 391 14
227 326 4
27 206 27
151 500 30
449 397 17
353 300 19
105 332 5
157 384 1
252 73 26
26 380 23
220 548 20
142 114 18
84 231 33
354 116 5
439 497 22
358 524 24
222 245 15
324 400 25
536 10 4
351 316 15
557 422 13
419 384 3
523 486 13
436 509 15
92 130 31
327 426 26
114 496 14
552 364 25
15 55 25
521 57 3
434 135 10
141 538 28
105 413 28
91 269 15
426 92 9
236 164 28
74 360 32
207 395 30
41 380 22
203 396 4
513 195 17
525 345 3
230 510 26
555 498 30
94 520 31
146 459 25
34 470 6
78 52 15
307 319 14
76 81 18
59 34 12
476 191 11
87 163 7
211 231 24
190 91 6
136 245 21
44 318 15
346 237 7
371 25 29
495 73 8
544 335 30
6 160 19
515 475 33
372 107 25
253 496 28
381 474 7
491 545 19
84 361 16
553 133 17
64 110 4
111 5 19
248 416 3
448 115 6
553 180 29
438 156 28
88 556 22
73 164 31
489 104 2
374 201 13
422 537 19
105 520 14
90 395 6
546 176 30
440 429 31
551 354 4
135 281 10
9 460 14
151 488 26
531 403 29
366 504 17
456 235 20
18 204 4
44 360 13
390 557 30
241 481 16
395 467 7
459 311 25
428 308 20
522 25 18
120 434 3
304 285 10
322 1 31
22 297 19
68 282 8
157 339 22
235 565 7
313 386 3
243 53 15
70 439 33
372 199 15
150 121 13
4 505 3
330 404 26
446 562 24
231 332 26
16 178 25
407 438 3
302 204 28
368 151 6
5 454 22
232 163 17
208 467 26
30 483 20
200 384 26
415 148 23
79 5 20
474 122 22
12 386 1
226 468 6
444 498 2
346 273 23
374 191 3
385 362 2
64 109 21
485 113 32
539 187 30
336 124 28
380 29 22
447 499 8
189 183 11
279 274 26
166 527 4
168 521 25
38 118 33
49 307 7
155 468 9
400 473 8
482 403 7
312 261 25
86 389 2
184 479 22
551 378 24
375 396 33
156 494 24
207 93 8
278 415 30
381 231 27
539 420 19
344 379 20
193 482 2
185 345 13
499 231 18
321 126 27
156 121 5
443 279 11
276 518 24
409 153 25
417 537 29
280 40 28
363 80 25
427 290 30
386 93 18
359 137 8
417 141 6
11 261 30
36 430 8
241 544 19
443 30 23
457 23 21
475 189 32
39 28 30
22 240 16
123 142 32
489 36 14
133 165 20
273 542 8
57 501 14
251 121 9
435 181 13
427 81 11
236 197 2
241 115 15
1 137 22
306 17 10
110 521 31
502 151 21
550 444 25
96 100 31
86 460 6
440 540 23
24 17 26
138 342 19
426 346 34
452 546 2
515 21 3
165 11 21
186 421 33
168 487 2
128 298 12
265 394 30
467 543 12
331 562 20
412 474 20
122 198 3
176 420 16
515 192 12
391 517 25
51 501 8
390 94 24
254 283 29
516 398 28
85 563 6
301 462 21
553 104 2
166 358 22
348 456 29
111 423 26
92 291 3
230 123 14
184 398 8
87 487 17
506 326 24
495 365 17
129 387 4
106 2 2
66 329 9
544 125 14
523 135 6
314 32 7
76 481 15
557 86 18
362 106 21
42 282 17
549 109 31
510 546 32
319 276 9
132 487 27
343 375 18
488 463 7
524 171 10
147 134 34
250 231 5
393 493 20
503 114 22
393 326 20
138 148 23
84 169 17
344 29 24
206 185 13
496 39 25
15 12 7
426 304 14
260 242 22
4 453 22
477 111 23
504 323 17
423 206 28
88 358 26
264 372 11
331 435 17
29 286 26
541 4 33
481 172 12
429 166 16
461 309 17
116 519 16
522 272 29
40 157 26
537 46 17
473 557 33
182 480 19
42 416 27
404 353 9
419 459 3
469 137 25
185 274 15
91 245 30
162 160 16
64 164 4
53 13 29
440 108 24
229 43 27
145 321 6
85 156 1
358 421 4
22 16 5
171 12 34
18 89 14
258 490 32
254 357 10
153 56 4
248 471 34
394 18 32
252 501 17
305 339 25
482 461 20
108 288 18
502 382 14
73 248 17
201 144 11
11 490 24
218 57 13
307 231 29
44 380 5
400 104 14
340 260 22
437 176 1
282 389 31
276 382 17
517 240 26
133 414 27
444 124 34
97 446 32
264 51 16
383 532 29
186 172 20
274 370 25
482 171 34
8 369 16
341 236 29
408 75 24
186 243 31
364 139 1
319 114 29
193 46 26
497 134 10
410 452 2
360 186 17
454 39 28
357 153 22
97 91 34
293 443 19
280 123 16
454 349 6
44 50 6
515 429 22
45 125 1
114 129 28
343 456 31
438 130 9
284 184 26
396 337 10
443 117 27
482 369 29
30 452 11
486 286 24
386 100 12
301 423 21
130 181 17
326 275 2
30 207 8
322 233 20
529 282 28
421 119 15
175 338 18
212 543 26
163 403 29
426 289 4
199 399 30
140 67 8
45 525 19
259 117 15
373 363 1
206 266 1
273 356 34
10 112 18
343 178 6
26 472 18
553 104 2
10 488 3
219 134 12
179 337 29
331 238 34
495 247 26
341 22 22
114 372 11
58 464 34
509 372 1
17 560 23
356 515 2
254 180 4
416 548 25
161 279 2
304 534 19
201 421 27
401 549 16
521 390 10
240 355 3
107 275 34
124 59 25
543 447 16
407 458 8
245 313 2
138 271 6
298 141 18
413 420 22
444 493 22
551 92 21
491 515 9
319 101 28
384 344 23
222 118 26
172 59 9
21 323 23
419 243 29
55 26 8
188 204 18
503 149 14
504 342 22
505 562 12
201 356 19
266 59 15
285 558 5
140 231 8
531 289 5
151 326 5
3 106 9
346 52 7
285 15 32
183 498 34
373 371 8
67 26 24
555 469 10
299 47 27
72 312 16
130 351 16
220 159 34
58 30 14
423 278 11
443 313 7
472 474 28
370 531 33
310 51 28
49 527 32
135 451 31
114 418 34
495 421 28
560 139 16
282 526 21
462 469 30
142 457 12
11 300 11
516 499 22
87 240 33
265 389 11
383 202 34
444 33 16
260 72 27
500 459 28
34 89 27
270 466 30
505 137 15
487 453 17
518 521 10
53 295 23
193 473 27
196 147 28
170 351 22
18 264 19
158 39 18
559 305 29
58 538 13
431 380 20
268 269 33
260 420 23
368 255 19
215 397 23
179 210 22
430 379 1
418 490 18
344 362 27
147 159 1
288 551 21
559 157 33
51 432 29
193 70 26
556 49 4
307 253 18
436 392 8
175 300 9
331 371 17
389 468 3
460 377 27
565 547 24
491 425 5
545 385 32
237 480 32
513 34 1
494 522 21
153 218 7
456 270 32
430 82 20
501 161 21
90 246 27
218 170 4
422 77 21
232 560 13
458 207 7
498 314 25
461 257 30
413 463 29
389 485 26
464 318 26
422 320 7
119 99 20
292 69 30
80 87 26
77 142 21
237 459 4
495 208 27
134 189 19
247 192 17
348 87 14
77 536 28
512 56 33
407 152 7
562 1 26
47 448 27
422 536 3
180 233 3
115 487 21
189 218 26
152 299 17
435 89 19
321 409 29
505 85 28
15 222 20
62 431 32
79 515 8
215 377 26
507 11 9
317 419 23
549 538 10
410 473 11
324 307 29
454 426 8
265 438 6
443 278 30
196 138 29
451 228 6
38 219 7
460 298 15
455 548 11
420 405 6
293 447 19
192 242 16
125 177 28
112 533 17
307 97 9
458 493 11
321 343 8
470 30 28
142 218 7
293 74 17
346 560 1
233 318 1
22 262 19
380 43 28
254 467 10
381 44 25
411 487 25
486 172 11
466 426 28
462 47 19
11 465 3
537 87 20
350 521 5
541 556 25
283 524 25
91 303 22
119 127 2
314 141 3
511 359 12
350 484 7
20 379 10
67 532 22
306 513 11
200 124 11
321 115 8
479 9 11
414 163 11
335 339 6
197 125 1
506 445 34
455 29 11
409 22 11
223 479 3
521 405 1
267 107 27
425 435 7
257 79 22
431 282 8
163 511 11
548 405 30
522 444 24
64 332 34
192 474 26
108 199 1
236 531 8
22 450 23
393 400 20
193 4 28
88 339 4
497 444 23
139 170 9
114 252 21
182 146 34
359 48 6
478 528 23
489 381 1
401 245 17
565 89 24
528 218 33
281 207 1
130 408 10
344 299 31
295 191 17
387 550 6
46 100 25
404 185 31
192 511 28
145 307 7
19 366 26
101 39 20
511 150 20
494 298 13
275 277 4
45 223 13
304 376 9
478 520 22
100 198 14
256 547 28
523 51 33
345 247 11
486 414 26
482 4 32
97 426 31
380 31 18
501 322 21
177 478 14
20 207 10
492 460 18
20 50 1
351 398 6
242 349 20
465 353 6
267 132 24
136 278 2
548 512 5
448 555 28
73 450 32
173 287 16
296 405 17
302 431 3
546 278 8
170 349 11
323 148 14
37 486 1
64 264 13
510 561 15
16 497 29
223 472 9
297 231 18
351 557 24
284 132 12
539 473 6
390 473 23
480 232 26
549 257 17
47 267 13
262 176 23
411 269 23
546 447 34
217 393 8
520 509 4
253 482 16
277 425 31
147 340 24
546 179 32
140 85 10
493 211 10
410 113 18
255 31 21
209 437 29
99 356 12
123 9 25
463 85 29
299 493 32
346 111 30
503 312 8
499 196 34
145 355 29
154 41 27
441 55 12
386 530 31
323 62 6
351 463 7
71 180 2
215 413 19
276 144 10
383 182 8
523 281 3
299 128 18
561 21 6
293 54 24
46 423 4
200 517 4
346 66 5
544 229 27
22 310 15
428 360 24
6 371 5
191 468 15
172 220 33
374 176 6
175 193 32
498 234 21
151 226 34
143 88 3
327 94 19
265 133 33
397 483 6
104 499 3
498 283 26
307 7 29
520 292 1
35 302 23
17 547 27
496 509 1
110 295 2
270 486 25
380 267 5
264 346 33
260 435 29
391 21 5
176 205 32
61 121 7
306 448 2
367 499 4
414 332 12
147 552 18
371 294 24
194 442 30
220 392 16
211 332 3
420 183 28
181 291 30
108 29 9
66 419 16
539 287 8
488 230 3
117 438 20
487 181 8
236 319 26
59 182 6
471 434 24
408 524 27
186 297 30
307 530 26
433 116 8
169 441 6
450 401 7
410 268 7
6 518 13
322 271 4
99 66 16
330 478 27
276 325 6
37 477 3
101 133 31
140 376 8
265 415 27
515 521 9
147 349 30
120 302 26
461 257 9
489 213 16
42 497 30
209 143 24
499 235 13
563 133 18
311 227 21
427 545 33
224 6 7
471 502 30
326 326 18
538 200 22
112 518 13
558 347 15
70 366 17
560 68 30
9 138 18
472 518 31
94 199 6
323 170 2
328 55 17
174 68 11
483 469 20
68 359 21
92 3 22
245 158 10
376 260 8
408 181 8
24 481 10
331 296 11
321 141 22
30 139 4
122 141 33
333 324 25
226 144 24
79 311 9
513 496 2
78 354 20
455 272 28
277 433 28
432 144 28
141 481 7
51 297 20
380 341 15
103 444 15
227 446 22
127 475 17
202 182 13
437 537 19
179 277 4
235 342 16
257 6 30
156 436 16
385 461 17
328 423 23
141 82 12
242 131 23
250 164 34
414 156 34
232 39 16
201 184 16
177 156 22
452 433 24
253 487 17
353 390 25
155 300 33
243 160 5
130 327 14
560 437 12
534 355 10
56 339 15
84 234 1
198 18 31
171 364 30
52 436 1
8 36 31
304 279 11
17 359 33
347 89 17
474 526 29
398 193 33
281 507 24
278 557 22
44 363 29
498 454 2
396 146 7
372 398 9
113 162 24
160 173 18
349 121 13
533 130 24
542 439 27
191 357 26
258 61 15
546 514 14
154 168 30
455 146 6
503 72 15
378 328 21
525 97 15
277 438 30
518 298 14
229 222 26
281 544 19
88 444 3
313 280 2
19 441 22
131 76 12
551 457 4
430 80 2
225 480 30
326 58 22
72 98 8
150 546 24
234 290 28
386 245 33
114 129 15
431 12 19
451 53 29
101 334 31
12 192 17
344 467 15
364 399 19
72 538 26
533 222 20
106 313 18
406 190 3
36 107 7
436 524 33
48 327 10
320 53 24
117 231 25
120 363 4
533 18 3
510 68 14
242 493 8
45 271 32
438 511 22
51 541 3
214 536 31
482 347 4
285 204 11
168 541 7
264 136 1
398 18 6
498 530 34
59 56 21
454 194 18
470 291 21
133 268 34
100 164 6
454 453 3
128 176 15
164 418 7
213 98 3
492 557 17
330 462 8
25 546 22
430 321 34
153 116 2
87 339 8
500 39 23
264 562 15
108 148 32
108 556 6
258 492 1
55 84 15
204 508 9
226 101 25
453 275 26
412 389 15
371 93 7
432 32 8
359 145 30
21 14 18
259 340 30
365 101 13
170 530 13
563 533 12
507 470 13
497 312 10
550 281 17
202 306 8
204 552 4
74 196 3
562 455 28
43 121 20
160 120 7
516 250 17
203 76 34
67 490 18
52 299 3
392 426 15
180 271 14
437 16 20
138 67 17
124 401 30
45 162 18
400 331 9
222 467 15
29 339 23
132 239 16
431 118 29
428 310 5
1 496 20
250 300 31
426 98 21
18 552 25
425 307 34
197 69 13
530 81 18
120 44 22
221 225 33
416 278 14
349 414 19
252 113 4
225 512 32
294 378 11
452 172 31
388 26 7
318 409 34
208 518 16
89 409 20
445 537 7
403 243 9
66 451 6
41 40 2
537 244 32
305 413 6
317 470 14
542 496 6
247 502 29
302 299 2
7 503 17
193 166 13
519 475 27
296 245 10
422 479 25
306 78 18
19 6 3
11 135 28
310 298 12
335 498 18
414 266 9
218 68 33
34 65 12
118 159 16
350 277 28
166 85 3
520 533 5
522 225 29
233 157 6
205 515 27
553 313 31
105 412 18
443 230 3
310 503 33
243 434 32
195 405 24
340 416 8
527 76 17
186 201 33
159 484 32
190 551 18
436 74 32
470 150 24
76 455 21
256 382 4
531 50 16
391 432 9
136 26 15
74 246 31
72 543 7
252 80 9
337 393 8
2 408 2
97 21 2
349 197 11
21 48 1
387 167 2
510 135 21
346 25 20
215 458 1
53 404 7
513 312 4
328 491 29
293 27 32
487 2 14
48 269 24
244 247 14
35 146 22
430 546 1
264 467 15
382 32 2
247 13 15
75 201 27
81 305 9
302 258 9
277 225 13
371 89 31
365 516 17
482 301 11
289 411 3
79 431 13
284 282 26
388 562 17
465 302 6
266 465 4
272 362 31
21 51 14
439 268 17
403 364 32
16 79 29
97 313 16
406 448 11
452 322 18
351 482 26
89 131 6
322 325 18
325 367 27
266 530 4
336 437 32
361 194 8
347 39 32
349 190 28
525 369 18
499 384 8
311 522 26
76 249 11
281 278 3
471 293 26
120 472 6
306 309 25
233 361 24
38 550 27
293 512 21
218 455 16
67 501 28
549 67 2
227 208 21
51 485 12
469 491 7
63 285 8
452 371 23
206 35 26
53 149 32
157 374 10
25 267 31
80 144 27
184 516 10
64 128 19
17 404 3
314 51 14
139 213 28
330 400 25
305 366 21
321 244 15
175 143 28
302 444 26
440 333 28
180 212 17
371 33 6
82 355 15
109 203 32
412 76 21
210 196 32
44 123 15
167 28 17
444 4 12
182 272 34
78 150 12
376 52 25
162 246 34
138 526 17
547 198 10
121 250 29
287 148 21
402 378 2
433 105 12
342 104 25
446 15 25
31 302 22
141 370 5
148 330 1
165 543 26
282 471 17
64 206 31
359 14 8
425 85 15
393 185 20
327 133 5
295 456 24
177 64 18
429 200 31
497 403 3
389 102 34
47 412 6
323 561 17
95 503 34
75 296 4
299 58 14
206 230 8
33 317 26
560 11 28
384 241 27
144 390 30
411 62 15
485 365 27
413 363 25
77 320 12
376 180 12
191 152 17
233 425 25
200 83 11
320 83 19
11 338 18
465 222 1
371 560 34
33 183 24
355 161 16
507 92 33
1 304 12
470 409 6
144 517 25
539 155 14
477 227 30
173 394 23
528 253 14
409 93 29
325 345 34
271 329 8
83 307 23
343 517 20
32 473 2
400 341 32
355 137 30
398 146 12
214 55 3
275 210 18
536 189 28
542 299 19
326 219 18
434 11 25
275 337 34
325 431 18
17 305 21
457 464 16
128 135 23
94 495 27
13 302 7
329 71 4
76 76 23
109 560 10
138 357 20
320 518 31
491 402 30
434 255 33
261 66 2
195 530 30
298 120 15
433 257 32
268 256 11
104 108 3
435 103 8
280 126 24
32 392 30
134 263 6
144 16 4
323 165 12
207 272 30
43 456 27
79 271 17
36 147 16
234 19 26
280 136 29
73 47 1
132 398 6
120 399 8
214 526 8
188 435 23
354 154 27
72 407 33
215 340 5
99 521 24
293 185 7
553 159 22
252 191 13
132 514 25
109 11 25
361 146 13
502 335 23
235 36 6
367 64 29
54 13 32
458 364 3
141 66 9
503 292 6
515 393 18
87 353 3
12 273 23
529 177 28
63 435 20
259 161 20
365 561 31
291 315 15
468 175 8
427 297 18
344 344 15
37 336 20
192 441 29
69 171 6
201 65 23
228 102 34
170 361 7
160 512 7
168 39 31
25 41 29
410 304 9
281 196 16
27 62 16
266 332 25
180 94 8
382 32 11
306 354 18
522 503 6
526 308 16
231 68 11
112 390 34
41 39 17
429 549 21
256 60 29
357 245 34
140 4 17
348 243 2
229 504 10
1 337 32
108 299 6
307 261 28
11 201 12
321 50 8
531 14 24
503 165 1
559 232 9
399 162 20
499 384 6
189 306 20
455 121 16
127 79 27
384 303 1
67 536 3
346 250 20
483 503 24
236 241 21
274 105 28
55 230 34
506 182 9
476 82 16
79 208 7
389 253 20
24 326 25
213 101 33
530 424 34
86 552 28
376 45 23
141 107 10
93 554 11
67 282 26
503 367 30
520 207 32
557 287 22
369 452 8
414 478 4
62 553 18
506 27 31
511 540 14
261 56 11
452 58 16
493 112 3
538 92 19
331 43 2
179 411 31
143 468 24
403 518 19
86 47 22
487 558 4
389 284 3
497 201 30
103 33 31
327 388 24
460 289 15
477 323 20
74 135 4
505 343 10
87 233 28
239 134 7
182 304 2
283 335 29
1 283 14
85 426 10
81 157 30
450 239 33
181 91 19
472 377 33
354 461 9
490 330 32
496 146 27
229 557 4
45 347 27
185 461 34
464 108 21
338 353 22
237 205 21
480 177 23
300 249 11
290 428 22
59 493 6
406 170 29
18 292 7
424 529 9
26 17 22
335 76 19
444 223 6
424 291 6
108 267 16
30 363 11
38 334 23
395 412 3
439 469 1
288 241 29
378 261 1
157 21 29
255 266 31
85 88 32
83 108 2
475 419 13
4 384 18
38 22 2
366 563 23
312 431 8
510 446 6
192 200 14
202 406 21
421 210 18
478 201 33
261 408 32
258 31 21
240 24 5
167 415 28
186 105 11
497 235 22
155 441 1
353 45 33
64 323 18
222 269 34
225 379 17
203 549 23
257 149 16
25 522 6
227 201 25
349 117 26
500 241 20
455 213 29
364 427 12
201 322 33
455 533 16
319 154 16
340 74 24
238 11 23
66 356 4
103 307 21
483 35 24
117 302 33
392 473 9
244 185 19
148 532 23
496 423 18
257 448 3
505 380 19
454 343 4
15 143 19
543 160 25
498 539 16
445 33 30
98 285 5
521 36 5
293 473 32
404 105 11
64 127 33
342 400 6
416 339 34
101 390 33
351 440 20
11 96 10
310 375 18
444 419 22
421 186 17
549 23 14
536 234 22
265 453 19
453 292 27
279 258 34
349 277 33
254 563 12
434 202 17
198 162 22
416 28 3
451 190 27
530 86 19
344 144 31
30 5 5
565 379 32
496 235 21
251 557 15
161 375 24
536 231 13
261 250 2
96 307 24
328 39 28
454 49 32
507 457 2
72 158 27
165 43 33
407 23 25
405 351 15
520 504 2
376 483 28
269 264 11
325 531 11
85 217 8
470 68 26
195 367 13
243 244 30
194 328 7
91 501 34
283 501 5
36 261 26
451 443 26
487 487 6
311 169 12
28 219 9
322 308 3
125 170 10
283 431 13
396 229 7
428 495 6
327 474 6
90 298 24
9 107 28
273 128 29
72 494 25
426 326 16
369 217 24
293 168 13
556 160 18
433 124 25
62 313 30
215 123 4
207 12 29
12 277 23
44 459 28
330 87 12
64 62 4
266 314 26
390 463 21
418 386 21
344 209 10
109 116 33
116 344 8
194 431 5
322 167 10
298 77 8
473 235 6
117 455 25
503 95 8
500 285 20
451 30 22
170 189 20
236 112 14
541 404 13
453 494 23
180 455 16
436 274 15
555 260 23
62 114 27
116 338 13
297 416 24
23 526 10
473 135 8
110 390 7
162 328 28
366 448 28
560 484 19
71 219 18
373 397 22
29 37 9
122 318 32
529 251 24
470 32 18
98 318 29
174 451 28
274 230 31
217 121 10
216 18 28
236 56 32
126 41 11
375 163 17
543 157 29
46 193 32
327 170 19
470 442 34
76 10 24
405 84 19
199 176 10
432 93 24
542 396 9
342 136 9
57 13 20
312 217 15
62 172 4
528 211 18
398 199 15
346 41 30
437 230 5
478 521 30
167 45 31
151 153 22
111 28 31
50 275 9
456 285 29
347 342 6
202 412 12
428 138 1
388 107 14
105 464 16
296 435 19
110 546 15
158 78 11
449 556 33
491 511 26
137 186 9
542 533 10
418 470 27
237 543 22
63 370 30
76 300 33
116 4 17
498 565 26
61 190 27
110 538 26
376 252 18
433 403 25
29 152 29
432 261 18
430 375 16
200 128 16
134 54 9
388 267 16
504 185 18
149 172 29
430 307 31
486 253 23
439 80 32
155 320 5
200 314 2
59 226 9
9 401 23
352 404 1
409 43 31
415 262 24
250 107 34
460 357 3
530 293 27
128 380 28
470 471 1
247 184 7
219 167 28
410 309 31
421 246 29
415 531 15
496 372 31
565 74 33
73 81 21
516 312 32
451 61 5
113 533 34
366 125 4
127 514 7
356 353 32
44 361 27
405 346 34
270 523 17
289 432 33
460 511 32
68 65 32
328 209 6
527 426 6
453 174 18
534 19 28
221 482 3
204 295 9
246 522 22
397 87 30
327 521 15
6 265 34
330 559 18
66 46 11
158 520 9
419 384 15
105 427 31
135 467 22
477 422 12
148 134 20
223 53 24
5 293 10
439 378 17
65 476 4
336 127 22
246 305 23
238 442 27
165 564 28
264 309 22
356 434 4
95 227 24
285 399 2
320 473 31
89 507 17
370 15 20
117 410 27
345 406 26
135 434 29
425 425 29
280 527 2
55 240 10
285 390 21
439 55 10
191 69 11
269 227 26
426 209 1
325 73 28
167 514 31
356 117 6
234 140 26
545 381 22
113 434 23
200 278 4
329 73 22
444 13 21
11 312 9
257 400 14
209 544 4
110 433 15
131 405 23
186 187 18
225 359 20
116 298 8
100 465 1
35 394 15
37 150 1
272 346 5
81 39 3
369 300 6
87 251 24
287 133 15
176 35 31
488 502 1
45 282 4
101 40 8
293 467 25
103 293 2
332 319 20
398 131 32
560 450 30
386 308 15
454 536 26
377 118 8
320 457 28
359 390 12
314 218 20
315 265 17
304 343 14
379 444 33
103 407 25
53 203 10
442 249 28
374 215 12
2 159 26
427 203 30
515 117 4
178 485 26
268 294 6
390 318 17
33 224 22
68 200 8
484 157 26
363 154 1
1 467 26
525 300 5
475 443 16
135 75 28
406 229 29
358 114 8
288 247 1
70 151 6
395 473 15
135 337 11
537 523 4
7 200 30
452 255 33
355 201 27
482 212 17
203 479 21
297 518 32
480 324 24
422 512 7
429 510 22
394 43 24
556 162 21
145 243 12
421 335 4
193 239 4
75 74 9
359 22 9
112 297 25
402 222 29
18 513 20
513 237 13
62 301 21
131 554 10
268 80 5
341 292 1
362 170 33
220 444 1
183 220 8
317 212 10
102 445 1
490 473 19
91 275 8
119 448 15
224 13 17
249 90 29
512 465 14
409 209 29
225 356 32
278 92 2
88 31 34
200 461 10
102 206 7
472 17 18
302 352 9
232 247 32
545 360 2
519 28 20
423 409 33
475 91 28
273 407 1
246 19 28
513 327 1
509 182 4
553 48 30
194 319 24
59 24 1
45 560 30
387 42 4
114 370 34
55 494 27
521 220 15
17 455 23
389 549 5
350 138 27
166 483 4
565 436 2
32 324 7
312 375 16
5 314 30
400 283 11
317 106 21
212 258 14
209 7 22
499 543 15
389 87 17
168 247 25
105 47 7
452 198 19
529 275 27
101 24 5
351 49 25
142 87 5
445 338 10
144 516 13
168 124 13
167 81 21
41 59 3
220 240 34
83 135 8
284 558 13
93 39 20
84 378 24
319 204 34
434 32 9
440 520 30
91 78 26
337 249 12
330 108 20
57 278 23
135 527 31
518 505 19
438 377 34
216 453 8
231 530 21
306 495 21
306 481 32
552 387 26
468 455 32
35 471 9
367 549 34
361 482 5
62 115 3
477 349 28
168 223 10
511 476 1
237 438 32
375 408 30
434 31 10
415 128 15
65 351 34
320 387 10
545 440 30
378 132 1
462 454 21
296 261 26
470 325 33
438 300 3
517 34 11
348 256 9
458 221 12
520 559 15
502 101 20
323 96 13
132 106 33
498 239 4
143 281 9
169 24 12
188 238 30
537 148 9
294 384 15
268 41 4
227 313 6
281 409 13
307 217 28
15 501 14
192 31 34
560 183 20
278 422 25
87 516 33
189 382 13
119 512 30
352 56 32
359 490 2
107 64 24
240 526 20
401 68 24
502 264 2
501 386 13
425 304 13
450 81 4
304 154 23
299 196 22
144 539 5
410 346 21
267 434 8
43 329 30
147 478 28
549 237 20
333 207 11
449 10 29
6 544 1
507 104 23
26 29 31
300 382 6
262 48 20
342 243 12
90 408 9
134 44 5
334 244 32
244 469 2
378 123 17
199 561 4
99 129 1
187 539 5
483 197 6
314 336 6
271 224 6
147 236 16
538 124 27
38 460 23
187 234 18
2 409 29
480 61 10
497 522 8
529 139 6
136 298 22
37 456 2
484 139 5
523 397 23
490 293 17
417 320 3
383 205 15
95 230 28
221 171 14
132 149 29
291 560 31
43 468 29
99 409 6
399 41 14
546 125 20
223 83 18
141 132 34
500 498 1
175 531 17
335 456 17
293 135 32
395 86 7
199 368 19
256 417 22
6 223 26
257 244 13
81 188 10
98 294 20
33 257 20
315 4 25
340 436 8
92 112 26
472 256 34
318 181 16
273 466 32
67 271 33
54 198 17
174 46 2
78 153 18
108 117 24
263 375 24
503 531 33
151 303 10
83 385 2
518 335 11
262 220 24
543 30 10
342 326 2
236 459 6
280 144 6
451 295 18
497 331 21
94 528 21
168 311 7
483 44 10
181 418 22
400 27 13
231 512 21
264 551 14
318 189 22
89 469 11
231 237 8
243 353 33
72 195 32
354 265 13
332 400 8
390 159 7
438 133 29
543 185 11
417 342 13
87 324 34
114 145 5
17 52 29
135 368 32
55 484 26
359 21 8
206 450 32
479 413 9
111 462 12
256 159 2
473 57 16
1 119 9
147 125 22
150 519 30
378 90 7
537 40 9
95 420 16
276 374 10
502 508 1
160 277 31
202 234 34
295 196 29
519 317 26
167 43 32
420 153 29
255 447 21
268 65 22
214 16 28
411 14 6
504 309 21
434 53 23
450 4 17
23 523 4
41 464 6
276 137 18
269 229 13
158 93 17
135 379 11
563 196 34
226 406 1
409 125 22
174 411 30
169 314 25
411 229 7
487 528 19
154 137 15
294 447 32
457 525 34
279 371 3
286 185 22
506 463 5
72 228 14
171 467 15
141 316 15
276 410 5
227 74 19
307 137 8
241 198 25
37 99 3
297 135 30
99 299 30
340 7 19
325 330 13
445 466 30
461 282 13
226 460 32
62 292 19
269 224 18
313 336 2
61 557 15
223 255 28
487 253 12
281 6 12
287 215 22
121 159 23
516 249 7
526 479 24
474 150 11
399 453 34
364 398 14
443 134 12
17 121 21
376 518 18
412 197 17
302 14 15
37 452 20
408 30 15
307 548 12
63 232 3
364 271 18
441 156 2
406 538 23
245 509 17
38 191 13
111 326 21
562 50 15
510 248 27
251 520 28
183 536 30
350 565 34
481 42 23
390 275 34
439 434 17
259 320 27
1 296 8
507 494 17
486 317 29
393 528 34
428 419 21
311 384 4
274 268 24
279 498 23
133 332 21
189 523 19
361 387 13
384 478 20
345 24 20
427 347 30
25 550 29
268 202 12
561 194 17
42 354 33
385 186 8
264 216 10
338 381 6
386 501 14
373 390 1
296 312 17
331 140 1
46 467 15
337 510 24
2 532 21
553 482 1
511 262 2
141 114 28
470 199 9
462 74 16
262 560 29
293 144 12
438 224 31
226 441 4
522 450 29
94 540 24
554 25 9
410 221 19
70 36 9
83 99 20
71 238 25
463 426 27
481 418 8
230 258 29
332 163 23
49 61 25
268 423 26
165 487 17
439 223 21
499 192 8
271 494 8
510 105 6
10 72 19
258 314 25
173 238 32
372 194 22
257 243 26
79 456 2
184 242 5
362 489 19
270 43 14
82 110 5
438 312 23
221 30 23
306 303 19
558 158 11
345 532 30
470 362 12
222 130 21
4 200 28
260 142 26
170 364 18
105 525 28
70 353 26
437 240 27
296 179 32
394 344 7
81 133 2
381 401 19
290 417 7
306 337 12
273 308 28
340 216 3
481 333 2
283 214 23
324 217 20
72 236 26
188 386 27
559 73 14
278 465 18
564 340 34
119 54 29
457 124 34
313 109 20
43 181 4
367 209 33
152 4 32
302 102 32
258 275 25
145 183 3
492 180 6
89 18 17
65 421 18
335 350 27
367 346 15
298 30 6
172 202 27
441 365 3
347 297 15
490 353 6
285 552 1
490 270 27
305 505 5
384 414 12
371 232 5
15 268 10
405 258 27
509 81 8
24 388 32
549 455 6
359 72 5
147 419 10
540 443 28
172 9 30
99 492 2
346 213 18
31 68 5
443 353 33
327 309 28
204 540 18
505 26 31
516 417 33
234 281 18
272 223 8
385 239 28
183 565 3
143 82 19
199 377 4
346 138 24
410 69 33
122 141 18
420 98 20
157 150 13
159 485 6
488 454 10
217 88 1
472 402 18
141 436 23
290 257 25
420 272 18
86 45 28
532 476 12
207 448 1
246 529 14
241 287 21
343 337 5
218 81 7
19 536 16
152 539 19
512 483 27
453 406 7
483 249 21
452 492 24
334 258 10
398 35 19
163 521 25
227 149 15
411 477 1
172 352 3
20 72 11
263 277 13
254 430 8
192 332 16
333 429 18
354 13 29
23 307 16
495 126 1
422 460 25
167 557 8
70 436 2
241 250 19
114 14 31
407 229 12
25 12 23
327 546 27
547 533 29
449 477 24
347 272 32
28 229 20
380 283 19
29 214 1
154 477 34
80 101 23
35 138 6
319 115 21
223 351 29
170 251 24
211 513 7
30 230 30
258 291 10
333 527 21
305 26 12
104 70 18
446 173 20
300 526 18
346 193 15
247 422 25
443 535 22
242 471 26
422 496 8
44 150 25
335 236 9
70 154 13
360 440 6
325 539 21
469 417 20
242 265 20
187 38 23
241 439 19
45 140 24
533 59 4
141 16 33
555 546 6
394 410 6
317 510 21
505 452 28
527 451 13
395 406 34
105 98 25
438 183 22
89 201 2
538 487 13
453 543 12
326 554 5
135 203 22
196 483 28
409 512 22
65 528 4
450 400 2
218 243 7
501 74 17
429 378 31
534 460 12
130 82 2
273 178 27
558 547 26
228 111 9
9 278 13
16 209 26
124 353 34
171 252 30
171 486 32
473 280 1
347 259 32
125 206 14
472 44 19
64 97 30
112 516 21
128 164 6
206 110 34
412 303 13
210 502 30
483 165 5
79 490 6
169 544 33
103 265 20
277 310 10
302 176 26
515 516 3
405 216 23
145 110 21
466 83 15
342 258 9
6 338 4
5 475 18
239 413 26
14 133 32
537 503 31
132 495 33
560 301 13
368 373 21
505 192 32
504 293 17
398 539 3
36 359 7
537 352 4
153 276 27
264 419 26
21 142 30
282 117 3
174 267 27
374 149 4
395 233 27
163 494 34
26 295 32
39 216 8
543 400 32
178 114 33
536 62 7
175 423 7
335 450 27
238 547 10
384 382 22
133 236 29
550 277 3
253 479 15
369 299 10
191 93 18
402 278 15
307 472 33
356 60 29
312 382 28
464 385 16
154 489 2
500 300 7
484 166 7
174 358 21
358 157 10
540 447 18
41 174 29
487 430 14
100 56 12
217 457 11
2 249 20
39 401 1
105 71 5
483 49 25
550 240 8
103 411 33
361 381 11
465 376 33
410 255 13
401 449 3
369 267 24
109 402 2
64 384 10
520 364 31
72 65 22
318 553 32
54 442 26
447 274 1
475 211 16
325 18 15
7 49 31
471 131 1
86 255 3
191 196 29
446 170 21
298 192 8
313 308 27
484 203 12
384 37 3
279 193 3
328 65 7
538 124 26
454 71 21
410 451 16
407 26 1
143 183 31
232 320 34
375 46 19
550 128 24
466 372 3
209 1 2
426 147 11
175 336 24
554 290 33
86 116 15
409 279 8
48 15 28
374 34 14
390 89 31
233 286 5
40 97 15
178 43 8
122 341 6
82 412 3
191 406 9
6 306 5
194 403 30
149 1 20
531 53 8
545 365 10
201 414 20
208 258 13
283 411 29
504 170 8
542 512 24
282 129 24
275 276 23
89 413 7
326 524 28
169 132 27
4 204 18
131 487 15
66 288 17
430 4 22
407 74 28
331 342 33
67 440 17
1 59 4
342 35 25
65 173 5
281 387 24
434 406 23
109 92 19
105 314 34
354 556 13
246 139 21
400 498 9
559 178 31
5 551 18
187 237 30
146 293 6
3 124 1
258 404 13
152 108 16
150 79 27
88 217 1
294 495 15
138 257 33
441 70 5
411 357 1
181 352 5
557 29 17
522 289 2
131 530 8
89 181 13
185 3 32
501 196 32
343 174 7
266 32 24
522 176 19
279 134 28
419 186 20
182 108 20
464 18 26
401 64 27
73 260 32
460 369 7
119 354 24
41 167 24
32 34 24
129 283 9
481 548 29
424 68 19
476 83 19
268 441 3
416 54 32
478 88 16
546 34 16
63 76 17
523 477 14
75 54 6
236 47 27
502 272 18
68 410 2
55 146 21
288 180 5
438 456 7
517 437 24
476 304 9
26 26 32
268 177 12
233 191 24
86 511 17
545 368 9
347 414 23
531 96 22
346 537 27
19 343 17
375 321 10
277 354 19
398 550 31
34 534 31
6 311 4
143 7 21
274 349 14
261 207 32
422 139 22
94 428 30
284 230 26
256 86 26
343 286 17
494 68 32
23 133 5
307 401 9
422 476 14
80 210 33
459 312 27
377 86 17
441 295 33
23 171 10
146 546 3
552 444 30
1 525 30
79 549 28
143 16 34
449 103 17
231 535 30
252 333 4
398 48 13
258 24 5
487 410 2
22 95 20
339 527 21
245 7 15
74 300 7
10 400 10
51 106 27
357 129 22
338 485 26
19 132 18
138 236 29
196 428 11
74 34 7
487 185 9
206 217 28
330 312 3
91 179 3
467 380 24
90 386 13
474 271 27
287 233 22
536 344 19
290 391 22
553 425 31
357 297 7
139 403 15
75 18 8
149 428 29
557 93 34
184 220 22
38 43 3
190 370 6
490 506 27
41 223 8
99 236 21
279 360 7
265 7 1
174 407 2
287 324 5
470 489 14
265 141 7
388 349 31
151 279 24
412 304 18
69 535 25
415 159 22
40 207 8
105 197 1
439 195 22
489 223 30
248 349 32
402 485 17
228 222 27
395 310 3
318 492 10
134 150 4
320 87 28
70 528 25
100 110 29
98 87 24
418 417 18
365 468 10
152 83 14
437 435 6
307 174 10
123 1 29
84 4 18
227 152 21
457 347 12
206 489 34
100 204 7
165 4 14
235 362 27
320 527 32
71 145 13
13 218 24
197 339 21
391 227 25
247 199 28
67 78 17
316 267 2
108 320 6
268 1 14
250 304 28
266 1 34
57 272 12
145 24 12
547 18 18
257 41 20
174 240 20
16 269 10
313 350 25
12 38 33
144 64 7
458 88 34
125 368 6
123 560 6
377 341 28
327 143 30
229 410 18
338 563 6
354 201 26
290 432 22
491 535 24
541 268 22
555 33 27
333 288 28
278 472 27
302 482 8
560 40 30
450 127 14
91 458 13
123 238 33
527 489 18
228 66 12
480 432 25
256 140 32
545 53 10
440 432 5
487 246 4
449 423 24
257 349 5
499 257 22
77 444 20
217 58 1
452 557 4
304 408 28
156 500 8
170 506 29
324 299 34
460 265 4
217 526 28
42 296 23
237 299 23
408 549 5
350 248 14
325 199 27
560 155 4
55 368 33
48 432 25
334 214 10
499 96 6
503 203 22
516 196 12
213 544 15
299 191 3
27 58 27
345 7 27
473 557 19
111 60 19
250 307 24
216 473 24
43 202 3
503 88 14
191 63 21
89 425 23
347 459 19
189 501 24
323 184 31
446 145 31
435 40 1
413 289 14
274 363 10
152 292 33
419 397 18
480 186 3
512 111 25
292 462 27
467 409 12
535 376 20
405 536 17
273 352 22
265 152 23
431 463 34
223 209 6
49 461 12
449 492 32
149 206 14
508 300 29
71 479 12
371 553 13
280 123 13
539 127 27
330 152 15
227 320 31
47 560 11
202 349 23
210 167 23
554 253 6
435 250 14
71 4 34
178 512 7
470 312 1
497 267 26
429 13 23
503 138 14
211 372 32
67 554 4
85 10 33
146 543 9
148 505 6
1 529 2
335 484 28
128 257 5
233 317 14
389 381 8
112 240 27
239 397 3
219 305 20
476 511 29
79 93 34
252 121 32
164 237 29
326 21 16
539 421 9
86 322 1
425 239 21
468 156 33
444 476 33
510 463 17
421 239 3
375 115 34
232 370 17
73 217 19
300 510 19
286 382 31
489 81 31
348 398 28
505 59 33
140 260 18
10 250 15
264 252 34
132 428 2
11 323 13
163 48 18
65 565 32
9 422 5
218 419 12
355 556 29
274 520 32
59 302 10
243 109 32
386 324 23
199 287 24
300 224 14
346 165 19
464 406 7
95 398 21
401 385 17
437 471 32
27 330 4
230 181 10
5 409 21
545 76 12
146 548 8
290 295 33
358 98 2
14 273 32
336 163 5
144 337 2
422 542 6
262 39 2
550 377 23
73 109 14
239 341 17
519 417 17
428 149 9
64 396 6
366 133 17
37 304 26
177 129 27
262 268 16
239 392 26
174 259 21
13 536 26
332 40 11
176 549 10
332 461 11
181 183 13
15 243 26
354 471 15
274 434 18
379 72 32
314 181 18
138 81 11
430 471 9
338 105 16
8 83 32
365 501 4
563 458 2
1 479 28
560 435 19
236 129 1
83 114 32
39 122 8
248 458 3
517 155 26
564 317 1
222 460 5
353 273 34
173 78 33
183 164 9
221 557 27
353 298 27
25 436 28
174 194 11
268 219 8
510 383 12
98 565 30
269 240 19
148 247 28
214 243 1
441 150 33
522 355 22
337 418 6
257 209 12
21 255 27
273 95 26
439 249 21
400 43 5
439 104 25
395 535 17
392 355 17
114 341 9
357 386 1
117 238 23
233 331 7
430 475 32
355 111 30
321 226 18
314 254 26
75 536 27
287 315 15
35 314 16
427 333 1
54 479 11
14 368 25
492 565 30
557 251 29
389 10 12
476 378 18
190 259 11
132 11 30
540 58 6
62 72 18
552 456 10
60 139 26
480 60 34
225 210 32
517 284 26
21 417 32
22 22 11
110 491 23
181 131 13
279 562 24
183 293 17
512 373 5
472 400 7
75 363 27
534 226 15
69 218 26
340 550 22
29 338 21
162 311 8
478 374 18
187 295 11
190 189 9
160 324 17
76 105 23
505 219 34
187 370 3
73 192 8
214 411 28
182 479 16
556 463 4
371 80 2
125 228 17
120 232 25
227 150 30
209 503 15
141 262 12
153 164 23
161 211 28
50 32 19
94 36 22
207 279 17
466 331 29
457 144 22
544 210 10
437 450 16
12 58 20
510 507 29
317 57 14
515 255 19
423 185 15
102 378 22
32 106 28
137 290 17
472 130 17
145 513 28
530 545 1
219 403 16
445 53 1
58 30 10
299 54 34
65 337 23
205 370 27
411 66 7
293 443 13
331 469 26
389 139 18
455 378 7
248 484 17
288 527 13
412 51 23
328 439 1
157 419 21
219 208 13
335 515 23
396 345 4
551 26 27
443 10 21
444 6 24
226 265 11
101 526 2
332 315 11
408 427 22
236 215 2
88 395 26
108 183 8
328 404 9
549 507 29
437 263 19
32 118 28
234 360 30
131 215 25
123 300 1
33 92 29
466 362 1
152 148 33
389 84 12
340 204 3
380 150 20
469 304 34
251 372 15
473 388 1
88 559 3
233 501 25
281 215 4
473 84 13
335 528 33
21 314 21
162 284 16
17 136 28
440 163 17
183 247 29
478 305 31
92 362 2
392 379 11
153 11 23
335 546 21
352 412 21
158 256 21
30 154 29
205 274 21
185 505 28
100 469 19
66 298 22
360 233 21
334 296 22
196 259 12
276 425 15
407 309 31
248 335 29
481 232 30
43 361 1
228 61 11
443 366 14
261 146 17
441 197 5
387 41 22
557 445 24
413 125 4
361 555 28
95 261 13
67 447 5
220 467 23
372 454 23
461 304 12
105 167 14
59 542 22
339 157 2
361 143 19
554 364 30
128 325 32
245 107 33
526 100 7
562 491 24
249 249 1
541 109 33
317 480 7
366 323 29
434 266 15
185 489 20
527 147 8
322 357 20
371 358 17
477 387 24
550 286 16
543 301 27
195 175 34
232 258 30
386 278 18
144 382 12
141 232 12
443 104 34
461 209 29
277 56 6
45 408 7
498 524 16
411 295 32
15 67 19
187 19 25
122 95 15
462 487 12
373 141 21
35 389 14
400 412 9
442 233 16
125 403 22
107 314 16
311 32 22
334 136 9
259 114 31
249 1 1
49 380 10
122 155 21
195 259 6
376 174 10
103 124 31
430 236 34
520 58 23
117 84 24
138 199 16
218 531 2
372 242 15
233 260 28
471 346 8
136 311 7
176 131 13
49 553 31
135 150 8
547 482 25
522 484 28
99 452 31
14 99 17
25 501 30
199 236 8
14 513 14
320 75 33
237 270 7
397 115 23
133 277 1
82 201 27
10 372 27
490 298 33
47 36 12
23 11 2
427 104 21
493 442 34
329 176 27
172 171 11
521 404 5
51 483 23
522 9 24
540 48 31
337 189 3
350 180 3
347 409 5
247 14 18
117 156 32
23 481 14
1 549 34
96 545 1
352 549 22
313 160 15
284 552 8
124 389 33
326 188 33
63 422 15
395 51 32
313 36 31
491 315 8
462 115 8
417 452 33
177 180 32
200 445 1
151 495 21
206 459 34
56 439 33
564 503 18
465 307 20
175 514 23
149 314 16
452 121 3
233 239 34
225 559 33
389 60 32
488 333 1
207 24 32
206 22 25
7 326 23
108 53 1
308 383 10
327 363 29
217 307 33
226 282 26
412 38 7
253 415 24
87 327 33
23 410 19
68 491 17
111 352 10
358 207 23
67 14 12
317 388 3
358 1 4
9 103 13
532 492 4
514 159 15
233 357 18
493 440 25
100 147 22
125 487 30
426 470 8
324 255 4
45 397 2
105 514 15
102 130 18
551 372 13
448 77 24
333 445 2
224 400 3
507 469 14
79 260 17
31 35 25
433 120 5
78 521 30
310 450 12
1 132 19
239 531 22
200 198 18
216 157 12
104 527 15
153 25 10
176 281 29
336 308 31
113 45 13
565 154 10
181 395 26
195 516 22
253 127 32
282 516 18
400 5 28
443 425 20
15 407 25
411 244 24
32 58 31
446 181 2
279 330 6
151 312 24
274 4 3
322 258 10
485 307 18
383 158 11
76 375 24
47 423 2
76 144 2
418 249 2
304 158 28
208 213 5
279 518 14
102 296 3
352 87 21
330 63 24
467 565 34
148 349 32
249 98 22
324 269 34
360 349 17
409 213 1
470 142 23
361 259 14
397 211 25
451 460 11
560 272 14
551 434 20
457 536 7
31 468 14
439 145 28
434 177 12
529 397 23
366 379 27
196 55 9
303 371 11
2 504 28
423 222 23
236 555 22
366 262 22
141 393 30
351 105 33
293 472 7
6 333 22
53 238 11
503 160 14
308 193 20
337 298 10
210 384 33
153 205 15
489 388 32
196 518 8
460 89 27
307 438 2
420 382 32
304 143 5
322 342 27
129 391 1
67 480 15
176 166 11
390 284 27
495 456 16
449 20 20
472 369 34
518 468 34
299 552 17
106 266 11
373 140 10
135 239 22
34 401 32
355 332 26
305 13 8
367 348 25
67 120 28
527 429 3
336 469 32
420 381 27
340 6 32
505 270 21
168 420 23
219 134 28
234 298 15
189 179 18
59 253 1
227 284 20
297 542 30
305 295 15
479 24 31
205 491 33
120 383 28
467 273 17
179 376 14
418 359 13
151 229 33
466 449 6
114 270 24
211 333 6
327 282 19
522 185 34
293 165 10
439 454 28
396 149 25
459 45 13
551 401 7
487 346 2
263 214 32
484 35 5
87 23 11
353 390 3
237 539 34
107 68 18
38 101 23
325 237 32
233 418 22
434 324 30
516 190 31
217 133 2
84 454 22
176 113 26
306 314 4
253 422 28
480 10 12
214 24 1
93 263 12
228 98 4
325 326 19
439 498 24
328 208 3
271 146 7
336 445 12
492 327 28
178 103 19
193 177 10
365 276 6
331 303 6
399 217 3
24 494 1
196 316 17
78 223 1
513 271 30
325 365 9
544 111 21
231 217 32
175 159 10
395 547 18
401 406 6
122 196 10
168 127 34
334 565 27
480 74 8
424 171 7
30 292 33
415 100 3
560 442 6
318 20 27
470 422 16
315 359 11
417 561 3
345 336 18
419 497 14
268 498 15
146 376 30
319 26 4
66 125 24
53 241 16
121 391 26
203 174 16
462 427 26
130 34 28
405 278 25
360 461 3
126 478 2
241 428 6
538 2 21
180 501 9
539 154 27
372 422 12
564 237 19
469 3 7
326 402 19
528 41 6
527 485 26
273 194 21
145 210 3
517 222 18
175 418 26
241 557 30
506 286 9
107 360 20
165 188 2
229 397 13
315 264 25
193 80 26
390 393 25
64 393 25
36 442 4
355 390 5
368 417 14
517 556 20
311 256 17
475 42 6
507 562 10
502 96 5
360 158 6
178 528 11
439 401 20
260 373 3
248 283 18
103 121 9
96 399 15
360 531 2
407 410 17
64 183 26
521 175 13
330 272 2
298 176 20
163 521 26
240 534 24
217 460 8
525 172 20
30 71 17
478 46 23
536 86 13
428 363 10
87 416 7
242 112 23
422 306 10
305 199 25
556 495 24
428 236 2
423 461 16
128 381 19
291 226 12
225 210 26
249 164 16
123 210 22
436 329 30
523 459 30
16 201 13
302 139 28
171 255 16
293 265 4
119 549 21
478 481 1
51 125 25
390 109 21
214 476 23
144 429 34
378 515 1
561 89 2
120 464 14
491 509 34
288 226 32
444 85 33
347 538 15
194 383 22
548 236 29
440 486 7
437 61 13
379 543 17
480 224 21
231 295 21
339 471 23
393 107 13
282 453 22
5 163 16
275 140 25
323 435 20
244 332 13
365 308 21
285 42 20
398 434 27
226 13 9
131 383 27
520 376 20
83 506 12
462 483 1
377 198 21
94 415 13
304 412 3
209 220 34
43 56 29
182 122 8
73 441 9
564 138 3
155 258 22
232 62 14
193 329 8
272 62 32
377 81 15
193 344 31
169 78 34
371 61 32
485 93 24
23 117 11
295 468 7
47 272 17
111 321 26
354 312 12
26 295 20
12 148 12
234 219 34
478 389 22
478 430 4
265 395 29
255 221 3
302 285 30
105 133 9
232 130 10
118 464 31
257 242 20
174 482 3
188 183 29
122 209 34
380 237 16
450 445 28
425 317 9
305 453 20
76 417 19
188 279 31
260 281 31
70 400 28
556 104 26
184 196 34
538 284 22
299 268 8
2 68 4
180 346 6
132 155 4
133 10 19
144 170 18
244 155 24
36 123 26
400 6 19
230 261 12
46 392 7
406 191 29
421 428 18
261 204 26
488 315 17
255 460 1
201 38 14
475 464 30
160 480 2
510 438 27
14 398 29
301 153 19
337 201 18
387 447 14
442 96 23
464 370 31
118 32 31
452 302 16
237 420 20
282 492 21
429 3 14
116 8 26
231 83 17
263 188 32
354 357 16
503 297 23
330 213 1
379 399 31
30 416 16
98 520 12
369 129 16
327 237 18
106 309 16
348 78 32
88 286 10
398 281 6
226 533 16
149 431 10
306 330 16
538 190 18
69 189 30
145 413 14
37 176 23
131 422 9
501 273 18
281 552 18
53 325 8
502 5 32
502 320 28
329 540 2
437 323 2
297 304 5
325 444 14
136 108 8
266 531 19
421 12 27
372 131 33
282 384 27
309 163 31
357 550 6
9 212 22
9 491 29
224 218 34
154 396 5
25 185 26
7 30 1
179 137 32
99 173 24
532 144 20
90 365 27
121 472 14
74 4 29
413 267 15
476 26 15
114 359 5
548 342 7
565 419 17
498 28 3
1 288 25
150 549 1
424 418 12
147 29 33
31 155 8
231 39 15
508 277 27
45 335 23
95 86 16
13 373 7
39 106 13
250 478 7
277 310 18
371 393 24
541 337 14
483 2 5
321 199 30
134 234 17
532 140 6
291 474 9
380 365 25
423 328 18
122 509 32
502 191 11
244 142 27
259 225 26
224 449 7
75 548 32
314 115 12
506 139 15
316 67 9
199 125 23
295 32 12
242 508 21
278 323 9
203 448 13
66 18 13
446 376 19
494 477 17
222 298 29
408 322 19
231 482 1
243 374 32
389 344 29
212 427 25
359 273 9
162 323 11
282 157 19
145 203 22
522 305 4
2 12 12
441 327 18
186 218 23
100 64 16
269 423 8
289 194 28
53 251 7
494 68 6
208 319 15
390 393 23
480 265 15
382 459 34
501 16 30
309 238 15
451 455 28
508 277 4
170 425 29
109 353 22
224 509 21
209 228 20
533 428 5
371 152 4
112 228 19
112 409 28
226 3 32
203 276 19
244 216 7
115 35 4
176 366 6
62 423 13
191 560 15
58 233 30
390 253 7
246 528 31
198 334 22
435 185 7
355 488 8
220 457 28
514 260 8
439 532 13
390 143 17
266 511 26
447 482 12
217 433 2
345 242 29
6 417 28
375 438 3
206 341 20
388 34 20
548 61 22
460 385 6
446 406 27
467 354 27
295 93 31
426 73 22
491 5 4
332 291 17
173 374 10
87 330 7
251 179 33
338 78 9
482 206 17
313 352 12
183 556 31
72 488 28
224 426 21
280 563 1
434 279 2
453 124 5
343 139 22
153 104 28
381 30 8
150 248 30
323 115 2
550 379 21
73 73 15
454 413 1
244 432 28
407 492 33
493 229 26
145 432 23
112 425 7
448 302 1
131 144 23
163 454 27
395 30 5
522 97 25
486 4 7
460 106 32
511 437 11
207 160 25
370 202 14
362 28 29
278 33 27
141 185 11
100 312 24
493 28 22
124 392 24
326 546 20
83 481 20
231 151 34
44 296 33
379 387 10
412 116 17
432 420 16
301 106 5
393 360 30
96 88 23
464 291 22
327 57 15
266 296 2
116 496 32
29 560 2
149 255 7
274 86 22
225 500 10
362 207 22
74 8 6
151 260 15
172 184 22
564 10 14
406 511 15
307 192 6
547 73 9
52 21 15
517 286 32
550 222 19
196 435 33
155 457 13
2 553 7
533 337 25
442 86 28
23 225 13
517 447 1
233 294 4
2 92 14
321 21 17
472 162 18
134 235 14
239 289 22
454 562 28
276 384 9
300 427 15
438 155 31
305 164 23
295 330 25
399 519 23
93 485 9
285 506 8
272 371 27
51 478 5
454 528 6
558 201 26
209 551 11
374 24 14
405 109 1
62 374 11
556 355 7
315 430 17
533 550 5
546 187 5
474 134 8
405 250 3
33 389 14
528 7 18
372 512 28
253 293 14
15 31 2
391 318 1
491 332 24
540 202 28
78 533 12
403 233 19
407 41 9
454 336 13
449 447 15
193 122 24
265 4 18
266 489 24
504 283 11
450 372 11
530 97 4
149 135 4
308 345 34
379 213 25
299 414 14
435 69 15
233 514 23
252 354 9
33 241 21
287 211 3
500 146 25
180 477 25
160 475 28
488 329 9
367 540 13
57 209 17
525 291 5
118 226 25
57 424 7
367 184 17
52 380 31
349 252 18
535 196 8
211 144 22
352 423 32
368 503 29
442 552 32
232 286 30
190 269 10
250 448 34
95 530 10
240 311 16
423 199 2
474 501 14
302 20 15
204 361 30
102 208 21
528 35 14
387 432 34
462 214 5
60 340 17
149 208 34
217 209 18
27 377 13
151 505 33
34 345 3
246 275 27
431 133 11
519 239 23
207 80 30
46 556 8
417 178 34
519 242 27
250 539 17
76 519 25
334 115 4
462 4 34
373 53 10
260 283 26
25 440 1
8 438 8
480 214 29
523 556 1
446 2 28
289 113 33
528 509 10
62 450 24
553 310 9
172 39 4
526 445 8
555 336 3
134 494 32
354 554 17
299 526 27
369 291 21
347 331 32
320 55 3
427 134 5
195 24 7
359 309 8
470 353 22
74 58 19
221 295 32
421 200 13
33 403 30
515 67 1
218 425 7
501 139 6
74 135 4
344 161 9
506 235 11
377 253 22
563 165 17
162 43 32
402 129 2
299 139 23
119 80 29
493 355 8
141 402 9
373 362 3
159 407 17
308 513 6
538 399 26
78 59 19
306 42 25
384 390 2
240 273 5
3 361 29
79 317 28
313 97 27
418 253 23
503 242 26
375 332 4
398 104 34
39 90 4
501 507 25
269 81 6
399 199 28
310 164 5
513 425 4
559 414 1
101 46 12
435 165 18
413 199 20
395 288 14
449 140 18
226 535 19
436 461 27
16 291 25
461 115 5
548 359 31
166 512 23
302 529 1
258 549 5
26 214 32
408 217 28
150 503 18
362 473 32
495 341 18
329 3 2
167 422 34
327 443 16
158 529 12
541 477 28
53 562 5
330 445 7
435 352 29
311 216 6
537 245 27
468 8 7
38 266 8
208 560 17
109 204 3
218 273 22
182 483 27
44 349 24
215 525 32
395 40 17
134 413 33
477 438 22
196 421 31
49 556 31
366 432 15
85 499 32
21 216 9
527 90 18
73 181 9
478 209 19
81 401 14
386 100 29
195 414 7
109 477 10
139 18 33
233 90 5
172 439 16
170 384 4
93 211 1
65 495 26
331 60 16
107 40 23
129 309 14
143 555 12
211 47 21
278 557 2
537 42 28
525 409 26
440 279 31
20 90 23
24 395 4
416 238 26
563 407 23
465 302 23
396 226 3
396 11 31
345 251 11
23 54 21
392 140 11
117 76 4
414 499 27
342 122 9
252 279 25
423 334 15
373 265 32
442 494 34
47 558 19
412 212 29
384 423 3
409 367 3
299 517 1
376 313 7
538 151 12
290 374 34
198 435 24
270 52 17
164 182 20
262 20 33
221 556 11
249 162 3
229 253 2
200 242 28
109 248 8
200 183 5
56 375 26
515 368 5
197 478 19
498 493 28
321 208 25
234 339 18
2 83 34
150 64 16
139 475 30
509 359 34
491 176 15
177 54 33
205 118 11
84 508 3
102 177 17
389 379 2
510 340 5
28 411 21
237 7 6
332 411 13
527 207 15
359 416 24
527 69 31
377 226 23
102 71 26
485 224 21
318 523 25
219 154 7
69 235 21
315 288 21
301 209 1
319 235 24
275 31 17
257 115 15
22 31 1
326 61 17
325 438 4
153 152 1
179 269 20
405 399 12
375 265 27
484 543 20
529 226 24
387 342 29
224 184 5
231 97 17
268 145 24
529 421 25
274 356 14
428 56 27
114 510 24
202 382 15
53 88 23
318 518 20
419 328 26
491 517 3
163 254 11
47 347 15
414 562 3
26 61 25
333 420 30
56 158 32
25 352 13
226 156 5
24 139 34
498 260 24
62 236 18
20 90 31
68 209 26
137 348 10
431 392 19
485 541 27
296 514 23
172 175 23
324 116 11
277 464 8
341 48 31
126 62 29
49 215 3
454 228 24
15 36 18
131 426 10
281 238 15
464 548 28
403 87 16
524 351 27
32 301 27
260 547 22
446 148 17
408 129 29
374 183 10
192 17 31
284 390 21
192 358 9
22 170 5
324 514 23
274 443 9
341 277 19
18 479 20
219 30 4
346 462 8
337 50 15
226 476 29
475 77 32
30 110 24
242 511 18
556 408 14
544 346 15
2 492 31
426 169 16
554 466 28
560 273 8
361 90 9
196 491 3
531 96 32
329 439 19
287 143 30
325 94 12
243 35 20
305 556 3
543 502 6
121 115 14
176 81 13
194 19 23
96 506 11
504 221 13
73 491 25
124 64 21
29 128 17
189 532 6
229 352 20
417 355 28
198 555 25
385 300 12
535 306 22
350 70 31
151 154 30
107 37 33
479 25 32
407 376 33
89 538 16
216 13 5
361 36 8
473 79 9
193 564 12
382 115 6
334 386 32
389 302 12
165 442 3
32 372 28
227 511 32
525 68 15
548 509 31
185 311 27
316 69 16
357 498 13
139 400 9
85 326 6
232 412 32
164 462 21
513 269 34
253 245 7
289 565 25
29 512 25
340 181 27
476 469 20
430 392 9
71 389 5
12 364 9
454 223 26
298 547 33
142 259 6
79 477 16
480 461 18
41 533 28
137 397 17
467 208 28
459 116 9
271 161 4
278 463 21
59 512 30
26 43 29
122 138 15
454 416 14
158 38 14
538 311 12
202 549 27
109 88 26
292 65 18
171 275 5
363 239 18
456 365 6
206 104 28
94 149 3
476 424 24
172 518 25
358 58 8
159 398 22
103 349 18
456 428 32
225 31 4
69 393 30
488 326 12
446 395 9
141 36 22
24 231 28
103 395 31
475 333 20
111 80 17
90 326 22
6 553 28
528 290 21
406 466 14
10 28 9
158 99 12
91 259 15
171 142 22
89 333 31
494 406 2
434 64 18
540 222 33
498 22 31
510 375 28
270 283 14
5 449 18
172 464 1
357 448 23
72 446 31
548 252 14
255 67 18
405 194 34
179 508 22
471 273 15
241 1 29
411 245 31
313 100 22
365 272 15
115 495 8
149 396 18
494 121 24
434 432 6
38 442 15
237 144 34
385 248 27
517 466 29
536 103 24
389 233 13
321 29 18
344 387 3
465 263 31
114 458 13
84 76 34
41 392 34
226 216 33
214 42 8
120 137 31
72 309 22
466 419 7
392 190 17
292 421 32
412 513 33
463 253 24
17 395 25
322 388 27
327 111 12
157 46 1
79 547 31
190 280 32
414 200 6
560 268 10
542 519 16
471 80 2
201 509 20
475 319 9
429 215 10
460 254 1
21 59 17
458 434 32
195 452 33
369 410 6
213 536 28
493 249 28
457 327 17
228 383 10
237 274 18
45 50 19
331 223 21
366 542 29
473 531 25
545 45 12
33 447 25
280 29 8
224 156 17
423 56 2
473 332 9
461 111 23
328 211 9
223 417 24
457 9 9
278 356 20
462 335 33
307 534 22
108 151 21
305 497 15
388 426 31
46 333 5
14 206 21
365 518 26
444 403 20
130 129 31
132 53 7
55 77 8
395 557 9
118 165 11
361 152 23
280 386 27
221 76 31
480 466 34
222 186 21
61 238 19
19 162 8
515 180 8
295 137 15
71 324 19
433 52 5
181 485 30
439 35 9
22 464 12
270 369 26
544 325 21
380 201 28
89 253 4
126 327 25
16 527 18
89 212 5
126 457 28
159 416 19
394 522 8
270 42 25
275 47 11
317 365 33
341 331 23
487 136 1
410 216 32
559 33 13
76 491 5
451 274 30
298 113 14
464 152 14
557 428 1
63 195 4
323 249 31
119 374 16
354 6 6
484 553 32
102 68 15
451 384 2
139 171 1
112 551 32
26 311 8
28 499 22
120 116 17
187 107 29
505 182 15
144 456 22
206 144 7
348 375 28
106 38 32
516 546 25
494 47 7
250 4 7
30 173 11
70 479 13
342 204 24
22 199 7
59 422 21
31 159 7
269 556 25
226 134 12
164 175 8
506 281 33
54 100 32
555 306 18
372 548 22
166 256 12
58 266 6
158 116 3
330 28 13
425 66 16
159 27 14
497 59 31
421 4 10
242 191 18
346 79 31
181 538 9
5 523 34
222 225 18
260 56 16
44 115 25
471 409 26
258 303 23
28 393 28
271 149 15
494 446 34
478 417 31
189 170 5
28 101 10
292 246 19
560 230 5
256 381 32
202 117 13
158 54 11
80 172 5
259 23 9
65 328 4
373 215 18
270 383 16
492 23 8
25 312 16
290 354 18
65 455 27
454 93 16
78 49 15
396 424 16
104 375 24
276 91 8
308 552 12
471 389 14
438 222 27
371 297 30
333 291 15
155 152 14
425 493 1
3 326 10
528 128 18
282 207 28
330 86 24
174 410 25
308 482 28
219 44 14
6 392 6
528 196 5
289 231 34
256 382 17
184 487 3
463 532 24
11 98 29
558 130 18
167 206 34
541 212 7
502 548 4
50 124 26
166 152 33
438 288 11
235 63 26
275 308 13
192 409 30
557 420 29
377 279 11
301 527 10
81 391 9
83 214 28
309 207 19
414 412 14
337 502 24
489 185 33
531 514 27
194 243 14
237 118 26
357 315 11
60 330 30
133 543 17
370 180 13
139 560 2
396 283 16
12 4 31
402 546 24
565 163 3
210 51 8
221 469 6
417 558 13
428 131 27
108 380 27
143 387 21
86 368 7
137 247 9
103 439 31
234 524 11
557 244 9
266 145 8
33 472 20
261 529 27
426 23 31
260 314 32
86 196 18
438 545 3
12 184 17
523 350 26
240 494 20
304 36 16
107 155 26
237 457 16
8 525 29
186 80 9
498 235 31
258 95 33
94 150 19
41 287 33
185 243 7
531 152 25
547 157 21
11 355 11
116 528 27
209 490 25
403 218 18
288 182 24
439 55 23
537 321 32
151 10 7
251 161 12
492 133 8
170 405 20
253 549 27
413 21 28
169 175 6
137 190 17
227 104 4
556 103 17
173 174 9
470 554 22
1 348 16
291 106 34
164 352 2
99 310 16
443 77 22
461 361 5
242 274 12
505 328 7
148 311 21
239 471 18
386 49 30
163 524 6
42 118 22
395 442 18
558 487 12
434 508 12
371 24 2
403 352 10
474 183 34
215 45 3
498 197 7
116 483 31
246 472 2
237 347 10
20 136 3
517 519 9
465 268 20
199 107 26
398 471 19
403 446 8
380 166 15
53 155 14
153 353 33
304 184 26
110 325 3
419 376 6
547 510 32
44 391 22
215 144 16
425 189 34
234 276 14
302 172 29
288 511 21
194 439 10
191 477 3
15 380 14
231 253 14
212 104 2
264 534 26
245 100 34
395 470 19
484 20 13
279 325 10
253 273 21
324 33 21
69 206 8
292 559 14
313 484 9
244 350 29
5 211 9
495 106 18
152 420 30
333 526 9
35 153 34
477 222 13
383 130 9
166 292 6
474 239 6
511 45 28
63 295 9
245 35 27
544 474 8
95 548 22
323 299 31
71 204 32
344 559 4
551 166 30
208 436 2
51 228 9
497 353 3
382 264 22
459 324 15
308 65 5
195 346 25
448 383 29
405 45 14
283 262 3
40 62 11
506 269 21
516 411 25
293 59 25
500 219 9
298 525 3
259 431 20
438 300 12
223 174 28
486 314 25
117 353 10
183 108 12
238 396 32
296 510 9
390 117 1
403 251 3
205 50 33
167 259 3
240 137 21
484 169 27
487 200 11
545 181 11
541 15 15
2 245 26
262 289 15
23 210 30
402 188 18
277 460 12
82 341 8
181 23 17
11 352 34
203 245 13
139 438 5
339 264 19
49 243 17
131 236 8
258 124 14
316 279 20
164 325 27
322 191 17
479 165 20
219 391 21
383 163 17
105 526 21
387 546 19
391 81 11
461 23 24
191 220 6
525 16 23
109 501 13
388 61 34
32 357 17
339 102 25
52 490 23
40 478 5
97 63 2
375 173 23
62 468 23
513 120 9
204 365 24
22 482 26
421 482 4
254 156 16
367 72 26
11 187 33
357 25 15
479 92 32
290 169 25
151 3 14
125 555 29
479 452 16
431 6 16
521 543 34
407 204 34
376 102 4
374 525 17
54 227 1
190 163 19
140 535 7
245 159 9
465 60 8
56 479 23
25 51 3
299 53 16
311 76 9
131 86 26
523 489 2
404 94 18
489 377 33
339 247 26
89 73 15
358 285 9
24 102 3
406 64 18
227 212 14
96 310 14
290 390 28
315 171 3
207 164 26
389 188 10
227 558 18
171 55 28
534 111 13
192 4 9
159 489 7
22 102 15
14 96 22
406 138 15
270 175 21
235 467 26
313 556 10
319 377 2
306 77 6
518 201 13
239 32 27
265 47 24
223 315 26
534 262 21
514 558 10
261 71 22
69 11 15
565 556 29
34 306 32
6 460 9
190 272 34
309 370 20
65 251 27
91 412 17
319 221 7
549 520 18
140 410 11
5 41 32
287 96 27
411 476 1
466 153 2
184 68 29
486 259 17
35 301 18
165 317 5
91 188 8
256 455 4
454 435 6
128 113 21
563 89 12
322 169 21
469 426 8
407 564 24
400 206 20
333 543 29
84 96 30
506 2 28
347 193 11
338 47 20
338 57 25
493 389 34
485 204 24
507 26 11
220 184 19
466 71 18
247 115 16
230 444 32
315 129 23
155 390 16
182 540 25
78 183 33
424 357 15
214 459 31
432 109 34
211 453 19
94 188 2
430 34 17
396 515 2
449 446 11
327 17 14
446 485 7
322 92 34
500 473 12
400 115 20
291 250 17
69 341 20
477 479 29
319 84 27
111 168 20
560 188 32
137 401 19
533 547 4
7 100 15
61 104 1
492 277 34
428 341 32
345 244 32
516 527 26
242 397 15
367 237 20
516 312 16
21 209 29
272 507 20
448 371 31
507 44 11
248 176 1
317 504 14
85 40 11
519 420 33
493 372 24
290 136 24
381 363 26
461 497 12
400 361 12
507 414 18
213 244 33
63 376 6
446 102 5
498 135 26
351 185 26
399 564 28
422 504 32
7 383 19
520 255 31
38 396 7
293 85 7
385 93 26
342 340 14
290 185 32
508 561 2
373 304 34
181 497 6
70 63 12
155 42 30
280 94 4
133 502 18
251 118 3
151 297 33
301 239 15
92 319 1
289 561 27
484 52 24
138 395 10
11 497 28
148 121 9
88 94 28
438 124 14
49 266 2
557 394 10
544 143 34
344 200 32
189 242 6
445 302 17
27 278 13
395 394 9
206 164 5
516 333 18
275 90 29
175 105 27
183 13 11
447 315 23
341 240 34
462 104 7
357 78 9
348 69 15
79 77 10
295 322 26
237 553 2
139 158 28
173 413 31
389 205 12
524 274 10
539 493 25
122 461 17
279 564 34
206 253 15
519 83 10
565 382 31
395 211 4
434 418 19
193 321 32
342 545 10
48 375 34
379 489 30
539 235 7
240 289 1
321 479 15
368 97 32
105 531 28
525 537 2
152 502 24
200 452 10
80 268 3
154 462 12
24 210 6
382 341 14
194 506 9
457 389 31
243 134 6
5 238 4
298 409 3
431 352 29
412 232 16
371 60 24
192 462 20
57 32 29
478 542 1
118 104 21
415 225 2
434 28 30
520 190 1
499 460 28
351 11 27
265 286 4
89 374 29
204 22 5
505 221 9
500 337 30
181 111 12
194 436 12
525 8 31
76 502 3
525 21 21
36 221 3
396 184 8
355 177 26
513 355 25
234 22 9
85 262 4
501 534 33
306 397 9
137 93 13
181 485 17
465 248 16
479 401 6
281 196 14
177 478 2
31 501 8
125 332 17
41 469 22
12 53 2
563 212 1
47 276 18
343 120 5
319 378 4
442 385 26
3 541 10
377 380 17
234 11 10
497 320 10
315 88 30
56 58 29
142 38 12
537 331 9
316 415 34
549 370 19
468 215 16
18 539 21
206 211 32
446 424 14
36 395 6
40 63 25
362 544 17
321 530 8
487 438 6
17 355 11
245 545 23
138 472 23
46 2 1
262 456 20
199 90 23
414 511 12
533 57 23
40 390 10
332 3 4
184 371 6
203 156 3
222 412 21
386 446 4
281 472 24
277 244 17
419 389 1
491 542 6
325 312 5
235 340 5
391 436 3
445 186 10
292 427 2
549 119 29
140 387 18
151 267 31
540 448 34
52 238 14
20 119 16
428 167 30
170 379 19
263 304 3
225 291 31
53 376 1
89 8 19
509 91 16
335 565 2
70 432 18
508 24 33
135 310 7
382 559 21
134 559 29
338 95 26
5 132 34
93 192 9
375 474 28
23 241 3
471 22 10
377 207 14
73 536 29
54 68 13
248 552 6
496 483 6
144 94 24
173 227 26
85 56 20
295 460 2
507 87 3
105 466 9
556 547 5
544 270 32
118 254 17
548 374 16
277 358 17
235 492 19
183 348 14
21 433 33
149 264 26
473 30 25
320 502 25
239 272 25
460 195 21
111 447 8
304 120 33
345 248 22
351 58 6
324 112 17
488 324 22
530 300 28
179 24 32
41 309 6
370 368 32
384 108 1
499 80 29
489 478 26
86 528 8
528 424 13
7 355 8
97 373 9
360 382 1
60 116 29
475 68 24
313 482 26
219 106 17
54 81 10
158 514 18
221 126 30
497 84 2
490 81 27
60 172 26
533 228 2
282 440 30
548 557 29
547 494 21
558 158 16
393 325 8
59 168 34
150 154 24
306 83 26
67 443 2
437 389 15
285 383 28
412 454 6
519 471 11
374 37 4
262 238 9
286 44 10
410 34 8
241 145 3
552 345 33
76 470 3
238 128 15
468 394 4
246 403 17
508 322 2
151 42 31
6 417 21
325 62 3
400 320 11
522 205 29
36 405 19
105 10 6
225 403 20
196 105 20
399 336 31
216 376 31
338 446 18
499 325 17
214 536 6
124 475 23
62 393 15
376 563 15
44 170 1
458 349 5
437 60 8
400 447 4
54 135 3
270 449 21
244 181 14
11 428 2
477 118 34
551 382 32
126 301 10
285 491 23
193 99 1
57 80 33
114 26 33
160 510 19
342 342 19
198 344 32
384 396 21
151 39 18
290 399 2
108 303 22
467 414 11
508 281 6
305 323 25
488 533 1
491 279 31
380 559 26
333 119 27
289 450 28
404 423 16
448 2 11
121 426 4
528 160 7
467 83 33
200 488 27
246 477 16
466 74 28
490 41 33
188 144 15
322 442 24
283 170 30
167 502 10
462 392 24
128 107 10
144 492 8
478 205 33
193 343 13
38 344 31
115 515 34
47 154 15
21 44 11
562 557 16
275 431 20
69 95 31
457 256 31
416 29 18
401 133 15
342 6 32
428 228 25
256 421 15
191 273 15
235 216 33
351 97 15
22 242 30
16 341 6
303 58 28
86 342 26
432 378 12
112 48 22
94 346 24
384 126 31
404 381 14
415 444 3
549 322 12
228 454 2
471 78 32
299 285 28
208 482 24
226 513 11
81 553 32
180 283 16
532 175 23
329 168 34
503 546 18
507 530 4
380 39 32
84 363 27
81 367 31
445 439 12
288 532 13
141 201 18
387 487 25
237 515 34
360 452 14
324 296 23
239 565 8
185 70 23
434 526 2
274 410 17
196 203 18
176 261 1
396 433 3
141 428 28
331 432 21
340 498 32
141 218 6
408 72 30
207 335 33
533 283 21
155 7 15
21 475 33
559 492 6
207 438 12
63 453 11
172 478 2
264 423 16
22 180 29
539 8 24
463 269 16
402 548 17
351 477 7
517 421 26
478 406 15
264 173 9
219 550 31
502 542 33
499 535 31
297 558 28
250 356 25
268 99 27
43 523 16
552 213 5
43 222 2
215 495 27
543 362 29
480 402 17
131 27 9
209 268 26
39 438 22
369 278 20
131 236 23
59 526 14
391 408 3
287 142 9
229 342 23
401 344 4
458 186 23
368 76 6
82 255 33
199 51 14
341 412 25
500 85 5
130 436 20
528 225 23
102 552 32
282 381 19
258 322 29
539 534 31
195 420 7
235 245 17
110 538 19
144 556 31
294 508 3
519 276 1
483 407 9
205 120 33
108 476 5
445 37 10
425 344 27
30 488 9
199 159 12
126 532 14
317 120 25
411 277 1
299 424 16
226 140 13
26 543 12
447 322 7
166 424 14
332 120 23
554 130 1
184 208 32
334 533 10
101 449 28
542 430 28
513 415 17
358 281 19
197 438 34
535 509 16
107 338 13
411 298 31
454 77 26
137 341 5
344 229 13
549 223 7
218 159 29
137 336 34
111 113 21
463 24 23
431 115 19
500 564 27
4 414 17
195 454 3
125 464 17
380 20 14
191 285 30
385 43 6
369 170 32
181 125 24
281 259 12
520 458 13
477 353 15
44 165 9
2 547 24
260 374 15
521 141 16
171 232 15
474 460 30
314 438 1
291 228 16
433 510 26
24 549 13
405 320 25
448 142 18
135 345 14
204 526 28
221 245 33
283 417 6
484 375 32
297 481 4
368 96 29
564 300 31
301 433 21
65 44 4
183 336 8
24 219 31
269 224 26
229 153 10
246 303 21
316 310 32
159 317 21
434 434 21
68 133 2
465 242 16
369 212 8
447 119 16
41 86 24
428 431 6
306 449 30
348 365 27
513 544 23
293 11 8
272 124 25
424 469 14
526 130 27
431 323 21
434 189 3
102 496 2
376 100 20
205 477 18
156 48 8
350 310 27
354 444 19
72 210 12
376 27 27
431 400 17
166 400 13
171 55 31
478 177 10
534 223 25
140 183 21
36 448 12
133 347 9
419 535 4
18 12 31
111 144 16
509 305 2
259 320 7
58 282 24
291 232 26
500 557 6
141 363 29
517 562 12
320 383 18
405 327 24
159 498 13
565 234 32
265 212 27
456 38 33
341 12 12
250 57 24
539 224 32
94 281 16
344 145 3
385 484 9
25 424 32
412 339 3
299 53 11
326 478 19
120 217 3
331 463 33
270 496 4
82 285 9
217 360 14
325 441 25
96 220 9
50 523 30
275 559 25
485 392 25
192 521 9
372 163 5
358 557 33
330 36 11
422 49 28
449 247 25
449 464 14
184 424 29
464 152 3
420 108 18
153 450 10
447 15 14
73 253 26
168 385 7
114 188 21
25 188 22
207 464 18
316 475 16
263 300 32
50 483 9
52 193 15
333 183 13
257 188 7
205 535 24
240 231 13
301 268 8
527 564 31
211 378 3
9 483 12
408 401 30
395 262 16
395 169 12
193 474 2
364 443 14
434 174 4
67 437 1
493 20 14
359 242 33
562 140 31
132 487 17
242 444 29
233 442 31
91 244 31
325 445 32
116 127 5
154 311 26
397 397 17
460 64 1
398 381 6
537 269 9
427 371 18
273 143 6
503 332 5
519 554 16
492 552 24
365 106 26
56 388 10
302 168 5
364 507 34
534 162 32
32 444 22
280 555 27
400 336 6
561 241 5
485 356 18
261 173 11
173 396 32
115 142 15
544 105 2
506 526 1
322 306 14
270 555 31
173 305 3
430 219 10
19 313 23
431 143 17
334 15 28
552 277 20
550 386 27
136 218 10
147 388 28
284 53 16
367 230 3
68 458 17
106 557 6
428 83 20
262 47 19
101 92 26
451 7 26
434 459 29
299 75 2
552 496 20
42 419 20
561 64 3
361 260 17
304 16 18
173 525 33
235 510 23
191 184 31
135 270 13
219 129 10
159 126 23
124 525 4
164 3 19
476 280 6
452 291 33
355 58 33
345 102 34
237 446 2
355 356 6
506 353 12
234 22 26
136 475 4
354 115 30
347 222 33
426 535 17
447 172 31
145 253 28
255 226 11
367 385 32
234 23 19
433 211 31
365 283 3
45 184 16
295 485 20
493 104 6
290 403 8
259 467 2
298 238 30
11 389 23
66 348 30
492 506 29
141 382 16
117 161 10
418 153 20
351 137 4
351 262 29
439 490 6
54 143 17
300 253 13
326 360 7
496 402 10
283 422 8
117 408 32
395 216 1
345 338 3
43 280 30
172 11 3
517 493 26
462 361 31
116 463 33
209 32 15
308 475 31
271 449 12
163 504 15
446 524 20
107 46 20
286 1 26
158 39 3
410 290 34
229 28 21
190 507 24
304 115 8
410 249 23
555 60 14
283 480 23
533 336 1
521 329 10
40 416 2
420 224 15
419 304 3
285 78 27
220 359 30
522 78 4
523 139 30
360 506 13
435 427 31
112 323 11
169 290 22
144 460 29
515 58 15
207 197 33
123 461 20
119 53 25
242 373 3
152 417 24
336 382 7
36 153 17
30 304 6
436 190 15
55 274 22
127 323 30
272 443 15
180 74 14
113 373 27
314 534 34
294 515 24
305 227 9
420 177 30
552 384 30
93 538 6
134 54 25
305 320 28
319 528 17
295 142 3
310 433 3
254 503 24
424 360 21
345 122 14
256 193 19
436 515 28
447 232 24
263 171 34
355 397 28
356 373 29
493 430 1
408 153 13
408 152 31
486 181 2
164 271 5
173 376 18
379 550 27
494 387 21
269 547 23
369 167 7
367 469 8
141 442 12
546 379 33
468 143 10
238 249 22
282 106 31
185 540 12
533 273 18
169 23 23
560 321 26
350 401 29
148 130 8
454 317 22
312 47 8
494 299 25
349 17 9
255 9 17
163 287 14
76 158 14
382 4 1
429 318 9
157 523 24
400 456 18
327 213 22
417 362 34
396 444 11
120 166 34
545 446 16
393 138 14
182 394 17
553 455 6
28 235 7
111 384 23
38 287 1
327 261 18
161 264 29
274 283 11
39 30 15
461 456 1
181 261 2
207 250 27
307 178 8
538 530 11
101 305 30
81 169 18
126 406 19
50 4 7
215 415 23
166 15 27
266 293 1
425 160 30
91 466 24
331 55 16
47 189 31
193 388 30
415 287 12
441 302 9
119 345 32
448 137 6
271 358 15
498 343 30
433 418 1
467 378 25
496 454 2
380 455 23
103 28 10
538 83 6
197 207 3
484 413 21
151 149 20
218 459 8
262 85 27
244 559 28
360 128 12
342 444 11
161 505 33
333 559 15
87 119 19
149 330 15
103 428 33
138 80 12
364 564 13
335 254 5
230 254 17
369 397 11
494 252 9
535 373 8
366 195 18
184 287 12
355 150 17
340 330 23
76 140 16
231 52 18
11 285 24
414 234 17
421 121 5
528 559 28
385 212 15
74 161 10
35 2 6
134 110 13
464 275 28
193 344 24
228 366 8
474 247 13
341 328 18
286 301 24
540 210 2
296 411 34
113 233 13
392 308 2
288 241 31
104 534 18
350 154 19
524 447 11
226 298 14
410 452 19
375 169 14
2 430 21
288 103 28
183 206 30
545 77 34
137 218 32
347 340 25
462 197 24
132 514 31
522 530 2
48 204 23
489 86 5
468 106 4
94 252 2
276 559 32
365 369 3
100 327 7
497 392 11
540 99 3
143 267 18
310 186 27
259 74 17
317 308 11
295 478 2
400 509 29
258 220 34
146 436 21
445 298 26
364 516 26
541 524 16
541 140 25
6 478 22
187 3 24
208 394 34
205 418 25
99 524 21
213 547 26
181 561 17
236 211 3
214 274 34
184 231 2
373 109 20
73 313 21
128 502 19
214 32 16
335 282 5
446 495 11
384 131 6
467 218 16
424 35 18
561 540 34
234 217 12
357 334 1
454 437 27
462 161 20
144 47 33
250 123 4
406 108 33
351 21 24
167 2 20
255 265 34
188 297 7
118 105 12
76 229 3
255 303 23
342 501 20
2 56 5
117 174 19
517 92 9
117 392 17
202 316 16
110 564 18
136 198 17
346 29 32
540 91 15
232 102 7
51 262 27
505 489 19
203 246 2
289 62 29
162 542 11
304 517 18
3 173 10
431 204 18
103 434 33
67 520 11
445 195 12
278 16 13
316 52 31
275 481 13
95 360 3
467 85 16
271 427 33
82 271 13
308 183 2
176 364 29
452 143 19
537 88 5
151 124 25
425 404 18
411 399 8
283 382 17
252 379 6
89 376 12
178 359 18
415 359 28
33 44 4
474 385 11
348 402 31
80 68 23
344 233 16
382 289 28
305 416 19
86 486 26
208 465 6
545 241 22
80 163 10
457 162 5
495 406 30
350 500 29
565 133 6
478 188 21
71 523 7
350 497 7
529 434 5
457 296 1
445 402 19
