785 8307 469 340
178489 300128 246919 521274 931527 101332 452343 545210 945774 678610 86637 76227 587170 581099 208993 263050 820737 102609 355302 986412 431413 170798 358008 394626 416914 834987 33452 26757 501775 317025 737814 301820 279166 221902 402080 866641 49728 308920 693062 447964 946019 426906 877341 134087 64516 944893 467349 238583 176406 479649 776521 36470 251403 202409 665985 769330 895238 179756 356712 321842 404746 743386 996462 786623 221328 687528 101376 232835 962267 566946 872798 599861 981476 547784 63501 962898 973352 205439 568009 514436 221800 336769 167917 700185 233309 142233 308458 701285 61659 44872 565627 26382 237903 48717 46277 261920 998567 268618 825288 841852 136616 502931 394786 128274 422535 149280 367512 45059 614358 445652 347938 296089 325897 39495 120254 754313 490003 298874 710398 58312 437530 84918 452847 944698 376359 778285 731369 809352 367101 854860 433620 225647 136580 180312 340782 864572 412751 201807 893424 20741 451414 20095 320709 940636 197645 11027 191987 193967 1944 79314 855540 877776 526007 968234 399889 612929 692007 504351 354542 225456 362463 337412 923311 501362 828986 74454 345455 785715 36165 322437 879159 447904 308266 886281 643770 719325 547682 678205 545014 984823 104168 294802 165703 305161 950599 226579 333710 34058 289451 698163 76874 196076 511010 838940 104835 34991 694445 935756 952723 870853 631840 404139 412451 722807 215302 798858 452082 813261 151537 782875 415954 265791 77576 716610 709852 757668 331201 324882 876050 575727 65889 202931 175417 656800 744777 624175 363993 983906 149695 344475 635016 530298 946123 243458 186670 724526 818909 477349 467266 749228 479765 569506 193709 541033 535042 7991 759349 983076 297764 65463 852538 116624 183608 865830 287600 405133 706134 171176 968466 951009 480522 243520 647558 603116 341834 458261 211576 151346 471822 354725 954257 704250 300648 587357 719778 677508 268019 149465 690068 978602 125236 671505 969430 773373 538029 639012 813581 490152 964145 690525 782628 207912 51693 236629 686245 88381 372534 882548 656863 716912 722113 571539 644170 157672 353956 462351 184686 40788 882408 113201 407231 367735 301631 913804 795831 99290 7207 815438 415528 906410 993082 287194 885980 395314 994684 73545 109984 933748 881565 877528 466292 300238 690386 689095 539533 613911 188157 218006 509458 704936 523268 304517 417119 599005 830819 713086 437996 556651 195521 382421 660691 66091 398626 736329 464556 985512 131621 224257 152222 653685 64685 512948 482076 545142 420868 504411 590899 299543 554922 244598 971565 401905 329110 687844 453534 833573 544681 5856 407224 550021 803871 773443 787986 772487 162210 441167 694768 118360 965575 617878 843535 689331 180159 431343 955322 214480 594778 406648 279707 534855 913646 85790 333264 803781 297258 852933 694705 76976 590131 249456 87734 69594 537127 837685 981038 35004 872142 923659 32059 58059 138759 106604 567612 579140 838003 583829 331869 932019 101542 997768 844966 234862 208036 265516 856331 829830 337600 26596 883002 88358 656542 179257 763935 22708 951925 131501 22253 869782 425927 367470 528428 490950 76031 209512 469278 503660 221983 153952 678973 874296 155469 313394 213074 145474 632541 415416 205853 434627 387981 764578 417292 171147 528187 830508 318577 689122 140986 806680 337470 542685 981581 822503 757591 594159 419740 951283 882253 617096 950100 878316 113200 324082 847198 501297 162845 708377 802863 278412 954685 479457 467823 842597 409907 551560 497405 394866 281425 689989 425151 345609 275386 190096 534137 180746 804486 524115 654499 272585 291077 842425 342228 44583 168721 642165 47551 883829 996876 649432 252066 978258 67408 631869 929959 500341 50668 974880 232378 421142 848248 867958 69200 55034 131168 998319 231780 270646 193180 54405 459972 605572 34364 970371 169067 717610 133418 392559 353476 888414 929069 255993 314490 270956 493936 470921 405143 676429 400932 697162 769186 463622 805235 71335 153290 563270 650963 775079 884081 915343 659011 946396 190205 628328 261897 799926 982486 464415 217436 124279 495726 436174 304067 241691 466959 94569 356107 874072 547990 879929 221206 480320 357408 217826 658799 309348 577473 596016 194522 953278 514980 544089 872274 934544 294123 814038 266428 925556 453401 72941 924727 479981 320522 689957 412183 12900 808879 823378 227278 39282 449973 613953 13465 512175 746609 850016 693002 849054 626635 574224 662819 929962 25507 664315 929858 689027 207655 898214 71995 223642 438587 637838 520938 365941 995464 246265 913658 890199 748672 3489 939859 555136 625158 794583 42506 341173 183719 818563 428055 803650 749971 333120 237193 754430 600841 329257 509918 825516 885035 642932 138167 546510 432873 857019 294329 756027 497694 279323 777932 684877 363380 973598 514511 942977 495953 752693 63239 269447 436040 343006 234290 139234 768011 825236 725052 11613 941540 711676 207646 159874 651235 58060 86995 402816 825812 270429 606783 425371 608617 797989 708822 589091 294275 19998 122801 604246 516705 711345 31704 63073 10933 694280 746667 689531 879230 587207 999695 936093 861945 262403 956483 879096 363307 445257 357656 232059 849253 833107 512439 988328 775794 798237 538517 167831 999334 536857 218884 517304 576685 475207 412409 170138 697858 539558 677163 417055 135303 118993 91562 132631 547979 461435 605061 861970 659107 425571 461228 250664 64085 448182 163039 989875 938459 152509 983316 90343 459268
512 486 31
57 108 3
446 81 85
90 479 16
434 166 8
466 19 74
385 87 23
385 543 74
172 238 65
495 254 92
724 740 24
265 140 28
258 504 27
150 357 74
13 157 25
615 509 88
555 68 71
573 527 75
575 23 50
193 8 63
727 1 44
728 638 2
625 270 36
537 59 1
2 492 27
172 398 57
617 160 65
694 361 38
276 106 86
452 771 45
296 548 40
206 82 82
92 406 85
316 421 43
15 758 10
688 60 32
223 155 8
690 508 48
445 366 64
191 758 89
145 766 51
13 52 84
738 420 32
670 547 53
26 212 21
96 461 71
22 422 35
594 258 83
186 359 43
663 266 6
419 170 3
708 357 91
649 648 35
159 160 51
391 704 69
429 702 70
241 536 32
409 737 42
668 448 1
339 470 90
32 611 50
234 538 13
652 190 13
449 321 76
150 327 61
129 702 76
183 737 14
606 427 52
15 256 81
578 91 87
215 479 69
277 53 51
465 96 38
346 659 51
679 522 61
57 706 22
388 362 34
35 281 90
373 356 61
180 561 62
489 446 39
584 187 60
308 428 5
498 769 62
269 776 12
2 84 60
489 231 59
586 68 26
168 124 36
409 507 19
544 305 32
98 10 74
145 241 57
683 647 21
548 321 91
175 208 16
307 505 74
699 576 88
30 366 60
14 167 34
63 444 54
366 337 89
3 529 67
110 366 83
505 8 64
783 186 44
627 758 82
520 130 26
597 218 93
519 425 20
4 759 91
155 653 4
626 391 82
165 283 80
558 391 7
399 521 74
442 361 70
348 511 44
220 136 70
193 228 7
559 316 19
59 574 53
176 271 73
380 228 14
264 327 93
469 5 54
752 721 10
565 371 69
400 782 46
415 635 34
328 208 23
402 330 36
715 435 52
204 279 37
471 209 82
752 89 80
450 716 68
467 440 74
540 560 68
672 729 64
742 241 45
125 11 29
404 238 86
408 281 22
84 474 54
109 299 72
466 113 92
552 596 3
591 334 21
722 318 42
282 608 73
768 196 13
149 57 12
318 182 85
26 149 59
40 62 89
312 60 50
392 638 93
502 785 74
190 739 43
318 260 35
630 485 90
256 237 57
377 615 39
521 207 54
511 135 70
297 332 6
475 29 19
428 186 92
733 724 23
621 77 62
432 77 41
555 142 77
88 222 29
18 484 73
448 403 55
289 353 26
49 625 12
626 428 35
407 149 9
602 616 38
555 34 20
467 719 33
354 306 82
23 75 25
760 539 49
166 170 91
114 302 71
228 368 19
284 689 26
145 113 64
737 310 79
594 169 58
281 504 80
659 586 14
486 200 55
612 360 42
149 396 21
614 589 37
630 605 41
493 96 27
539 556 71
702 563 31
513 178 3
26 642 61
359 770 70
397 296 32
189 51 32
391 247 76
734 552 8
460 83 70
202 398 89
561 157 10
369 2 78
310 148 38
95 123 55
346 192 38
438 343 81
757 708 27
169 146 21
29 367 61
530 770 53
249 130 29
86 714 46
158 175 69
290 728 65
762 144 73
435 264 11
776 298 84
54 597 84
525 325 84
75 665 53
237 744 35
372 574 27
240 769 42
757 770 73
396 700 67
251 344 61
416 197 53
680 649 16
295 98 80
750 421 89
84 149 24
631 80 92
729 103 53
289 366 58
513 274 74
72 622 38
189 279 74
194 234 35
759 284 82
113 768 43
486 317 56
424 595 25
345 30 82
678 143 27
433 201 17
592 192 7
60 470 41
727 577 14
537 298 89
166 76 74
137 611 3
50 721 37
610 60 3
84 266 13
409 572 80
25 122 66
279 470 55
656 47 33
45 745 23
134 273 41
296 346 6
224 503 84
733 327 37
754 721 35
646 714 60
623 386 48
396 638 34
86 706 53
474 586 69
279 26 42
80 256 67
750 17 63
392 101 57
612 480 35
140 93 2
144 698 55
276 697 51
400 95 54
709 718 6
608 433 8
163 484 54
510 433 49
467 205 71
754 72 39
388 269 63
317 321 36
402 157 21
698 255 91
371 701 28
153 264 81
378 212 53
407 390 46
570 715 76
395 289 62
610 699 40
14 416 59
426 672 49
211 519 44
683 447 51
180 559 72
594 697 71
666 677 86
330 721 62
221 291 26
712 180 12
93 225 61
218 385 9
60 517 93
629 417 3
528 247 59
286 652 78
114 188 62
200 425 86
776 713 52
27 365 32
147 335 27
426 614 60
319 499 18
474 341 74
331 481 58
413 284 81
229 316 48
605 708 52
777 367 62
717 744 93
342 394 40
498 238 80
483 392 78
561 683 51
512 759 2
195 728 42
288 111 57
36 508 53
443 422 83
167 573 3
672 478 74
333 422 75
435 68 39
291 98 60
80 465 50
698 675 65
320 363 21
11 486 10
551 674 75
581 139 40
107 556 78
625 284 67
142 512 91
293 258 69
394 424 42
695 555 78
506 7 91
317 241 10
598 311 48
6 143 81
681 645 32
285 388 35
121 157 29
68 299 56
437 118 63
770 71 57
775 289 15
150 750 81
764 605 4
595 307 60
291 248 22
489 48 89
609 223 67
118 642 45
578 606 86
591 445 18
424 587 10
657 295 88
699 510 32
296 324 17
173 736 29
445 330 49
785 82 39
14 340 59
615 166 47
783 211 52
240 468 2
620 529 51
759 510 55
165 109 16
66 727 52
347 443 1
476 585 38
498 193 53
247 389 52
530 265 53
319 557 3
326 17 41
235 759 13
262 748 79
735 761 50
716 181 50
224 414 50
326 711 44
745 707 14
633 393 85
616 332 58
361 785 21
109 9 8
532 447 82
650 63 69
244 285 49
371 117 14
165 439 68
447 603 85
754 217 43
669 542 2
591 783 62
723 433 35
431 229 90
698 312 43
395 637 23
68 642 85
183 273 47
33 756 30
667 459 75
747 372 35
65 534 50
114 665 7
590 765 18
231 698 81
765 540 83
75 304 79
495 556 6
710 232 70
271 349 84
35 759 86
149 371 13
349 208 15
207 116 83
57 291 17
2 624 90
691 178 65
256 214 49
598 699 64
48 179 29
738 157 55
740 302 73
399 323 55
440 24 4
344 562 72
73 372 44
206 689 48
413 518 38
275 653 15
229 79 81
286 629 43
252 127 35
115 659 19
31 428 42
420 58 67
510 160 19
461 674 13
285 566 90
231 233 55
508 580 35
198 348 86
446 344 65
542 60 27
664 76 64
366 78 47
380 452 23
37 413 16
453 551 18
609 408 77
399 195 81
161 776 4
34 146 58
666 81 67
183 17 6
81 548 42
460 745 56
33 709 38
733 569 82
150 239 14
426 163 27
9 699 37
158 113 82
133 658 58
214 474 81
175 774 21
600 78 4
405 671 39
541 158 79
318 461 4
304 436 57
571 416 56
383 186 48
499 778 3
515 666 71
501 594 20
241 567 3
765 542 8
59 406 43
503 315 72
392 743 18
150 680 68
215 586 60
764 312 31
332 648 49
617 773 17
492 489 12
308 225 67
551 328 68
121 336 10
111 3 15
522 387 60
602 548 50
324 454 18
16 273 52
220 83 11
537 349 51
366 754 17
11 550 3
490 747 34
720 179 46
450 630 58
675 277 10
606 406 77
56 150 33
23 124 57
722 504 73
188 35 54
451 292 77
725 186 4
57 51 24
319 516 60
545 84 68
222 313 88
662 58 67
607 518 40
198 439 46
111 514 85
425 478 29
433 554 7
143 703 24
640 576 30
698 554 78
448 392 43
85 778 65
97 368 61
145 555 67
677 130 47
514 680 71
773 496 77
748 301 4
73 640 5
64 460 22
585 207 62
112 455 12
276 155 34
772 357 9
166 773 31
437 654 10
603 702 46
451 519 22
435 585 86
707 779 7
468 88 87
520 12 81
607 510 51
144 550 53
26 396 67
31 94 27
679 734 5
674 32 73
121 39 4
271 521 89
486 188 8
367 137 39
57 537 80
347 283 28
328 159 79
207 184 50
22 603 31
361 634 38
178 279 5
441 113 16
664 46 25
195 760 21
772 471 34
171 689 70
624 500 4
553 740 31
564 137 63
428 316 37
169 305 5
20 254 11
680 44 24
638 608 56
533 690 1
185 324 75
290 542 4
540 741 27
155 377 67
115 467 43
199 472 33
190 511 24
110 414 48
89 736 6
613 771 55
59 766 35
346 771 64
673 532 36
766 397 42
492 470 43
266 8 69
285 192 4
131 37 43
171 129 93
717 655 20
29 542 81
310 633 41
347 364 70
115 122 15
163 87 33
693 319 82
474 527 12
566 103 78
251 670 73
556 472 51
464 511 15
705 511 42
41 391 50
436 635 25
102 248 24
424 319 85
440 106 89
298 461 45
426 443 13
326 753 34
46 53 57
666 285 86
80 348 68
291 392 40
356 546 11
484 669 75
429 290 42
540 230 92
5 352 56
266 296 50
461 633 37
74 767 5
268 773 33
626 431 91
700 349 19
17 3 56
476 397 4
562 631 53
364 169 88
702 343 9
264 497 56
349 561 50
233 309 93
669 163 50
532 79 54
356 137 32
696 737 69
42 45 33
783 384 51
309 395 8
163 94 22
647 752 74
690 518 84
65 757 18
371 469 46
506 194 75
400 39 52
578 410 20
562 353 25
757 705 52
668 223 32
154 437 91
645 169 14
270 727 60
720 497 40
768 529 78
125 291 78
318 203 25
735 330 91
341 387 71
729 15 39
459 365 72
699 632 26
340 714 38
351 670 88
243 612 92
553 741 23
588 78 42
452 595 59
599 78 28
121 66 33
664 160 72
574 14 2
14 781 75
771 645 7
246 769 43
619 239 67
121 5 70
397 402 64
23 458 10
780 383 40
651 602 54
696 563 55
106 121 47
674 116 81
633 529 68
747 181 30
310 541 33
11 714 61
723 192 57
354 454 31
256 774 26
253 400 37
173 342 85
726 710 8
727 126 89
711 557 14
327 298 49
167 361 1
692 279 23
231 674 56
88 294 61
655 454 61
503 439 35
633 258 15
91 168 77
610 608 24
718 180 7
414 328 55
256 666 17
326 566 33
362 255 84
596 59 53
165 712 56
495 327 71
416 14 56
512 212 50
338 674 45
470 230 69
315 439 82
92 27 62
393 320 65
315 400 41
230 238 45
331 344 21
283 28 82
758 649 84
599 316 6
413 190 55
137 142 78
144 300 40
428 67 16
422 503 58
292 640 70
56 281 74
304 77 82
723 344 60
486 353 1
230 178 6
41 232 81
194 187 83
26 274 47
156 193 9
120 92 83
126 114 8
173 410 31
518 437 74
653 196 63
529 230 33
116 75 75
54 259 31
738 756 20
477 175 9
709 766 16
654 368 93
782 493 93
115 43 81
676 337 77
186 453 88
675 147 6
7 599 43
630 709 55
696 509 46
701 439 90
405 566 62
16 293 10
326 400 59
484 295 22
385 468 27
746 570 10
740 671 35
367 477 63
427 257 9
375 631 9
429 469 25
527 206 81
174 706 93
186 195 57
501 398 61
207 603 8
750 166 18
389 332 76
324 126 66
87 86 84
535 511 15
679 636 45
250 180 17
284 192 18
281 259 8
223 408 91
559 156 28
691 356 50
241 690 56
197 456 26
200 342 87
341 245 41
584 433 21
217 776 48
509 82 11
629 696 88
126 246 57
746 345 45
10 635 24
533 305 48
89 206 3
100 598 56
725 97 27
190 646 35
435 152 64
186 587 91
531 234 82
444 505 10
569 125 72
359 36 56
120 384 4
748 590 67
485 95 45
56 415 21
574 771 58
347 202 61
497 259 60
221 372 76
212 469 9
418 227 30
673 500 34
334 466 7
435 456 73
692 91 20
109 726 35
437 152 59
710 479 91
380 768 80
112 491 60
614 535 32
325 54 12
246 207 16
393 183 34
106 621 55
522 76 73
724 650 43
218 746 76
135 604 62
393 103 43
381 468 27
372 324 82
690 470 58
459 701 41
145 408 37
467 540 34
696 212 2
783 304 71
179 90 8
56 418 56
495 242 54
270 638 18
510 30 24
499 123 19
94 594 24
461 270 28
761 699 19
240 280 69
303 180 38
271 189 6
540 22 70
364 344 67
725 335 82
429 519 29
757 168 37
399 357 22
369 596 73
597 544 53
423 431 7
725 388 62
320 406 59
56 755 65
216 72 24
432 638 42
235 742 62
291 386 11
765 10 44
498 700 45
645 449 3
11 404 79
772 431 84
373 328 27
438 142 92
182 224 73
224 372 74
117 675 90
543 54 76
429 326 25
582 27 1
757 574 36
218 190 30
373 361 85
491 326 12
425 700 39
594 37 49
271 511 85
135 452 84
203 489 69
758 322 36
18 383 76
133 644 15
496 104 62
738 357 42
684 353 82
181 14 37
111 197 52
168 483 17
575 82 18
525 425 26
84 6 71
394 432 38
248 741 50
654 491 42
759 335 7
27 301 17
361 234 39
491 334 24
19 279 50
318 133 31
494 92 9
599 733 88
627 349 80
136 707 2
413 282 79
434 295 88
704 359 68
582 382 91
446 138 70
569 37 83
471 218 71
540 374 11
252 670 9
303 628 88
183 762 56
194 711 55
176 499 7
578 627 38
432 338 60
169 28 46
547 284 68
561 470 23
316 641 45
771 434 18
677 596 67
637 288 35
642 65 21
277 475 68
433 752 93
691 405 19
133 433 62
350 563 34
774 704 11
197 501 50
629 605 27
28 372 82
474 323 53
483 633 74
781 307 31
223 727 38
237 737 13
432 365 41
437 69 62
247 424 26
337 228 23
690 406 63
776 270 38
655 391 24
142 225 40
709 697 91
749 122 33
432 133 72
261 526 75
643 207 82
551 302 60
215 245 81
151 181 19
418 638 13
244 73 85
519 428 23
218 757 17
528 487 44
242 39 2
79 495 43
620 639 75
418 100 18
654 321 27
213 496 93
230 466 80
74 41 88
193 466 27
556 369 86
723 579 28
302 172 48
745 558 92
372 222 52
711 259 12
169 360 66
696 278 41
259 438 42
463 666 12
1 421 8
523 516 37
681 296 45
300 392 41
192 343 5
155 649 58
433 33 87
301 379 65
181 158 60
585 642 41
538 742 51
413 61 60
604 684 89
588 652 43
337 115 37
345 354 88
562 105 50
305 168 49
36 336 72
170 243 51
332 102 10
656 404 47
747 521 51
394 436 62
482 45 85
139 83 62
668 607 65
657 233 48
180 462 25
775 681 19
57 300 89
460 534 6
654 77 84
511 233 74
158 505 32
128 322 82
269 708 78
287 234 64
758 480 13
360 87 13
330 130 8
153 535 30
98 43 13
770 351 41
395 330 15
453 276 28
534 734 48
680 242 27
96 68 53
90 669 13
253 295 46
34 179 44
379 245 67
156 15 30
634 289 23
536 161 89
301 723 9
353 168 85
727 227 17
427 410 53
601 238 73
538 268 1
421 65 78
132 143 4
384 313 84
696 182 1
332 133 86
474 607 5
71 664 91
90 40 34
305 666 55
48 198 60
451 161 52
758 252 27
159 288 58
581 203 31
407 88 33
404 745 28
527 707 77
718 681 5
49 782 47
46 607 33
26 276 29
436 231 7
520 701 62
686 351 22
599 27 24
18 529 79
513 75 83
342 452 43
232 286 41
773 246 5
532 80 89
340 567 85
743 536 33
595 81 51
345 424 57
146 151 76
412 371 15
130 726 42
57 152 90
751 743 86
278 379 74
573 365 60
228 18 6
355 71 49
658 430 63
322 339 33
466 418 39
576 9 13
326 455 35
682 110 59
281 211 85
163 99 36
374 610 3
181 715 29
702 69 52
317 360 30
449 580 38
701 699 58
663 333 27
572 712 79
313 494 92
677 152 36
392 344 87
624 429 80
691 68 15
321 357 77
450 706 35
628 482 29
474 354 49
501 143 85
101 332 6
701 201 22
443 394 93
344 150 39
176 493 8
201 115 65
348 676 7
186 418 7
269 548 30
783 38 59
338 631 82
622 778 47
13 167 67
16 334 58
654 776 59
534 7 77
570 29 11
380 152 81
246 410 15
10 303 19
191 48 3
379 664 66
194 300 72
51 199 29
313 524 8
271 361 6
316 84 12
624 448 74
551 718 57
495 250 47
500 31 47
279 412 62
199 235 47
622 297 88
396 126 11
544 516 66
287 285 92
779 191 34
39 317 49
147 696 11
438 292 1
439 142 30
406 56 25
73 687 12
137 448 44
110 410 16
143 451 39
260 549 14
47 315 89
777 718 28
44 69 24
473 644 54
181 778 8
440 67 41
18 748 68
564 771 5
427 418 12
219 509 19
250 781 18
720 544 57
135 650 15
682 712 22
48 3 80
580 368 28
32 686 68
347 556 4
539 198 13
368 423 40
409 193 74
464 408 9
322 288 59
564 268 27
442 712 33
86 642 48
520 492 41
620 246 70
338 458 32
124 756 77
113 180 30
529 133 57
291 282 38
442 640 56
671 564 75
626 772 74
282 554 57
427 46 36
557 428 27
287 286 7
97 114 78
169 172 56
624 631 72
442 253 51
26 394 38
217 780 15
439 764 48
319 781 18
305 434 25
624 379 2
688 91 44
256 767 27
2 428 56
769 106 79
40 25 85
102 745 19
266 394 50
601 701 46
167 563 52
529 429 23
96 155 68
442 621 11
713 328 3
670 546 13
344 419 27
677 533 16
582 398 41
544 504 90
225 537 18
613 610 79
670 100 67
82 484 90
373 206 83
524 339 62
334 721 46
285 321 34
723 775 78
357 47 38
17 155 20
42 47 31
644 767 54
153 198 82
754 281 23
668 100 50
45 655 45
484 534 17
630 603 27
755 568 29
286 532 64
230 44 66
540 351 82
625 487 89
709 61 9
777 307 88
318 426 15
256 129 14
40 623 53
427 526 49
322 52 15
339 507 61
45 144 38
593 445 86
674 407 82
228 339 22
230 785 60
383 718 6
144 456 76
148 492 79
572 516 92
528 67 58
52 465 87
272 404 26
575 770 58
534 706 45
43 297 35
223 46 4
381 254 72
409 605 12
570 511 66
736 416 49
522 99 51
521 187 32
271 144 52
763 16 17
219 372 40
697 255 60
603 17 55
546 420 55
589 225 36
761 360 15
451 148 93
12 727 74
333 178 81
570 160 7
559 108 82
749 262 72
601 665 16
652 421 31
635 326 85
456 357 22
527 37 80
269 718 85
769 19 32
688 426 11
454 647 45
200 630 44
268 123 5
113 538 8
329 126 4
583 237 37
405 277 42
601 466 34
166 379 41
150 326 44
280 363 51
183 199 1
715 489 85
61 376 11
149 265 64
407 258 13
477 438 22
137 575 64
216 644 58
228 329 11
323 627 16
133 643 83
228 592 50
664 196 55
493 434 37
639 168 9
702 434 1
133 72 18
204 87 4
269 205 8
328 77 65
417 514 76
740 595 67
191 156 4
359 459 70
680 17 26
635 615 32
630 732 60
251 432 39
512 354 26
124 770 15
418 642 56
777 690 76
16 725 10
635 753 3
15 684 54
264 374 46
79 43 65
150 317 21
730 766 40
564 269 49
105 518 81
751 447 81
195 401 60
693 337 58
314 674 41
528 739 89
326 290 83
670 734 14
361 562 25
700 637 68
253 248 78
55 626 76
733 640 56
6 140 36
713 778 82
353 249 59
753 244 41
490 93 44
700 552 15
196 776 22
135 392 68
168 292 77
376 254 67
591 83 43
304 381 68
232 666 8
3 632 72
599 344 63
64 781 64
245 26 61
167 137 82
221 362 7
404 212 32
8 758 56
4 327 33
756 734 19
648 433 37
785 283 26
356 371 59
388 713 12
550 559 4
489 499 86
536 151 79
755 111 34
544 555 7
483 764 54
685 533 45
673 147 30
58 122 42
131 297 42
405 689 77
564 131 18
1 323 18
726 452 39
231 316 21
205 775 9
114 126 11
520 218 2
751 528 59
292 362 36
785 749 7
685 411 8
560 435 74
562 578 22
53 160 86
50 26 25
779 686 50
11 396 24
509 141 20
240 647 58
12 250 30
184 327 92
685 503 25
567 108 70
314 580 72
523 174 56
703 486 5
34 30 26
471 738 16
48 250 60
144 163 79
338 125 36
499 704 42
473 695 23
12 290 28
467 10 55
161 341 63
264 67 86
463 166 92
301 216 33
47 111 52
162 745 86
460 638 11
173 330 8
733 60 31
698 137 92
4 307 16
228 393 36
115 305 41
774 440 77
565 337 91
56 497 71
776 21 68
295 316 60
116 145 60
202 625 21
133 718 70
779 660 61
34 728 8
156 458 40
468 649 63
303 233 40
552 508 37
634 361 43
608 592 91
88 622 67
597 207 68
104 337 57
490 202 24
139 12 43
132 607 53
306 67 93
619 379 92
337 151 3
432 23 29
445 320 32
658 499 25
162 635 13
328 126 1
439 337 24
463 711 68
313 442 6
659 358 19
585 140 76
356 626 7
279 313 88
165 538 63
133 214 41
485 506 91
24 105 47
250 596 30
643 696 2
17 695 64
46 750 90
191 706 51
172 609 36
132 449 17
528 361 24
330 480 24
549 775 50
487 307 82
575 366 41
235 310 52
221 514 20
360 308 30
148 428 69
178 438 13
476 447 31
705 161 36
83 400 63
131 151 85
283 741 92
523 227 67
761 180 72
409 552 87
176 395 51
146 63 26
250 596 70
254 540 36
97 530 89
409 129 8
275 305 25
455 607 25
33 721 32
783 80 7
717 191 20
720 597 30
257 282 79
309 779 22
660 149 88
73 733 51
31 201 86
679 419 68
291 489 75
398 135 48
641 505 8
501 585 77
32 245 80
55 128 40
560 369 22
452 701 43
368 353 6
567 70 32
612 448 22
369 428 1
611 21 92
609 544 19
609 259 43
87 495 78
246 466 3
24 780 46
683 773 72
712 617 30
253 605 19
598 80 82
208 226 4
766 454 63
119 507 74
81 33 55
314 662 37
654 292 53
333 473 85
365 635 53
98 638 74
520 627 11
150 19 70
356 107 75
145 493 42
262 242 31
433 108 84
738 603 69
43 19 22
299 169 50
519 205 42
462 318 52
623 528 23
754 3 15
197 179 66
634 109 3
764 270 58
607 127 12
770 70 28
443 252 82
496 154 79
319 484 37
168 120 88
140 468 45
716 239 17
119 392 17
216 39 23
307 224 53
45 321 23
602 314 33
426 290 56
753 775 76
311 282 50
135 636 20
561 723 38
702 479 36
430 258 74
157 124 59
678 508 14
250 683 77
442 628 13
366 643 92
731 522 6
182 128 82
467 601 75
147 252 30
68 39 72
613 248 73
196 480 45
377 596 38
145 202 43
155 557 22
397 767 61
113 399 49
251 247 46
182 484 93
252 9 55
438 472 42
681 759 37
41 230 12
565 692 7
298 549 3
275 276 76
762 656 5
67 364 19
2 98 90
780 223 80
655 535 19
72 366 58
606 68 36
305 408 90
765 484 49
118 387 1
307 309 35
558 194 12
425 671 11
321 89 69
129 749 23
620 153 60
511 442 32
161 132 70
225 327 76
357 206 32
705 437 56
720 373 52
328 551 21
287 777 56
101 115 93
315 778 49
19 623 78
128 623 18
781 338 5
74 720 57
187 656 5
53 70 43
256 215 46
638 731 71
13 77 55
160 376 48
658 490 41
394 242 53
666 227 18
315 303 92
280 563 91
614 173 79
565 734 17
234 569 18
607 728 30
186 477 36
519 273 21
38 611 63
342 519 77
418 711 22
518 755 45
304 26 77
489 484 18
249 24 15
52 761 2
377 226 43
735 692 12
430 125 66
767 596 43
213 629 31
383 610 85
395 583 61
231 376 1
351 90 11
499 202 33
535 115 84
141 523 79
463 734 30
302 401 23
336 445 56
554 178 18
248 706 74
57 348 18
101 548 27
492 165 15
139 589 81
763 724 43
618 725 72
218 623 52
758 711 3
549 692 1
9 369 70
686 627 66
481 422 77
685 486 28
487 246 24
329 237 65
341 399 50
483 263 15
130 158 8
584 537 86
65 580 21
733 768 23
565 409 45
221 337 22
302 64 6
397 603 69
424 754 90
699 315 61
726 109 52
571 341 35
678 70 85
265 473 49
221 342 29
55 535 60
243 23 56
198 142 55
491 356 33
631 193 57
740 330 24
118 158 86
666 683 13
80 472 71
124 87 67
761 361 40
489 241 86
160 747 69
499 491 50
774 656 18
726 43 89
82 706 86
454 312 28
499 352 23
187 553 47
322 540 46
289 754 22
730 730 50
401 747 16
771 232 71
558 716 66
222 414 18
615 696 43
432 415 37
305 405 57
473 584 47
218 305 24
773 688 87
742 482 2
380 322 6
509 443 78
702 235 55
450 250 74
601 652 84
630 303 38
562 445 24
357 193 42
174 400 57
117 184 64
184 131 12
661 228 83
726 214 93
239 361 67
272 508 39
308 497 76
373 266 25
413 696 47
270 411 65
293 223 86
236 583 62
767 327 35
334 737 49
156 198 41
75 323 93
760 497 57
612 614 52
637 692 26
628 234 8
434 35 88
384 113 20
302 183 89
600 698 68
572 282 85
60 522 54
402 638 37
541 408 32
385 293 91
744 500 45
308 55 43
152 317 3
296 214 32
567 349 75
198 584 91
262 461 38
491 561 59
755 159 93
245 33 34
693 691 16
264 107 36
377 517 2
239 623 89
112 71 65
520 717 10
434 433 30
622 99 60
601 293 92
721 115 38
127 746 26
141 332 56
497 374 58
464 585 14
494 723 2
369 153 21
211 114 18
340 643 60
139 552 53
138 62 11
472 545 17
571 266 90
231 268 88
667 564 70
330 656 31
151 316 66
368 597 31
616 357 75
257 704 32
319 160 69
64 370 9
175 660 5
118 156 25
217 32 70
594 331 78
748 16 40
717 679 30
354 763 13
173 519 44
496 551 3
351 96 86
157 480 50
714 498 86
28 269 54
70 432 69
423 270 87
723 611 29
309 597 34
314 15 6
711 523 26
698 586 57
700 281 26
24 640 9
346 447 33
782 312 21
591 209 93
417 567 26
314 521 60
272 311 88
577 360 29
137 575 38
314 705 31
687 139 89
568 120 64
610 568 59
275 463 1
71 385 57
528 365 31
773 775 83
738 608 90
70 507 53
259 612 24
743 257 9
54 419 84
679 347 41
168 652 82
311 275 63
118 623 77
501 452 87
659 186 75
324 620 74
18 481 24
340 604 20
3 762 34
391 308 24
411 761 9
75 125 88
588 475 45
413 732 44
679 406 40
63 699 31
489 468 83
119 302 59
390 690 42
456 439 46
473 202 23
148 721 81
408 257 53
431 108 43
71 731 19
270 405 42
726 16 86
597 671 28
554 558 34
400 692 62
254 387 81
265 444 67
64 742 3
234 606 21
136 94 15
683 750 1
275 709 80
578 454 42
223 288 64
251 515 21
236 656 40
655 442 72
225 433 58
298 368 16
142 349 76
732 345 4
637 321 30
483 65 66
719 695 84
686 396 66
491 549 50
11 424 48
77 523 88
354 572 25
519 632 45
299 132 89
716 108 37
700 375 59
518 59 6
435 473 91
366 214 33
160 694 13
140 554 70
684 477 56
281 779 23
748 350 66
573 231 31
58 149 90
505 325 6
170 729 82
563 252 34
298 403 79
582 1 76
508 40 89
671 222 71
326 55 88
14 85 50
121 309 91
213 435 22
96 739 62
288 358 19
8 774 61
398 79 20
425 460 78
219 649 27
761 466 37
579 41 59
367 160 41
525 25 67
409 210 86
72 552 28
260 458 7
14 205 46
691 362 9
696 88 32
405 495 34
22 448 26
513 311 61
566 27 22
785 63 55
246 628 91
299 114 12
24 675 76
752 201 91
250 517 41
665 745 7
392 678 8
471 473 35
648 96 92
24 145 32
687 427 42
614 642 65
443 534 22
318 679 77
375 529 15
751 780 21
415 190 46
694 328 59
145 197 17
137 246 45
393 619 52
266 458 1
431 676 5
538 473 69
329 310 41
582 679 20
29 336 25
778 468 20
329 274 71
29 715 6
467 672 62
517 56 73
619 638 11
146 163 90
344 758 81
542 238 4
27 616 29
458 374 89
401 643 2
602 174 8
537 378 31
288 82 82
437 279 13
99 412 71
101 759 8
57 251 88
146 413 46
355 340 72
582 139 41
508 87 46
328 252 59
548 439 11
532 503 36
351 153 53
656 82 36
680 491 85
761 607 15
24 518 37
315 242 56
176 172 17
673 549 69
336 425 72
421 661 23
529 248 86
418 547 82
267 590 3
566 503 51
425 360 84
697 342 66
179 190 78
281 236 61
269 607 19
249 232 29
172 623 33
764 31 32
215 623 76
105 97 50
313 425 33
543 547 9
482 747 71
544 176 25
279 564 23
524 738 70
99 576 56
70 24 52
434 498 72
60 743 57
695 165 4
135 227 26
130 201 3
379 632 77
236 35 47
601 688 17
291 529 78
303 396 12
750 732 6
246 752 19
755 254 50
267 272 40
649 610 49
626 67 22
530 490 81
366 94 72
19 512 25
184 151 33
709 74 93
611 505 8
147 392 44
395 245 92
581 589 64
486 134 48
52 140 84
328 699 86
264 189 72
501 31 42
64 281 36
198 285 72
490 93 1
705 365 77
471 71 31
601 449 22
442 737 3
248 46 82
19 126 82
398 660 30
151 217 5
146 509 39
766 668 45
554 522 50
71 768 84
730 540 8
143 290 56
3 281 7
602 228 18
467 107 47
25 657 81
422 671 44
398 25 68
7 293 40
206 127 80
352 709 2
671 557 13
419 241 43
693 464 21
729 543 59
755 584 42
501 387 73
149 195 25
540 498 78
574 81 2
725 487 83
254 721 53
177 558 41
581 598 57
613 734 12
519 268 41
651 648 90
445 160 35
633 526 16
397 695 79
367 247 14
591 640 30
370 309 20
175 279 66
632 86 66
548 387 74
57 532 27
112 116 89
308 694 75
244 784 20
532 585 21
237 136 13
240 620 91
524 123 6
327 406 44
738 404 46
538 188 51
445 19 16
13 322 18
598 742 52
707 272 31
772 708 36
213 673 2
725 565 10
588 70 15
231 187 44
417 20 16
301 709 90
19 759 9
691 298 59
174 566 90
113 165 9
394 379 36
7 552 19
463 323 25
197 223 57
536 496 70
539 259 41
196 752 1
551 484 51
583 135 67
284 346 60
295 417 45
256 86 31
327 53 19
613 171 75
381 47 5
721 741 85
660 281 65
190 16 60
481 313 45
87 676 14
594 709 28
86 310 11
180 702 81
723 599 54
222 450 81
537 104 80
269 665 29
177 608 10
552 96 28
442 610 41
213 449 4
76 161 41
662 455 72
449 333 19
473 689 39
258 373 70
6 223 7
320 720 75
668 258 58
239 369 19
582 591 76
197 231 91
542 374 20
299 538 72
580 136 76
633 419 44
695 598 83
402 88 21
517 657 51
761 235 12
109 273 75
686 260 27
154 28 35
156 451 11
232 541 59
162 538 84
38 403 19
117 401 53
297 139 55
203 487 61
390 645 92
469 154 32
567 420 52
33 156 17
144 578 3
749 619 76
29 432 76
492 51 46
63 364 26
714 184 69
250 370 92
285 132 87
19 484 32
492 768 76
365 557 60
274 763 18
228 86 30
735 673 92
683 361 76
162 102 34
244 114 59
389 706 7
527 86 23
132 258 90
391 43 9
529 239 15
520 112 36
396 355 4
178 475 8
696 604 55
622 36 18
33 201 6
371 432 1
360 288 93
4 66 41
144 20 30
69 592 68
698 562 77
178 323 26
668 348 32
106 103 54
425 254 71
344 694 53
549 785 91
604 89 64
418 363 89
699 208 57
2 378 60
139 195 43
346 177 83
297 567 62
209 456 10
628 748 26
719 57 10
431 102 57
769 752 32
403 270 39
409 271 67
618 688 43
703 267 36
218 340 30
699 122 55
601 232 18
752 319 29
209 231 6
100 608 19
775 564 60
371 406 23
208 375 51
138 359 75
5 130 82
451 432 45
627 292 28
62 540 55
513 451 54
578 49 28
87 93 65
263 255 12
303 120 89
684 472 78
431 750 6
74 105 64
547 92 13
677 776 78
72 192 14
441 151 60
280 541 79
324 616 35
535 346 76
448 627 20
628 296 14
209 570 70
513 532 74
393 202 39
360 166 22
636 363 55
171 325 56
444 197 84
170 775 1
497 481 85
384 92 93
109 246 1
472 477 55
610 784 75
419 50 69
222 589 39
372 540 72
367 532 83
485 307 82
472 364 16
732 419 69
413 661 91
80 185 63
105 774 91
625 764 14
689 307 31
572 177 57
455 281 21
199 363 34
378 610 78
249 587 90
163 430 64
544 728 31
378 630 52
74 604 20
417 24 19
221 403 67
291 40 30
330 666 74
361 734 45
690 227 64
221 728 25
509 676 31
363 340 79
411 516 91
400 253 53
667 270 28
629 244 50
28 187 15
192 278 27
614 185 18
219 314 24
162 175 86
684 60 56
533 236 33
541 184 81
660 650 8
721 56 6
600 199 34
780 356 73
86 626 15
785 625 3
395 285 85
746 261 32
713 551 32
734 567 21
411 603 54
311 219 12
114 491 18
526 519 42
419 217 57
712 775 76
204 638 44
643 111 61
100 202 16
507 232 65
491 78 62
592 24 85
454 7 45
586 26 74
749 173 34
598 392 3
324 645 27
309 89 21
120 497 28
11 87 53
352 421 38
323 143 24
620 97 87
267 513 26
406 489 32
579 745 1
271 775 8
587 528 14
715 448 9
85 365 92
680 326 23
147 648 60
763 690 87
773 332 89
642 131 27
189 401 40
25 531 82
7 739 8
669 408 27
153 101 82
45 587 92
101 343 34
445 448 84
650 354 18
431 107 64
572 740 23
26 228 70
147 573 27
357 781 16
451 140 84
576 634 74
251 526 59
228 577 63
116 160 91
433 772 46
698 311 90
329 428 16
56 567 50
659 533 64
165 189 45
345 157 84
344 431 55
391 694 10
392 693 2
386 762 20
572 658 39
454 250 75
551 9 85
341 112 79
554 583 67
638 563 17
22 518 84
692 548 26
294 555 69
544 285 2
528 483 29
77 270 86
287 274 88
211 723 35
677 516 1
226 84 67
283 546 9
375 295 89
779 135 67
115 271 28
42 2 63
324 308 25
331 237 6
111 219 1
472 85 57
641 777 10
51 51 71
506 288 93
158 602 49
338 654 76
142 607 46
524 471 2
122 370 53
293 519 2
225 613 8
453 45 19
59 125 84
758 164 27
491 235 73
208 150 27
690 588 86
52 114 54
285 183 26
46 138 21
44 706 27
643 74 38
684 518 9
457 256 3
475 757 13
365 605 67
428 516 15
42 146 65
546 781 84
333 704 69
365 60 73
730 42 90
358 187 88
248 447 22
615 283 8
618 689 54
123 707 42
390 255 17
356 298 83
665 552 66
33 321 40
756 394 90
420 211 41
274 335 60
242 573 25
6 172 23
537 432 44
725 351 26
306 557 32
406 84 23
169 339 43
174 497 1
275 376 8
632 265 72
361 768 43
574 364 10
319 744 24
88 576 55
20 688 32
768 542 77
430 215 3
237 4 12
528 112 56
759 356 43
421 60 71
19 107 69
351 385 4
341 484 86
513 695 76
777 125 4
394 490 21
214 34 18
691 15 81
445 547 17
340 113 30
159 355 45
232 593 29
652 157 76
350 84 86
253 728 19
4 283 76
311 638 83
181 301 74
526 781 83
406 555 31
621 171 91
307 436 56
680 581 83
139 765 11
498 128 27
671 427 43
494 472 51
266 556 29
256 19 13
385 279 91
779 659 26
394 644 63
251 508 3
81 381 30
714 674 47
374 698 61
40 342 50
655 36 72
531 133 12
145 414 73
299 683 25
495 181 14
319 243 61
394 218 21
116 264 51
142 92 50
471 131 87
769 458 56
347 90 2
511 601 29
209 611 33
565 613 64
728 725 25
602 591 30
348 715 11
136 561 72
415 324 51
239 503 63
326 642 29
168 733 23
784 324 15
713 431 53
382 287 24
5 687 70
782 55 32
28 39 13
44 621 55
764 515 1
427 73 24
736 640 33
661 160 5
426 207 5
211 45 54
44 476 63
560 716 93
622 485 35
81 394 68
729 312 72
500 435 19
547 236 4
632 147 50
467 125 69
529 320 92
317 12 37
720 310 74
544 334 65
282 511 11
9 564 90
606 150 45
330 331 83
294 307 14
438 770 23
390 296 14
494 449 13
129 436 44
103 559 52
526 218 81
702 248 51
683 641 8
630 738 73
544 771 10
367 586 29
528 410 23
359 460 81
443 101 30
641 534 66
191 69 37
363 261 49
352 782 49
284 48 83
535 109 15
440 164 86
682 689 74
543 225 47
777 172 28
555 490 9
299 609 10
607 235 72
463 769 68
214 441 14
136 695 75
607 322 42
634 240 70
674 638 25
583 556 22
99 572 51
759 751 33
443 137 29
635 304 51
779 751 26
251 426 10
456 240 16
215 342 61
53 624 63
184 598 5
231 322 12
244 131 93
101 431 12
171 612 2
360 708 53
534 662 55
117 624 30
448 424 20
464 453 25
250 122 59
462 181 77
399 515 52
695 467 85
458 48 40
132 39 20
175 545 77
338 10 24
234 243 59
317 48 9
287 79 56
51 561 21
488 604 37
606 146 34
628 728 16
440 74 22
267 292 41
14 53 7
167 291 54
691 171 32
411 622 68
515 316 72
209 456 82
289 602 87
128 154 37
730 377 13
610 144 49
348 381 11
540 522 90
335 228 82
403 99 7
50 447 12
133 654 70
698 194 92
463 12 2
217 666 6
476 330 77
692 348 11
131 539 23
235 759 20
478 750 87
572 437 34
5 593 50
536 581 64
642 528 71
430 447 71
578 641 11
629 545 13
151 651 56
272 568 22
287 127 90
33 235 57
734 30 4
1 742 40
767 545 45
57 482 83
654 342 34
49 574 42
75 624 15
507 629 92
522 558 89
635 3 78
715 680 85
706 379 80
224 390 48
684 100 20
708 492 37
643 440 14
515 425 19
300 321 18
19 17 12
21 64 7
720 347 8
28 508 6
351 104 50
78 106 43
133 473 59
470 634 2
757 61 43
248 701 86
87 164 47
540 371 5
1 559 9
124 247 48
143 564 41
141 588 78
600 440 59
474 416 7
397 367 43
292 189 84
632 233 82
346 527 91
656 328 39
78 149 52
768 46 66
495 780 46
591 781 73
711 608 61
466 345 65
715 353 41
194 38 77
299 600 11
92 169 52
422 191 43
163 287 27
549 266 53
237 518 61
274 376 43
140 207 67
294 392 67
98 778 77
782 113 71
731 183 75
307 327 71
732 273 36
611 211 52
74 624 38
203 229 6
536 454 3
745 575 9
500 583 32
314 611 48
600 215 68
703 764 62
417 361 5
644 122 87
256 162 65
161 558 64
72 518 8
687 11 89
608 698 76
747 425 38
338 650 79
462 638 39
222 600 69
337 734 67
268 190 25
19 325 72
659 26 1
689 505 31
71 76 44
664 162 25
233 658 44
132 426 89
341 668 74
409 199 17
8 717 16
525 365 36
190 380 20
457 25 92
674 398 66
8 559 51
261 109 78
641 644 1
368 271 26
417 99 50
588 444 88
198 556 9
485 341 50
461 145 73
431 14 10
239 45 15
269 422 82
44 565 45
433 51 11
113 659 93
251 255 73
503 95 43
71 751 85
780 479 9
556 705 63
720 12 83
62 341 62
706 404 59
341 96 31
252 677 31
474 193 44
505 512 55
709 487 47
366 63 68
753 7 38
222 161 40
581 438 77
577 717 88
708 643 3
471 674 45
503 33 65
418 493 76
585 179 54
555 94 81
640 675 93
348 109 34
468 111 61
47 637 15
122 726 39
146 354 65
53 545 52
119 473 15
783 367 93
174 529 45
112 651 17
641 326 70
426 263 44
760 628 9
745 617 76
379 494 37
766 718 45
538 742 30
732 530 6
674 704 74
458 744 78
102 182 30
125 397 18
419 64 35
394 363 80
366 227 71
653 95 87
19 525 42
742 389 10
343 46 77
619 398 42
60 363 70
157 244 51
121 421 48
778 695 72
124 31 26
314 433 7
54 138 30
505 97 19
157 387 20
136 32 27
661 405 45
696 195 16
402 267 78
272 696 64
23 775 23
723 93 2
573 136 33
394 162 63
372 91 35
680 708 29
759 111 76
367 459 74
153 471 93
707 288 86
689 637 48
503 135 59
571 402 54
176 179 77
61 741 68
162 149 20
447 768 58
401 343 92
720 93 4
537 120 41
653 285 30
129 91 12
502 155 19
323 629 35
253 93 31
214 732 44
747 529 58
2 177 60
579 425 77
326 369 68
151 676 28
171 115 20
94 157 63
714 296 69
127 547 18
96 588 78
450 481 34
775 442 81
510 532 31
58 654 13
490 664 42
641 626 23
46 755 30
123 199 56
699 394 66
413 474 52
363 607 6
82 373 51
133 146 74
526 117 92
256 745 71
502 728 44
756 667 88
11 605 69
341 56 88
216 638 5
240 353 76
127 658 65
331 663 10
678 61 68
347 339 80
548 630 69
440 183 62
188 78 4
503 366 76
247 205 28
618 281 34
345 168 4
379 337 93
556 715 1
238 131 54
419 370 20
325 178 61
307 541 39
319 451 93
706 305 32
624 735 13
679 413 57
76 64 16
158 29 48
620 57 79
437 756 68
400 243 37
540 546 43
670 371 90
347 72 76
635 525 21
250 409 11
23 573 9
563 300 1
176 85 38
473 518 83
91 686 82
440 463 42
646 150 6
145 85 21
433 546 82
330 337 20
736 78 35
756 170 55
289 105 90
488 473 12
688 171 26
114 498 62
693 470 34
529 538 18
57 397 80
333 125 87
65 635 89
702 217 2
595 113 57
51 336 49
185 235 69
390 483 7
354 596 32
503 269 72
421 171 73
756 674 32
518 364 72
263 413 40
761 291 47
149 753 35
10 57 88
750 179 74
60 87 57
239 115 91
89 566 72
574 171 83
550 641 15
328 124 30
91 372 67
107 767 20
295 341 55
542 174 72
590 22 9
50 760 35
716 348 30
413 724 26
233 410 82
542 545 86
285 417 59
506 128 27
238 59 58
546 494 15
659 280 27
741 111 93
393 116 8
488 661 37
68 107 29
548 298 14
441 435 83
245 122 65
764 346 17
69 575 88
573 344 34
224 14 36
414 641 60
398 648 62
545 370 66
110 435 29
246 309 42
593 774 61
79 734 19
331 426 80
100 249 18
510 728 33
287 770 45
753 249 58
660 397 45
551 215 52
229 693 5
314 460 28
691 602 64
137 242 66
59 140 6
163 689 92
148 512 74
618 297 76
586 401 68
518 261 7
596 146 64
335 663 72
226 312 71
540 615 68
559 538 4
714 579 88
109 596 65
260 587 33
520 24 13
255 497 60
421 243 3
131 627 82
82 718 47
86 73 75
763 150 58
662 257 5
694 50 62
352 42 23
70 10 36
709 143 78
104 633 59
527 260 72
77 382 7
280 698 33
764 525 37
129 486 57
659 537 12
693 566 23
597 488 77
720 721 36
233 143 1
340 702 23
212 581 62
9 361 49
646 271 46
330 13 43
143 291 82
290 88 65
456 444 63
196 49 78
757 350 92
722 540 92
103 579 72
284 727 76
278 228 85
639 565 81
559 641 65
779 534 78
316 223 62
747 557 76
744 386 37
214 185 9
340 323 23
526 679 8
447 324 15
24 628 16
567 684 36
405 155 78
174 363 91
525 652 92
525 22 30
563 163 17
461 309 3
218 361 11
360 251 14
661 274 17
413 554 5
78 672 57
476 342 73
460 170 82
352 726 34
646 258 9
434 457 59
486 103 27
713 11 93
49 646 20
33 777 28
530 135 49
647 61 53
613 48 13
100 701 62
568 338 91
479 295 5
152 353 30
278 34 10
555 69 51
255 441 89
543 264 53
578 224 90
762 111 30
328 587 21
201 80 4
161 210 75
221 346 58
713 659 56
494 325 11
323 30 57
2 513 34
3 275 65
99 356 25
559 287 48
425 59 83
329 259 49
425 642 56
279 721 13
203 580 2
245 517 28
613 221 9
335 386 20
46 468 86
770 272 36
21 77 18
420 704 13
606 240 81
650 394 29
171 670 55
728 205 61
671 702 76
514 747 70
550 478 37
395 501 76
505 287 78
190 724 93
750 724 52
766 137 81
696 494 6
117 639 79
692 544 66
168 198 86
92 305 69
702 338 19
564 384 44
246 536 5
244 154 75
472 479 53
323 662 1
595 261 39
770 522 82
128 119 33
557 548 71
626 475 32
291 54 49
288 708 30
482 114 92
485 546 5
16 21 12
238 489 70
754 187 64
270 707 89
294 376 88
778 584 31
250 585 46
100 561 50
144 337 21
514 269 76
311 272 2
456 589 74
506 406 14
14 108 83
685 674 76
777 269 76
108 86 51
269 111 90
412 142 87
118 633 57
587 781 92
461 107 37
550 32 77
71 249 69
589 427 78
239 517 49
456 244 6
533 443 2
698 327 48
263 585 11
463 502 24
205 267 37
593 51 82
426 126 4
564 398 70
573 606 73
730 692 93
604 715 37
627 272 53
217 175 27
607 519 9
602 311 15
279 83 61
240 208 1
252 585 72
412 505 59
770 290 59
512 606 3
347 112 60
327 742 63
747 516 22
318 310 19
108 462 34
395 2 39
681 574 56
53 96 6
755 694 86
780 195 86
637 169 76
390 584 21
409 24 18
773 673 90
252 239 44
361 397 24
224 283 19
249 207 63
201 324 93
267 239 83
194 564 86
447 754 9
740 24 30
140 609 62
567 545 83
452 155 45
240 596 67
631 292 89
57 230 84
60 646 16
355 243 27
294 183 85
411 196 74
205 669 51
310 733 18
93 19 77
209 135 80
587 167 80
274 174 49
523 583 5
578 329 74
596 622 40
702 135 39
549 407 32
104 607 84
108 532 75
138 24 15
475 778 84
606 203 69
207 468 38
20 234 77
483 543 87
174 271 77
309 592 15
669 124 90
29 491 68
731 225 77
551 469 49
613 618 37
623 125 11
720 287 71
727 538 7
780 492 25
161 33 80
475 336 31
158 439 27
242 314 49
10 293 89
343 460 82
511 5 66
539 673 76
579 189 50
125 532 22
375 730 90
265 659 72
456 100 27
366 480 78
373 343 91
706 517 58
491 691 44
500 487 54
409 490 39
462 301 5
172 244 34
682 231 25
298 4 43
115 650 79
60 663 87
360 262 44
108 600 4
163 253 50
681 154 6
516 756 23
118 78 71
303 400 63
121 598 89
58 548 52
206 715 46
477 450 37
645 716 66
763 58 24
673 407 20
233 449 57
675 500 8
305 572 84
63 673 73
685 351 68
528 76 65
573 194 61
174 500 83
200 87 12
491 525 24
388 14 33
166 522 17
732 742 46
399 299 84
217 703 52
633 34 33
387 356 59
506 726 35
263 92 42
736 460 71
567 68 74
718 234 91
462 226 62
711 208 49
687 241 4
392 215 38
487 261 6
97 545 93
25 691 71
759 62 77
210 443 47
762 187 48
358 584 6
402 83 36
674 375 57
332 594 48
676 534 54
516 383 50
727 57 26
500 654 24
665 712 73
590 470 19
478 374 8
762 743 2
684 115 28
419 734 45
65 253 9
5 426 69
212 518 20
101 729 28
493 776 49
687 554 21
324 211 83
660 59 12
309 87 13
590 202 1
489 425 65
571 734 91
371 637 43
430 64 20
362 280 63
428 292 34
779 742 37
268 532 34
146 724 66
165 44 55
496 166 23
602 694 35
409 76 70
653 337 57
111 4 63
467 510 18
765 80 57
707 741 53
3 521 34
587 529 12
43 502 63
59 563 88
730 650 13
214 535 2
31 572 11
91 235 78
755 215 39
250 276 17
206 647 29
581 567 84
466 212 23
139 225 15
527 704 43
780 69 9
180 58 12
544 473 88
375 255 4
766 548 24
550 65 31
332 492 90
249 102 64
615 438 40
266 86 11
373 226 35
434 185 80
286 374 37
527 156 7
589 446 3
359 677 75
248 90 67
371 781 7
163 265 68
343 704 92
342 306 82
427 322 91
755 179 66
602 28 6
332 195 74
162 238 74
171 507 53
69 470 84
408 674 76
298 478 88
109 249 59
584 694 63
642 106 53
145 708 25
556 231 71
424 487 28
256 772 14
332 550 31
752 191 32
583 207 19
6 585 6
249 704 12
132 704 11
334 327 82
302 297 44
399 392 18
400 668 20
419 563 22
687 335 7
410 500 14
40 239 57
481 30 56
749 563 2
12 217 35
745 244 83
197 346 76
34 257 21
269 46 55
536 673 92
310 165 8
353 760 79
23 674 32
295 288 76
733 604 1
678 369 79
22 28 54
558 442 36
104 21 53
3 409 61
608 362 25
578 515 26
49 748 90
599 717 86
304 517 83
581 741 43
377 777 32
98 671 21
60 732 3
463 244 3
439 168 17
655 488 45
587 129 37
742 496 30
412 405 77
105 350 18
114 608 14
362 148 3
765 596 12
147 25 36
229 771 72
14 312 17
475 331 33
46 124 89
196 356 29
528 412 56
8 784 21
772 198 46
186 731 54
173 24 3
230 623 42
756 470 66
759 31 51
137 491 49
528 65 56
424 610 70
124 73 38
385 642 80
319 128 30
651 189 34
219 776 92
124 775 43
120 765 82
606 35 63
55 111 21
648 332 52
384 43 87
80 510 74
682 694 78
738 100 58
143 30 85
151 739 50
423 51 39
698 530 61
741 70 34
693 568 75
717 7 36
777 260 69
391 533 56
654 683 35
245 623 47
128 615 30
572 644 28
310 154 25
186 382 33
440 250 15
84 777 79
532 108 21
336 188 20
753 298 3
768 221 2
139 780 10
567 423 45
717 146 48
574 164 39
629 721 83
91 108 4
46 472 75
262 277 66
283 694 3
669 195 27
210 602 37
605 492 84
223 743 86
532 435 5
545 735 52
742 142 31
341 623 35
493 550 25
626 560 83
616 248 79
698 518 29
404 751 2
290 140 7
702 540 87
139 371 50
302 756 6
435 42 44
130 608 87
434 755 93
216 783 40
400 345 46
357 96 69
86 439 67
541 184 91
334 537 53
579 13 19
243 347 6
628 623 64
100 602 51
656 66 82
119 643 64
195 41 64
720 713 82
40 632 68
684 266 17
484 774 76
17 127 17
563 275 86
727 119 33
545 776 68
738 370 52
666 24 15
625 181 80
400 63 62
630 252 33
7 113 14
491 209 7
297 177 43
163 52 55
81 384 37
588 300 89
529 84 40
183 556 36
104 16 30
401 117 3
659 510 59
228 152 4
203 685 25
694 608 37
575 486 23
491 651 31
673 541 67
618 474 48
412 36 70
576 236 90
135 274 16
525 682 40
401 724 17
219 508 34
271 388 14
765 397 11
321 760 55
626 422 36
655 644 34
542 126 86
130 710 23
99 669 90
705 220 26
576 235 93
144 526 64
707 311 22
73 115 75
491 669 81
47 691 20
397 358 12
495 442 74
168 216 22
6 373 61
730 578 73
677 34 7
226 90 53
459 94 7
113 453 66
104 446 55
749 548 47
131 387 84
590 388 42
724 721 40
3 715 22
754 611 44
30 751 55
722 281 44
203 63 15
298 618 41
514 47 34
285 125 28
127 399 11
117 586 45
302 59 49
28 673 49
20 645 10
685 778 18
665 209 83
105 775 58
565 358 25
495 427 43
540 616 86
493 228 72
367 480 24
200 703 59
348 580 8
238 268 18
435 762 68
132 230 65
735 613 90
437 354 66
293 355 88
724 110 18
610 329 84
753 641 30
565 338 41
360 75 93
764 107 19
265 585 37
114 14 64
464 743 79
601 693 33
108 290 24
388 465 44
230 369 6
244 594 18
779 704 73
101 378 1
16 147 42
532 728 35
105 547 50
472 80 52
421 489 10
404 164 10
26 583 1
745 664 68
340 282 88
201 609 9
359 134 85
63 583 44
319 254 76
381 766 66
220 268 52
517 144 79
541 268 74
421 651 81
416 500 64
580 774 55
132 320 74
550 760 88
698 631 23
570 255 12
782 87 12
232 621 57
351 46 11
204 308 11
738 590 17
228 233 32
148 753 49
751 199 27
678 271 37
145 681 49
73 783 3
91 257 53
413 566 78
308 527 1
42 434 33
724 75 73
138 510 76
672 50 13
557 219 86
321 176 4
344 68 16
495 322 74
381 690 53
373 572 1
709 266 26
526 168 30
602 344 89
498 675 81
43 421 22
3 511 59
95 776 37
321 302 57
715 646 5
185 739 49
698 322 36
503 287 10
123 84 35
613 703 65
308 659 27
639 532 36
114 679 53
459 412 53
294 135 87
49 234 90
543 322 8
165 432 49
626 26 36
27 675 52
645 309 14
231 309 60
489 414 80
248 388 48
744 188 70
274 182 7
526 551 17
519 584 4
143 22 15
287 281 42
276 369 3
630 325 24
689 485 44
85 147 52
691 507 19
435 145 21
48 313 43
265 304 89
165 411 53
733 317 51
682 411 93
164 485 27
718 43 3
148 557 67
433 386 5
724 316 69
293 685 31
311 102 48
506 321 75
384 427 86
414 712 64
693 334 84
186 443 66
654 96 44
770 505 41
236 332 51
377 411 39
377 313 21
575 32 69
668 664 60
755 404 22
288 185 58
478 341 45
563 179 90
46 248 31
88 728 65
362 382 92
418 426 90
615 117 44
603 35 36
714 167 2
459 415 82
567 346 85
367 680 20
265 157 30
783 274 57
249 492 30
284 649 71
308 159 12
117 145 7
346 324 7
97 705 61
160 227 12
382 642 73
327 292 84
99 657 67
571 699 57
575 25 56
606 280 90
500 20 18
556 434 10
500 667 10
598 260 4
594 695 60
624 420 30
310 322 25
675 547 87
446 493 55
67 158 90
671 120 68
295 349 78
704 16 66
392 65 1
716 164 34
606 410 8
360 532 14
67 417 37
368 658 15
543 683 29
702 428 85
476 8 39
493 414 71
442 135 34
82 366 62
738 169 63
589 417 4
588 768 78
561 738 8
489 573 21
466 590 55
43 331 39
606 285 61
131 594 33
338 373 80
99 221 34
55 588 1
299 401 60
673 750 51
178 215 51
197 424 6
414 123 45
64 156 45
692 696 71
135 449 79
613 266 8
111 548 81
688 341 77
44 164 56
338 707 29
275 413 72
532 242 76
338 623 25
418 750 28
693 167 71
90 477 66
399 603 78
62 205 9
98 514 83
106 418 23
416 400 30
257 220 47
85 625 20
347 253 34
701 459 34
332 109 48
647 714 53
94 230 90
726 255 1
69 572 20
298 522 51
432 659 22
278 95 44
256 407 65
751 280 42
196 642 74
556 207 14
435 203 90
525 633 72
453 120 48
6 476 81
269 613 27
170 773 80
696 151 59
97 546 77
627 783 17
611 134 87
709 636 69
635 453 24
405 211 2
206 37 35
467 362 2
484 180 47
49 169 47
43 592 56
247 782 31
740 192 23
315 491 20
145 626 9
502 21 51
210 172 79
743 543 31
219 485 24
749 182 23
487 196 38
612 600 70
409 532 58
478 331 88
376 585 72
234 553 28
45 673 60
213 167 28
496 298 44
767 365 75
149 732 67
188 247 22
172 119 90
200 716 79
720 280 76
8 769 5
549 371 14
61 356 76
725 743 68
82 307 29
119 39 78
126 598 49
431 625 34
576 652 66
117 62 74
350 684 84
480 483 55
734 254 20
112 302 73
298 548 38
630 259 33
733 322 40
737 589 4
537 217 8
449 397 15
81 259 84
143 364 84
734 327 21
43 559 17
92 302 57
73 719 66
693 157 39
189 73 91
316 586 64
575 235 64
319 109 90
401 504 65
755 351 57
752 355 23
588 174 13
562 202 24
387 388 28
707 472 51
569 211 64
421 605 63
193 565 85
724 16 44
757 573 18
495 269 59
400 601 34
362 136 91
6 699 81
150 756 4
236 34 55
639 137 28
111 220 48
252 468 2
647 588 49
86 119 49
402 397 2
89 25 50
380 739 4
2 121 53
182 377 63
389 706 71
564 639 39
677 16 37
327 480 91
76 388 47
780 53 69
636 620 87
378 321 80
150 245 32
53 763 9
719 554 82
682 543 35
307 748 60
623 777 90
117 154 31
306 673 4
443 109 43
621 601 69
627 708 77
6 317 81
274 178 72
372 29 51
177 22 73
204 768 81
520 560 3
548 359 38
154 379 46
287 13 84
199 438 91
417 267 59
471 86 54
768 668 38
715 36 14
45 637 26
10 32 6
245 91 83
448 488 24
706 619 14
379 417 81
590 563 58
414 170 45
377 237 10
550 628 41
673 717 71
399 711 89
473 601 32
329 408 26
184 533 8
525 379 70
351 406 28
499 726 14
780 219 71
130 648 88
644 244 14
593 544 27
390 748 55
721 436 40
341 429 55
528 322 19
155 157 86
335 674 56
625 204 68
525 60 26
743 56 19
641 541 40
418 633 30
205 181 22
439 454 41
314 120 50
235 779 32
220 330 51
406 88 55
55 337 58
244 355 28
714 721 22
401 660 36
228 566 50
500 425 16
555 118 51
706 696 92
447 748 57
99 78 69
589 392 20
732 573 67
602 181 11
96 33 2
169 698 87
211 228 68
707 277 18
346 159 12
87 233 52
406 208 44
759 530 28
677 303 19
257 336 12
443 615 32
39 560 56
361 304 75
96 309 14
524 317 71
411 402 89
122 277 2
356 785 79
229 32 53
446 634 5
575 692 70
698 140 30
78 192 62
157 554 21
571 78 28
50 345 59
531 201 4
500 590 54
664 359 39
592 696 85
446 81 66
569 165 46
727 658 53
426 72 77
647 514 53
612 779 28
765 384 59
462 177 81
106 324 51
213 552 88
508 94 11
416 755 25
110 229 67
253 505 36
389 349 9
41 589 3
590 88 51
54 355 90
549 497 78
197 120 11
285 143 88
134 316 21
194 364 19
54 178 81
358 30 61
45 378 73
303 586 50
25 357 6
747 726 93
774 350 14
541 541 56
509 6 61
230 238 30
514 603 9
266 465 14
673 368 29
153 550 66
106 156 57
331 436 60
771 572 23
699 500 68
535 708 1
191 407 19
647 141 73
359 670 59
188 761 17
493 451 56
248 693 18
302 365 69
473 491 76
666 63 88
30 125 9
533 395 56
754 539 13
667 501 40
100 165 84
142 501 51
666 203 65
122 773 72
350 188 79
277 365 48
430 282 55
6 648 35
366 295 1
107 316 82
453 755 4
380 181 43
368 328 54
89 632 43
344 481 64
128 777 4
649 460 80
377 424 11
770 696 70
318 380 40
46 387 89
406 447 23
543 282 16
275 505 30
694 778 4
535 583 46
462 694 24
102 295 51
364 730 33
712 521 4
91 139 55
369 417 37
682 342 30
716 277 60
605 734 48
95 18 19
213 40 91
485 517 67
41 367 64
175 266 26
570 232 44
565 40 54
7 632 31
551 17 28
769 2 14
747 476 65
85 86 23
520 718 28
756 223 80
105 263 90
477 282 32
255 476 21
139 501 45
373 365 79
467 365 5
773 667 19
651 701 30
363 663 75
250 116 80
162 451 80
104 752 35
167 253 11
74 302 75
131 196 82
473 336 36
485 620 3
767 301 79
161 228 41
498 737 57
349 405 40
643 295 90
769 126 49
487 561 84
434 669 1
225 278 80
313 464 1
133 421 93
472 584 13
749 127 14
784 648 25
638 585 11
64 439 25
702 752 47
548 77 27
499 572 23
531 767 91
719 234 32
604 386 88
636 98 40
696 460 6
178 60 60
447 494 78
108 144 93
52 112 9
461 486 38
37 413 1
431 435 61
103 34 45
124 645 90
424 580 81
719 367 46
366 96 75
295 781 67
425 65 83
672 687 63
494 175 65
781 565 33
80 592 38
143 117 11
341 193 54
83 774 37
621 437 69
69 600 90
493 382 21
551 532 76
477 388 23
218 680 1
726 356 70
84 638 17
14 294 91
490 73 59
230 301 40
249 610 70
81 278 38
28 280 9
561 147 73
113 280 11
16 226 87
30 785 58
346 540 27
492 737 46
583 33 8
551 535 5
27 59 56
672 345 84
646 330 81
179 170 26
434 284 30
616 536 76
546 451 11
319 707 92
86 595 53
434 693 63
671 667 82
621 38 65
519 416 87
559 217 36
19 403 21
109 297 90
98 29 23
602 772 30
81 252 23
423 368 34
283 586 55
537 354 49
429 159 85
478 244 62
335 119 83
33 269 53
247 45 56
776 711 10
380 642 49
581 601 78
248 604 80
242 76 6
303 634 79
688 439 30
629 468 41
380 78 91
447 286 36
63 456 71
515 338 63
582 743 42
75 538 39
552 107 36
713 75 61
349 645 77
3 608 62
671 161 14
309 631 10
382 224 91
514 101 83
15 332 82
377 256 61
463 158 52
390 472 33
363 449 87
396 350 49
762 355 55
46 732 47
313 459 3
118 669 15
286 698 58
222 101 59
636 8 35
727 256 16
207 460 90
769 671 76
146 397 47
601 169 51
229 89 72
760 9 27
402 263 41
334 509 52
350 218 2
581 373 16
176 476 66
638 610 49
784 373 44
138 137 76
637 294 25
349 756 13
393 86 10
307 113 65
626 260 5
505 537 87
389 578 17
437 366 69
303 543 42
166 775 32
756 320 24
447 408 48
670 44 15
676 377 33
749 364 77
83 749 60
430 25 57
523 257 11
138 339 45
506 272 8
771 711 43
736 536 42
623 388 66
285 601 43
270 504 2
94 666 69
441 753 46
51 538 59
327 493 39
108 435 62
224 641 56
432 637 6
381 67 49
566 294 38
416 87 48
183 611 81
57 506 81
441 147 76
130 366 10
24 33 23
454 97 89
131 332 57
218 404 11
237 62 91
389 423 51
396 43 4
245 682 71
429 688 3
496 707 1
58 274 65
22 710 63
406 616 62
113 201 24
597 66 8
252 56 57
125 504 32
685 677 80
431 570 14
724 18 27
3 658 16
233 573 55
650 30 6
733 651 54
488 291 48
762 624 79
590 435 8
752 189 90
35 480 44
113 461 81
476 635 15
230 418 80
154 516 73
568 542 35
707 52 33
481 601 11
463 588 73
332 692 66
733 593 78
121 475 52
118 205 89
386 750 72
377 713 72
448 772 3
579 402 93
273 229 4
608 388 1
168 776 66
262 736 48
185 40 41
22 619 78
516 598 53
116 54 28
157 783 53
622 652 39
681 238 11
510 130 72
623 271 45
297 655 60
198 237 41
161 374 32
537 173 93
404 769 85
475 491 91
71 134 71
381 165 67
585 275 35
470 481 55
404 590 57
528 745 11
613 476 73
713 158 26
726 701 88
767 730 45
160 158 17
198 513 18
594 141 14
118 245 56
403 114 7
383 609 15
742 619 15
148 537 22
328 68 76
575 505 83
251 54 85
289 241 1
544 26 28
519 661 54
24 584 26
539 581 11
231 13 2
107 68 30
542 350 47
239 376 27
353 171 85
347 358 68
469 621 91
706 511 26
285 318 26
603 233 77
193 87 51
338 396 23
435 325 34
464 717 40
32 236 8
43 563 21
295 406 67
707 127 78
75 718 70
193 147 72
641 530 10
666 405 91
182 470 75
362 447 13
305 83 48
691 651 50
326 392 38
518 93 23
12 283 58
107 71 60
290 32 32
620 550 46
757 202 58
145 134 2
713 199 72
111 464 60
520 610 66
711 14 93
241 600 32
48 769 76
520 204 40
44 627 45
221 211 82
252 529 68
473 762 12
751 583 45
63 312 65
278 352 58
242 433 77
693 237 65
475 160 11
51 394 35
359 113 9
776 685 76
669 124 63
80 123 30
534 63 82
334 674 78
42 173 5
642 443 64
156 535 13
290 362 86
482 382 58
661 628 16
714 205 23
612 163 50
306 240 2
386 123 49
127 320 79
762 398 32
133 120 54
28 346 50
602 570 54
91 731 11
109 659 5
127 123 40
158 397 42
20 704 13
732 755 84
689 53 44
36 281 63
542 647 92
440 408 47
262 119 46
275 99 74
676 363 20
241 543 20
13 590 4
587 776 79
706 176 44
424 397 68
525 73 69
169 124 54
547 127 15
782 32 89
144 485 88
10 15 61
342 317 60
625 679 92
779 690 45
338 745 80
113 649 81
448 546 55
24 443 22
261 295 62
626 719 68
82 687 84
680 30 22
635 583 65
65 316 46
630 291 75
736 531 47
315 707 29
309 655 82
463 704 47
297 531 51
739 368 65
300 36 84
267 234 40
316 246 47
151 322 53
492 688 57
657 601 66
674 107 70
143 306 4
379 57 27
672 572 35
551 564 31
98 659 68
137 700 50
348 167 31
172 274 57
9 365 42
661 480 3
506 58 33
79 668 24
189 241 54
311 489 5
314 503 49
105 606 35
601 299 89
675 354 90
223 413 44
338 489 81
253 88 13
60 622 76
749 143 1
513 341 26
664 368 22
89 427 92
742 132 4
517 162 60
398 419 75
318 666 42
65 691 38
255 638 71
565 756 93
106 576 81
425 239 4
111 507 20
638 256 37
401 729 73
383 106 91
432 668 74
180 712 44
757 776 13
4 332 92
100 678 26
546 80 82
601 334 69
670 388 77
303 778 54
396 390 70
652 37 71
31 526 76
571 426 57
714 259 53
109 91 87
74 316 37
24 60 16
266 128 66
190 219 43
700 737 50
204 510 53
651 177 70
449 292 72
127 566 29
766 342 48
315 673 67
15 282 86
190 374 86
696 205 52
290 657 53
716 646 7
639 198 35
309 781 66
163 94 56
481 586 87
391 292 39
94 767 82
588 218 91
548 650 81
696 180 24
344 730 56
775 402 33
764 684 43
74 370 83
135 451 80
279 345 71
113 284 88
687 492 54
321 392 71
19 458 62
115 465 61
423 452 41
468 384 86
749 130 91
771 113 10
711 96 79
324 363 52
266 412 82
475 355 88
696 493 86
108 164 34
196 314 31
421 324 72
494 663 72
508 713 77
74 89 1
688 133 15
648 151 40
638 593 47
581 584 44
777 322 79
691 88 36
261 132 41
221 666 27
688 22 3
495 627 37
56 485 65
572 384 69
551 375 40
504 552 53
490 759 15
760 541 67
50 596 22
564 543 93
567 542 45
748 431 20
349 406 4
762 659 64
372 397 4
712 570 78
417 299 20
428 273 40
641 572 50
441 292 49
388 341 4
597 158 55
443 285 1
783 591 2
283 780 22
717 378 9
475 284 89
135 385 37
613 660 43
658 295 49
60 690 65
55 739 18
21 157 77
505 494 45
538 50 79
743 355 75
424 135 4
729 83 78
265 65 78
197 209 79
513 209 79
523 66 82
719 445 4
639 763 59
253 641 62
209 546 25
302 388 16
715 235 35
274 125 93
422 228 37
366 71 20
427 634 9
327 502 7
667 353 92
62 229 67
495 456 76
189 154 20
276 310 89
416 171 56
239 495 87
215 232 23
1 182 89
719 521 64
239 371 30
658 205 76
210 318 29
211 782 89
128 696 7
203 119 77
630 307 78
620 648 80
205 51 13
145 248 34
294 196 36
693 584 18
52 502 46
163 681 2
771 711 83
134 680 34
111 95 69
60 363 92
627 206 20
509 39 27
319 370 88
235 757 61
229 762 23
712 240 91
169 293 91
600 747 13
566 725 15
192 619 32
432 185 70
555 242 61
30 206 74
527 445 52
485 163 84
695 643 56
459 697 19
20 490 23
488 620 78
567 376 12
688 662 26
177 682 48
627 502 7
629 549 34
508 595 67
635 706 17
199 85 82
389 70 9
742 135 75
252 779 4
178 258 18
401 163 41
677 14 42
587 493 21
128 151 89
12 204 67
482 207 57
379 377 48
661 92 1
41 344 75
511 523 23
297 608 79
624 262 38
205 190 74
350 711 16
603 679 31
102 411 14
656 587 42
167 638 56
589 458 17
356 130 36
313 705 42
495 432 13
730 371 49
782 70 60
258 627 54
502 723 10
109 190 77
55 424 62
329 483 59
654 328 55
333 633 84
698 281 7
639 41 77
224 578 56
396 58 19
591 612 2
419 782 62
143 86 15
76 594 26
421 115 17
693 76 35
54 679 10
346 566 75
650 28 3
322 656 87
50 334 48
710 364 31
488 763 87
452 356 93
134 92 5
719 315 48
707 600 73
121 682 9
92 622 73
295 283 65
244 374 2
654 235 79
564 279 39
547 485 26
707 529 79
46 534 31
146 562 62
416 470 1
344 614 22
520 588 40
201 339 26
188 91 9
307 340 3
215 722 8
12 202 22
458 257 45
172 500 30
624 559 31
702 62 38
752 356 36
605 698 71
115 635 56
127 449 30
634 458 19
744 264 20
201 415 19
658 667 54
535 495 86
39 538 48
518 375 76
555 499 1
62 617 81
390 143 22
15 145 44
384 481 39
273 4 89
1 697 4
126 43 76
445 393 63
38 101 85
413 682 36
531 655 67
692 784 67
401 575 76
66 159 17
418 484 90
763 557 72
70 638 24
404 327 53
410 236 31
534 211 77
161 329 29
434 193 86
729 477 60
329 586 62
114 384 67
336 143 16
151 458 61
642 520 50
441 217 54
614 580 56
559 108 89
464 517 27
729 42 25
11 622 38
18 188 54
321 571 8
472 477 53
726 639 19
701 656 2
764 511 15
75 320 40
663 470 41
451 474 43
699 717 3
716 335 92
688 183 35
767 478 64
310 313 88
217 58 46
98 240 11
168 723 14
662 226 39
116 112 21
478 710 77
232 483 45
36 411 10
163 167 68
107 757 34
20 392 32
350 609 85
654 715 15
588 528 65
595 581 62
482 781 60
369 365 10
311 177 51
89 5 32
278 290 26
555 151 47
19 434 68
151 667 58
499 443 27
294 117 78
717 147 71
34 244 68
252 194 68
217 340 31
131 597 42
142 698 91
109 393 70
271 280 53
221 208 42
457 266 20
634 524 54
319 256 11
230 305 9
232 367 56
493 163 60
616 700 18
350 354 45
130 367 52
371 680 46
656 702 82
378 58 46
334 541 82
261 447 88
465 561 66
633 267 46
743 647 45
99 604 78
540 111 86
498 292 55
607 365 61
252 502 7
767 382 14
348 429 38
669 616 7
327 432 1
763 665 60
199 262 21
173 126 76
719 693 88
13 548 78
311 69 76
395 308 75
770 567 42
535 222 40
329 248 13
36 608 2
166 424 49
472 72 91
363 209 42
119 476 69
263 530 3
690 44 22
694 592 27
153 615 41
150 526 84
8 403 32
174 372 8
60 243 84
370 73 70
524 173 74
465 133 26
576 610 57
411 87 42
101 783 80
674 140 13
151 359 52
459 98 23
426 784 29
581 21 45
696 602 55
49 312 60
388 692 62
692 769 91
614 125 9
201 754 44
134 184 31
271 87 21
170 38 57
315 611 24
121 58 17
245 565 11
289 727 50
589 182 73
458 663 40
191 661 28
750 179 11
142 614 25
185 660 9
40 599 31
108 157 28
593 170 43
19 276 52
145 490 88
265 234 62
478 384 42
266 371 2
490 85 19
766 668 58
434 600 28
13 295 57
732 463 64
524 10 23
547 718 46
520 363 59
571 464 85
529 315 28
576 535 78
26 369 84
185 77 64
295 148 62
771 11 39
460 307 91
726 71 76
635 771 90
703 307 78
105 116 49
605 424 65
443 674 92
758 729 68
235 312 34
223 9 59
357 743 53
517 494 56
171 415 4
83 725 27
211 21 79
594 236 76
419 130 58
232 478 9
317 755 24
24 599 38
713 265 13
74 24 42
472 774 20
358 213 44
423 431 70
81 707 34
410 319 14
20 451 38
536 782 92
271 742 23
579 589 66
92 256 66
400 657 4
373 250 37
773 493 61
627 282 79
475 437 89
94 112 61
238 384 1
360 128 57
675 162 10
398 129 85
28 15 11
489 64 82
51 200 14
383 189 16
264 157 3
104 112 30
477 621 30
670 290 9
284 720 79
133 561 54
249 410 88
58 285 8
322 719 24
543 89 14
336 608 76
783 176 86
334 293 92
79 456 31
609 139 83
743 264 33
219 466 54
533 52 68
533 561 28
25 495 81
434 201 35
608 154 1
343 137 48
14 618 53
207 608 83
223 339 58
480 371 60
519 397 18
169 33 49
749 538 10
625 552 2
75 123 5
128 422 31
292 296 90
210 722 93
462 17 3
110 536 4
762 601 24
736 665 88
644 168 64
582 143 85
585 556 33
399 151 35
567 15 12
141 189 2
40 231 16
253 654 21
678 26 67
596 253 71
269 391 61
437 452 56
13 181 93
493 582 2
640 459 31
708 687 72
480 752 87
756 719 31
27 437 26
45 588 53
519 556 54
422 721 19
431 450 50
738 287 54
51 126 42
769 618 51
135 130 40
765 770 1
776 418 91
233 468 23
753 324 36
146 535 45
531 171 35
99 626 83
186 628 1
96 413 29
93 324 12
692 109 67
362 504 2
557 404 38
256 361 32
307 509 12
239 234 83
725 11 57
149 287 48
784 623 83
27 676 12
622 403 40
213 357 13
23 481 62
238 131 53
441 692 28
51 633 89
394 280 77
76 199 45
373 9 89
191 199 31
325 477 50
374 600 80
286 280 21
744 347 65
196 760 35
693 531 34
168 533 56
36 44 34
693 668 83
44 612 37
628 184 37
174 166 16
29 77 21
701 158 82
776 329 41
16 217 88
365 159 36
655 125 57
211 712 48
432 257 28
288 622 65
750 166 44
654 592 76
8 627 37
72 326 16
723 213 66
415 442 93
405 638 85
650 775 17
526 299 3
507 419 24
439 401 76
120 194 64
764 301 6
206 574 60
772 237 11
275 779 18
578 311 55
693 550 61
727 170 17
6 602 29
625 406 82
12 572 17
44 101 25
171 230 4
621 24 45
269 602 62
502 233 39
459 317 8
131 713 54
372 349 19
535 183 46
641 481 3
32 724 1
68 636 69
237 214 13
716 301 40
235 612 34
636 571 31
251 379 62
95 519 60
152 508 13
113 568 71
680 477 85
204 341 42
315 655 11
764 42 75
113 775 71
57 478 32
515 351 2
101 534 67
650 616 62
94 265 70
734 638 86
396 605 46
770 317 14
282 773 40
182 639 35
465 58 59
171 491 91
616 50 70
71 75 21
570 369 21
43 399 26
627 187 82
355 768 73
583 693 71
720 772 51
2 345 60
474 620 48
335 303 45
50 44 77
432 258 81
606 623 53
289 295 6
454 465 90
336 104 47
713 583 76
653 79 82
159 29 43
409 534 42
233 499 79
306 542 72
32 46 65
648 11 79
694 591 81
164 86 81
722 55 57
416 194 83
514 67 55
163 135 23
356 686 68
303 235 48
580 377 52
291 24 91
403 361 19
298 537 45
373 244 53
510 187 5
681 128 74
152 763 88
232 364 20
591 14 17
176 276 81
110 448 56
563 669 62
720 46 36
781 13 62
24 684 90
26 46 40
401 639 20
756 122 65
421 102 28
219 13 67
785 696 84
177 774 16
398 17 47
13 368 55
424 378 80
24 318 57
14 381 76
182 713 5
252 3 76
238 620 26
99 766 28
5 251 86
204 364 64
441 340 10
430 357 5
760 295 66
103 769 53
676 4 7
23 165 9
118 98 56
241 176 35
378 138 51
16 294 73
455 109 37
497 546 1
355 464 75
745 215 7
135 152 28
688 80 74
296 517 10
353 476 74
22 282 21
553 453 5
178 274 67
201 628 8
370 384 1
290 447 86
586 607 24
643 378 8
523 293 87
127 81 67
94 342 3
129 779 62
316 303 9
506 353 92
450 183 42
461 557 15
148 531 75
359 445 71
615 70 53
514 191 41
285 141 7
189 86 30
688 761 48
450 40 36
706 365 34
200 18 21
250 369 64
761 102 49
740 784 31
566 363 44
296 511 49
622 701 5
397 487 12
102 191 46
448 578 80
60 743 13
325 173 6
68 70 78
779 138 90
474 215 89
232 191 89
80 776 46
279 623 75
34 516 26
68 562 57
732 476 53
228 661 92
377 653 30
220 607 59
769 771 51
596 643 78
723 68 36
103 5 33
589 119 24
634 500 41
106 555 69
112 319 65
32 236 8
235 251 46
145 77 12
236 262 63
374 35 78
463 715 26
388 245 20
777 198 27
660 562 27
669 267 35
227 45 85
129 377 31
761 253 84
158 570 77
171 145 71
221 528 14
275 124 2
626 224 76
249 783 33
75 780 31
744 580 53
363 391 27
66 557 30
541 213 36
641 257 71
360 168 24
618 764 27
228 39 55
12 148 7
784 225 61
598 312 63
633 670 21
160 738 7
80 466 63
766 503 24
382 729 59
724 314 88
389 200 17
700 596 45
248 475 27
752 597 73
693 543 71
602 686 53
588 580 39
215 321 54
100 686 28
134 737 58
785 237 31
756 341 15
732 517 48
764 509 50
356 95 8
589 342 70
511 656 50
572 290 44
74 167 3
373 471 70
543 270 43
193 51 79
701 663 25
117 740 32
642 640 31
345 451 65
204 527 64
475 190 22
455 334 76
431 77 26
715 542 80
654 258 37
636 167 56
641 66 15
317 664 44
190 356 31
536 354 28
302 303 66
447 193 90
774 755 86
544 31 43
444 706 52
562 517 30
455 470 89
496 370 86
534 515 84
274 214 15
74 8 93
388 281 40
668 600 3
186 421 22
641 233 35
14 735 19
519 589 67
185 500 53
213 378 38
172 436 5
134 210 40
487 771 8
693 93 15
263 13 56
658 708 83
405 3 62
743 394 21
532 584 51
533 273 54
109 235 68
161 193 63
187 413 18
349 437 55
429 207 50
216 115 89
395 36 58
694 140 68
9 709 80
232 53 72
167 485 75
345 510 16
740 724 75
592 320 18
777 270 62
360 709 57
717 663 70
438 269 18
513 123 76
476 228 47
177 604 69
721 12 48
591 495 81
647 744 92
520 435 13
342 99 47
220 278 6
645 719 51
733 130 72
501 528 41
325 497 35
675 44 20
567 489 66
151 593 73
699 355 7
679 394 10
734 25 83
15 295 29
586 128 9
422 23 40
550 762 84
588 85 51
558 139 82
498 293 6
607 111 17
106 238 17
471 237 70
770 349 27
73 144 10
371 78 2
68 272 43
454 306 34
23 338 85
88 629 4
777 760 21
174 423 22
722 535 47
377 173 9
598 495 3
284 324 78
764 522 36
285 410 1
720 74 12
517 222 14
314 136 3
257 232 8
269 87 59
780 636 68
632 22 92
738 119 44
703 520 7
716 236 18
3 142 86
440 438 85
520 154 18
622 397 86
762 408 25
785 328 22
113 127 50
561 447 71
631 274 47
224 758 59
768 270 74
261 203 42
160 519 74
591 114 41
208 777 83
316 225 74
169 210 57
177 94 71
322 68 55
454 516 49
784 515 81
124 198 37
505 137 44
380 547 43
454 593 35
560 144 87
631 586 6
213 730 73
291 711 43
225 511 52
494 551 43
516 29 8
600 779 1
336 88 37
125 181 89
325 489 73
197 387 19
590 211 6
779 613 23
784 66 86
302 257 35
2 10 2
179 20 59
757 300 22
585 473 5
712 550 93
139 656 70
182 253 48
188 391 41
550 198 37
456 483 29
651 353 27
560 462 78
511 43 75
231 651 56
129 163 21
101 543 91
762 248 46
369 680 66
766 147 49
159 571 20
192 9 61
329 569 80
762 615 41
746 518 24
491 779 49
209 628 35
266 592 18
94 217 5
181 752 33
637 74 26
43 349 3
695 78 92
685 76 42
471 229 85
559 410 1
151 291 17
462 702 64
95 576 73
783 761 79
464 501 2
741 293 50
16 355 58
508 531 72
416 747 17
625 682 87
501 111 34
102 480 22
486 574 73
105 380 90
446 689 12
283 496 80
31 748 20
636 257 66
94 246 71
534 664 26
499 37 75
547 731 31
733 77 92
127 187 64
652 268 56
347 660 21
255 464 16
130 287 80
250 366 8
132 416 11
20 781 31
104 776 2
249 732 28
739 167 8
219 72 89
437 695 45
190 454 29
454 689 26
533 285 42
571 683 46
333 753 54
118 33 66
14 282 32
670 652 71
46 115 49
576 36 84
464 639 11
498 269 29
467 502 89
226 152 68
742 665 87
74 287 15
560 365 45
428 140 41
286 303 18
565 323 38
474 56 64
126 127 29
180 385 3
200 504 70
618 469 8
480 482 60
240 9 76
9 555 17
294 169 59
690 87 25
25 425 26
316 173 19
407 661 12
658 404 80
587 25 44
96 254 18
521 483 73
456 454 30
719 90 66
352 16 40
99 109 63
304 341 71
738 766 84
175 287 9
738 298 27
69 161 87
22 577 43
307 652 18
62 283 58
43 220 89
735 660 46
521 774 63
188 260 48
632 512 83
382 233 73
66 766 5
223 202 9
199 532 47
306 668 27
87 582 34
434 384 23
723 204 36
114 602 25
137 412 68
388 136 79
778 150 70
16 527 71
553 340 85
344 477 6
233 326 59
127 77 43
205 19 37
651 697 74
638 102 26
512 184 53
297 195 54
277 606 14
164 91 8
102 550 44
134 285 11
550 573 34
194 389 15
376 351 30
334 474 9
467 348 81
219 336 29
765 271 69
779 82 78
703 547 66
301 451 3
46 365 69
116 517 57
17 617 41
106 59 55
300 719 19
399 49 44
673 674 90
739 687 42
505 163 55
347 214 66
229 449 34
570 356 63
334 741 9
78 487 62
423 561 10
204 375 14
94 45 27
374 648 75
760 57 74
224 305 92
442 291 78
399 220 24
625 712 22
543 436 83
310 597 37
337 309 77
52 139 47
2 627 52
266 584 38
49 361 4
679 482 68
705 409 71
359 628 23
223 217 63
157 85 74
16 416 76
534 478 37
642 607 32
536 441 23
36 194 88
778 755 51
68 454 76
550 346 3
593 322 65
709 399 43
252 487 60
768 692 26
297 71 78
373 31 48
326 246 8
730 496 93
583 55 45
27 732 63
676 628 82
482 449 2
526 174 20
99 5 41
460 194 13
687 738 36
229 318 14
104 429 93
580 767 38
71 778 61
530 696 43
122 366 85
330 126 38
162 745 74
378 699 19
178 420 79
734 502 32
528 387 6
660 216 78
502 306 35
479 485 35
642 713 74
300 407 32
751 261 36
428 687 59
544 667 58
10 175 86
312 92 9
708 412 82
277 285 24
540 750 41
140 739 15
203 662 38
397 735 45
119 729 87
552 59 74
306 740 30
453 576 63
112 325 75
448 65 6
361 494 85
136 114 49
636 642 69
256 378 1
196 588 20
505 135 72
566 160 47
682 585 64
258 673 52
102 756 34
382 599 59
12 360 53
282 105 60
78 40 58
22 650 59
97 611 49
52 324 49
472 709 79
522 28 48
231 358 88
567 347 9
360 142 42
752 515 19
680 549 34
398 622 10
161 445 50
644 207 48
747 775 27
120 292 9
331 777 62
15 649 67
6 259 11
23 693 30
426 666 49
705 576 89
532 546 49
107 687 23
663 129 49
197 629 45
138 416 40
715 512 42
666 709 51
541 498 66
548 371 25
693 36 53
659 398 27
76 420 12
756 293 67
590 227 6
761 334 1
718 495 26
374 568 84
192 396 66
345 405 62
526 740 34
766 38 66
376 531 49
45 661 82
481 134 81
730 171 57
762 71 55
475 522 93
33 315 25
364 590 13
668 448 70
183 256 73
264 327 40
557 783 61
267 180 83
615 434 64
247 289 53
13 759 83
443 726 57
604 392 60
107 254 73
218 536 72
671 783 89
181 437 91
59 231 50
574 499 15
143 76 59
231 499 1
279 231 38
104 112 28
776 487 31
61 582 53
208 289 45
509 533 44
606 104 50
602 551 52
566 554 15
45 103 12
220 740 93
456 622 21
227 377 86
363 406 42
48 96 50
319 24 81
654 662 2
578 694 74
653 544 27
392 493 49
349 91 60
761 168 49
779 690 39
28 278 23
295 610 24
95 769 11
198 2 26
266 378 72
95 749 36
561 596 50
387 162 17
354 620 12
253 379 20
197 304 70
3 754 10
287 65 61
1 124 62
496 662 81
483 710 16
329 616 52
289 231 55
472 167 47
141 115 8
630 71 53
308 558 45
254 379 31
263 271 38
397 476 2
482 219 52
444 593 49
737 654 41
186 511 14
330 713 93
438 665 80
132 750 5
499 475 40
473 704 39
760 562 14
567 42 80
735 304 61
631 328 75
505 670 62
366 576 32
351 195 86
758 458 74
474 454 11
287 526 73
693 121 68
100 536 53
314 710 42
187 646 42
1 176 34
662 779 28
384 599 20
278 298 29
759 673 10
175 45 65
280 602 8
587 656 48
478 51 4
678 544 68
657 195 50
438 76 43
760 241 61
280 360 16
161 189 76
581 398 21
234 275 13
62 773 7
5 56 91
581 153 43
562 11 71
763 467 60
604 51 70
458 16 24
724 671 4
347 281 26
759 619 64
776 507 45
392 557 17
735 698 33
513 658 78
754 117 48
263 617 91
551 192 93
578 357 42
303 362 11
338 513 56
113 568 4
574 627 93
520 187 7
159 83 27
43 558 57
438 767 22
268 360 55
336 644 39
604 187 62
131 757 1
265 198 9
114 342 72
502 347 21
134 21 20
315 315 76
471 687 27
526 747 76
102 431 42
223 633 79
723 447 73
384 307 1
427 204 61
612 436 82
493 620 60
493 594 24
671 165 66
295 274 43
193 346 76
211 479 54
459 429 81
500 552 64
530 363 40
576 343 28
583 634 29
377 269 35
396 476 39
525 550 51
59 421 76
196 101 5
84 7 7
216 75 9
693 369 50
660 233 53
403 445 1
532 326 62
736 64 91
708 79 38
374 92 76
115 589 59
771 547 15
55 715 64
295 549 35
175 493 57
699 703 34
110 772 79
657 457 26
432 139 30
18 297 3
458 365 4
211 446 5
600 723 65
229 192 84
298 210 65
260 255 36
618 330 92
785 328 16
102 635 46
427 282 22
204 309 75
726 511 56
152 295 61
73 305 58
131 575 41
740 779 22
237 485 29
74 643 1
148 227 24
258 677 15
732 314 14
190 769 18
3 438 90
660 457 88
268 112 56
642 340 59
339 424 41
336 602 45
253 90 33
186 525 26
234 85 67
690 432 25
538 775 13
244 714 91
210 777 13
780 626 40
217 552 23
608 565 83
242 118 4
733 602 75
165 555 54
562 109 77
156 152 11
62 703 15
194 251 31
188 578 88
612 76 43
682 358 17
630 357 76
757 227 36
535 340 89
385 458 7
67 39 87
487 165 85
779 206 16
643 130 87
277 548 83
434 117 83
182 128 7
606 193 69
166 563 30
50 495 44
101 312 85
727 156 23
456 36 49
387 399 61
672 186 48
177 67 11
478 394 90
288 419 1
547 669 35
723 424 74
539 137 44
398 173 42
273 555 74
619 429 2
100 427 32
352 574 33
26 448 41
165 532 36
726 204 11
360 650 60
465 328 54
653 433 34
690 252 77
33 338 65
328 302 35
727 114 31
271 782 8
380 253 66
138 231 2
190 289 80
242 220 87
528 723 12
468 422 20
608 688 18
545 626 38
719 678 84
501 541 26
346 416 10
759 438 23
703 747 67
522 646 69
754 314 35
48 695 86
203 679 10
14 316 38
398 439 88
260 49 33
679 164 14
229 720 3
250 358 46
299 536 56
293 608 33
519 405 53
436 405 74
290 75 77
49 246 57
703 254 61
196 661 67
735 80 7
435 271 28
20 726 48
229 33 81
507 772 25
497 100 57
288 16 67
213 259 68
24 405 7
366 41 28
489 659 14
54 569 71
4 722 68
329 733 14
70 23 30
239 355 48
649 83 48
528 314 9
492 156 54
303 664 35
544 687 89
365 704 92
506 199 2
560 456 5
290 63 74
715 551 91
686 637 21
246 718 51
624 30 40
349 448 69
216 47 50
33 553 8
226 7 78
274 651 66
578 267 83
201 120 7
251 591 37
235 188 66
744 349 41
467 509 15
584 504 31
66 293 28
513 506 5
359 158 11
600 737 40
611 130 9
470 129 61
176 77 63
413 672 3
728 214 13
480 735 26
271 772 51
762 459 75
383 342 80
739 683 12
394 426 75
626 36 81
708 481 93
419 718 41
462 397 37
248 714 80
277 255 82
629 749 13
443 56 47
90 763 44
354 35 90
17 357 42
140 536 14
453 466 27
665 134 88
457 738 35
404 56 21
358 248 66
745 646 23
99 419 12
224 209 86
408 565 67
312 308 4
528 587 23
688 692 32
123 502 12
302 415 16
695 167 58
273 196 19
125 259 35
92 622 31
779 14 10
299 65 2
62 107 4
570 574 48
535 459 35
175 436 19
389 322 91
159 259 21
234 16 28
512 391 46
401 115 89
439 566 55
731 566 9
436 181 91
209 657 30
621 334 24
105 57 48
60 704 51
17 13 40
379 186 47
540 420 89
201 85 84
84 51 50
736 660 90
180 288 9
444 557 93
343 590 16
396 129 91
621 531 26
394 33 71
41 72 22
250 713 21
380 636 56
550 532 47
208 404 86
438 618 83
460 560 37
265 84 64
348 12 71
342 468 35
574 595 2
655 161 19
258 681 34
702 465 44
700 618 30
538 490 27
596 592 58
315 604 59
29 511 84
263 220 65
554 720 37
9 386 93
443 413 91
628 103 83
243 201 50
717 523 49
442 333 20
258 535 71
530 86 16
107 668 14
19 396 84
584 416 16
692 634 29
399 451 88
375 165 61
276 575 54
601 695 38
339 204 72
324 516 14
492 369 35
180 641 55
724 167 52
691 193 53
395 155 83
4 405 66
577 1 81
271 718 56
402 359 75
261 542 60
289 296 9
727 507 11
111 80 18
323 321 30
556 365 12
753 96 76
774 183 85
634 101 84
176 292 48
650 719 73
26 286 39
619 590 49
729 467 6
100 364 43
36 236 24
376 576 69
534 430 87
340 566 68
198 321 70
582 379 66
573 784 22
136 709 40
13 62 76
490 312 45
751 159 45
708 621 76
527 523 15
453 345 20
533 359 47
88 463 63
445 508 42
516 421 74
612 371 29
675 642 43
313 349 80
730 250 10
108 220 90
296 260 89
754 4 23
653 341 80
723 310 7
526 776 52
573 581 59
667 206 68
62 440 45
364 126 21
694 19 52
228 488 75
166 83 2
398 558 35
505 515 57
767 507 27
362 494 69
550 415 79
695 278 28
533 610 8
424 399 36
379 277 21
39 721 25
599 144 17
164 610 69
576 158 29
465 404 29
103 514 67
203 13 41
697 90 47
549 450 45
575 349 68
658 416 48
158 152 49
63 195 62
293 113 78
208 747 42
111 118 63
30 177 2
239 467 47
473 591 83
744 508 23
723 759 56
533 51 66
604 442 33
415 634 36
590 651 18
497 7 45
181 669 25
151 485 44
45 90 86
693 756 20
388 205 37
530 624 44
730 506 38
630 750 71
637 421 3
72 486 41
749 166 93
24 68 70
350 417 4
659 153 42
188 706 91
21 541 45
504 426 93
238 82 3
488 364 19
254 69 71
733 552 53
164 486 17
750 295 57
535 155 53
785 376 73
269 495 77
611 482 63
240 553 31
678 273 4
242 589 17
348 593 85
267 639 34
618 401 70
540 148 80
763 520 21
598 266 92
316 69 75
50 392 87
92 493 78
106 760 58
138 552 78
91 249 49
303 730 77
213 536 29
260 183 2
84 570 76
388 277 82
88 453 46
504 498 85
192 370 12
783 527 63
550 68 57
585 610 7
223 148 59
694 16 5
625 192 65
133 538 55
260 265 55
735 486 46
43 693 50
757 729 7
736 762 32
556 750 81
631 272 49
425 546 7
246 7 1
467 16 81
50 59 33
12 216 42
579 360 71
711 393 64
590 390 72
303 514 86
274 640 4
487 295 6
134 130 37
723 651 69
189 390 72
450 754 12
616 767 17
699 770 27
726 698 7
729 778 13
516 302 11
251 554 24
523 357 53
382 688 92
557 121 91
752 573 3
143 464 27
348 617 51
282 663 87
236 94 9
552 412 58
543 308 76
282 15 23
325 536 39
733 227 4
62 136 45
81 519 34
170 175 58
602 377 28
232 160 48
410 116 53
727 429 77
23 87 64
161 544 88
245 391 19
444 86 32
738 638 75
197 451 17
445 58 60
611 231 91
480 708 21
757 738 34
446 368 21
116 397 47
609 561 89
554 315 32
225 263 86
27 48 20
783 124 7
292 304 36
556 406 3
524 675 69
591 726 21
254 242 91
408 45 93
376 221 73
431 647 54
652 192 56
289 192 86
616 619 13
533 362 18
737 534 11
151 90 53
330 400 52
121 562 5
163 616 84
230 306 10
648 437 8
752 145 50
383 140 81
679 708 68
58 189 45
35 343 45
576 715 15
88 743 44
340 61 17
308 560 16
672 84 66
129 716 45
81 139 3
556 93 39
289 653 31
618 62 45
692 301 71
78 426 57
253 517 31
555 346 89
557 622 55
58 144 92
675 595 28
114 236 47
416 166 7
319 673 68
685 594 68
682 714 46
164 225 15
233 256 17
784 218 57
487 762 57
183 618 4
312 755 1
157 668 30
302 426 50
409 580 18
505 650 72
734 538 72
486 371 22
549 347 59
392 92 37
396 130 69
396 327 37
588 296 74
536 766 31
624 565 3
309 613 23
471 567 32
129 74 83
630 25 37
783 2 31
261 538 48
123 563 93
593 597 21
351 540 30
510 683 32
173 317 39
600 633 28
465 379 58
148 125 55
469 439 63
699 580 42
692 306 34
18 76 3
762 5 70
334 48 84
105 692 57
40 57 56
257 363 5
706 754 54
583 294 73
722 509 48
607 767 20
88 201 55
141 762 32
294 218 67
238 1 61
768 285 65
542 603 77
324 174 45
343 167 42
253 760 78
49 373 75
194 604 78
52 680 6
260 689 74
627 269 61
388 723 62
137 486 42
494 1 66
762 47 4
72 152 27
727 765 50
717 780 68
441 81 79
726 514 84
63 508 89
409 441 84
75 49 80
646 148 3
580 577 18
624 67 37
186 60 45
327 440 88
440 411 54
259 189 51
727 715 17
104 158 6
344 81 40
299 334 67
340 53 28
320 318 73
694 375 72
144 258 82
749 783 42
599 758 4
353 507 10
419 699 69
694 40 93
330 545 25
244 270 78
697 33 14
170 205 11
283 494 81
79 784 59
480 46 65
491 80 19
70 90 41
318 515 43
412 461 42
623 249 43
323 187 56
123 318 54
35 134 42
630 454 18
263 96 80
707 341 21
49 661 10
721 586 79
497 494 32
698 370 25
511 737 72
143 14 74
25 755 79
34 429 10
406 389 59
133 124 40
440 651 63
532 9 38
618 728 28
693 112 57
591 727 40
239 84 87
263 457 12
399 463 80
359 695 83
636 272 71
638 59 77
504 123 79
413 455 33
165 163 11
531 206 27
394 22 8
418 13 73
87 314 75
446 96 10
397 638 78
694 343 86
447 267 36
649 612 37
313 463 37
620 745 54
499 90 2
387 619 46
670 16 81
221 576 10
99 402 30
349 659 60
281 476 60
490 463 25
159 614 87
262 227 65
38 441 77
54 399 39
482 692 17
748 213 48
420 581 20
474 401 3
569 401 74
69 72 6
590 468 56
520 282 13
191 138 52
452 222 36
270 195 73
56 354 30
691 661 59
238 521 59
298 734 85
322 354 36
346 652 70
649 37 81
433 782 64
97 301 59
409 376 46
501 724 82
523 492 49
753 158 78
151 336 31
195 94 25
142 110 15
492 278 34
322 86 60
536 137 10
398 439 11
645 728 93
295 647 32
360 558 23
418 413 40
665 584 46
219 702 35
660 510 24
418 226 15
385 368 9
554 167 51
96 148 8
236 265 89
476 369 55
682 47 82
610 539 66
11 216 42
338 619 64
646 703 63
272 54 69
571 242 85
395 216 53
235 208 21
57 55 47
437 22 37
402 243 60
627 31 73
591 72 23
754 624 75
292 572 16
128 193 50
420 324 46
741 572 87
231 297 59
613 500 71
500 654 57
18 264 53
394 329 58
373 297 30
433 648 3
489 137 67
353 433 85
757 5 79
690 548 4
456 93 59
624 383 79
125 42 26
678 205 29
254 50 38
211 481 39
394 253 2
692 584 11
70 306 47
333 268 46
63 285 49
543 750 92
77 193 67
393 136 13
639 485 15
140 735 10
669 604 2
83 623 22
113 352 59
492 753 32
783 769 56
542 76 47
149 696 40
266 711 79
482 129 65
128 713 26
472 733 30
207 740 37
62 477 14
236 738 29
18 328 43
346 92 74
738 600 71
533 77 30
324 321 25
605 594 43
476 122 49
176 213 35
570 564 53
562 256 68
655 463 93
515 570 42
669 414 82
550 88 26
373 312 28
332 153 37
635 15 14
199 747 61
622 527 77
670 762 23
152 116 24
25 427 91
410 162 81
41 319 28
247 416 12
77 454 28
455 470 36
289 140 87
500 431 23
210 319 48
63 212 69
213 731 38
762 529 26
586 21 84
263 651 39
4 373 74
742 733 45
502 362 25
727 114 91
388 692 41
244 7 10
708 478 33
379 702 65
459 18 55
81 573 34
216 415 4
689 58 30
621 375 91
31 49 85
228 765 39
656 72 83
28 646 27
735 768 16
650 312 67
713 79 61
447 117 35
575 589 4
652 721 71
277 547 19
343 262 88
612 379 73
213 244 38
395 347 67
232 734 9
320 640 36
113 118 82
490 199 62
431 655 3
218 595 47
217 782 75
696 762 41
612 425 69
311 389 34
242 734 52
371 80 9
124 783 82
610 311 67
229 754 64
634 530 27
269 675 82
513 15 6
387 391 83
107 335 81
46 297 36
539 180 37
492 509 58
112 105 89
181 172 79
440 669 33
182 663 42
535 578 41
94 446 54
701 162 84
462 377 81
267 188 92
168 392 33
466 129 40
155 648 66
784 534 37
567 388 37
511 332 60
759 145 62
339 281 33
451 469 4
28 330 31
611 411 66
370 539 29
362 134 38
727 773 65
341 338 60
780 291 58
325 425 81
469 603 76
693 271 56
373 479 37
261 365 30
561 389 51
49 501 42
93 384 39
558 465 83
505 138 33
120 120 41
504 693 90
195 652 79
780 28 8
726 10 83
658 562 33
536 383 16
333 413 70
488 67 11
328 583 89
404 401 50
484 313 19
277 209 84
720 372 87
606 153 69
22 708 77
72 368 15
670 356 25
530 109 77
628 433 44
45 183 38
90 295 43
674 122 12
565 668 44
753 540 39
504 392 83
647 645 85
184 126 3
519 183 4
746 491 85
410 592 59
154 725 24
4 545 50
298 266 15
468 420 74
8 607 91
454 605 67
62 696 34
115 551 29
238 460 17
639 734 12
464 599 88
667 352 35
203 299 33
314 318 26
158 650 77
700 548 30
703 566 21
353 654 79
154 541 24
284 459 81
270 439 86
429 335 72
55 280 92
18 277 30
119 713 60
455 386 90
191 489 31
193 131 54
133 585 76
198 259 59
373 615 18
47 644 86
39 557 1
189 159 11
623 126 66
623 294 81
784 14 74
442 287 51
115 453 91
232 462 46
256 200 85
88 426 61
306 770 48
378 660 42
253 248 16
455 125 38
9 563 18
144 199 77
371 75 48
510 77 71
307 504 21
135 682 18
31 395 86
344 60 49
785 737 69
165 674 8
382 640 11
397 98 48
585 501 91
770 366 6
642 489 8
738 424 2
743 121 51
130 697 29
415 101 43
515 350 43
72 338 30
317 326 66
183 697 33
614 256 70
364 629 85
492 485 10
744 632 64
656 784 65
126 574 56
306 315 33
228 234 5
229 168 39
758 683 24
579 259 9
458 525 29
98 739 16
245 286 83
688 477 85
211 288 32
212 463 54
163 216 23
335 562 80
148 41 75
187 416 44
608 80 41
757 167 85
600 449 70
757 434 25
515 38 65
224 482 10
396 219 45
701 220 57
676 507 87
340 774 79
57 668 28
677 309 18
570 571 61
139 311 8
496 361 66
572 151 26
755 22 32
570 127 42
407 580 76
398 202 41
672 225 52
529 531 82
705 367 26
774 259 12
43 58 64
741 76 79
241 341 31
707 213 76
601 348 74
747 40 90
784 409 88
556 76 65
607 69 72
302 567 12
545 67 30
737 49 87
414 619 83
17 704 52
266 280 88
221 500 76
219 593 12
516 736 13
411 74 68
210 636 76
710 358 66
709 697 26
754 221 35
561 700 86
780 713 67
445 300 43
96 301 20
382 507 48
337 278 90
79 549 40
34 430 61
339 325 10
617 760 89
226 31 44
326 126 51
194 41 90
128 425 39
637 548 33
16 289 53
717 160 84
170 723 10
581 433 13
29 189 54
560 279 21
778 549 2
448 561 91
567 381 10
418 312 8
277 197 30
599 154 11
521 491 82
276 266 20
245 553 49
556 495 74
343 235 3
292 468 27
720 472 4
283 503 61
80 273 24
565 383 63
769 86 4
725 383 88
80 133 84
181 166 31
486 348 20
354 12 3
307 525 86
545 755 55
575 535 62
512 499 4
234 736 93
336 368 23
163 621 93
784 504 76
368 41 11
133 685 27
177 778 5
323 645 55
158 145 12
178 110 42
690 679 67
714 269 49
648 282 42
580 263 32
18 326 74
370 481 88
634 452 77
685 251 1
314 631 27
682 767 2
429 653 36
426 739 38
17 310 54
688 762 50
8 598 35
485 351 42
698 94 74
55 482 65
213 189 74
749 276 63
772 702 18
518 436 19
344 570 18
535 725 55
114 666 38
165 39 2
116 66 37
546 585 16
121 136 53
748 29 70
217 565 63
13 683 43
298 395 86
547 698 53
721 567 75
219 536 16
70 688 33
744 542 48
199 385 93
47 580 80
643 481 45
263 612 90
41 6 55
250 331 57
201 747 89
590 117 20
748 54 66
762 253 62
332 625 70
676 344 39
540 439 61
254 253 15
288 761 40
277 600 60
23 572 62
38 150 23
335 570 53
450 338 4
82 639 35
45 512 78
57 295 4
185 66 89
510 648 87
302 290 18
374 177 86
381 145 61
336 272 38
514 573 34
759 190 16
461 561 90
5 604 78
383 123 22
762 211 65
124 125 82
51 521 3
187 151 22
484 377 8
95 360 70
698 742 44
376 690 23
597 237 8
304 478 13
308 272 14
463 730 82
115 34 23
759 3 55
144 347 77
377 669 24
272 54 28
120 175 75
38 422 91
305 229 90
382 128 15
119 335 61
602 300 50
596 511 13
763 393 40
38 643 35
271 651 47
326 308 87
744 3 77
21 452 36
178 230 56
331 351 24
759 666 64
377 751 4
693 509 60
45 644 24
332 710 92
112 714 64
144 310 20
321 624 66
112 242 22
490 501 33
570 409 15
592 602 86
404 744 89
76 413 88
204 647 40
107 757 61
41 715 12
41 400 82
662 701 16
603 34 22
228 715 4
279 132 14
657 399 90
19 81 36
27 262 24
415 157 68
149 35 61
336 367 51
783 774 74
625 694 74
181 504 4
364 754 66
435 25 66
379 59 65
610 699 70
154 563 71
48 38 2
736 590 29
181 56 16
759 602 85
711 662 12
93 281 62
467 480 1
6 780 42
61 342 74
112 251 27
764 411 81
498 141 8
301 160 55
585 74 89
359 1 20
649 621 35
643 654 27
434 246 81
613 512 18
114 75 10
242 86 90
592 291 63
203 103 34
707 246 71
680 283 34
377 78 26
421 35 63
599 493 54
303 10 23
434 556 4
747 81 73
16 108 55
168 85 64
578 43 54
180 151 49
352 639 44
596 710 66
534 519 4
635 749 10
98 26 64
126 370 48
239 312 63
625 682 77
686 126 57
48 34 67
135 47 89
472 258 9
291 782 66
712 361 65
613 256 72
523 664 91
672 574 70
104 783 23
597 40 85
194 708 81
715 193 53
598 65 72
307 480 92
381 284 35
753 16 26
273 737 69
109 118 60
685 589 15
200 384 43
758 322 9
625 172 3
242 83 89
489 676 23
108 248 69
726 128 86
20 588 19
248 662 57
435 667 46
85 291 49
572 213 57
592 685 62
630 725 74
34 634 79
681 505 64
53 273 23
333 190 15
563 643 72
44 418 78
673 600 78
769 254 5
730 676 28
65 333 29
342 154 45
132 250 22
339 410 5
230 96 1
319 305 58
76 707 47
712 314 21
522 713 40
494 552 70
230 555 66
48 604 8
700 186 43
468 17 36
465 491 32
82 46 79
422 419 87
729 377 9
633 479 70
752 394 3
762 507 56
673 169 51
768 614 16
397 547 77
4 568 47
421 478 13
557 678 18
583 8 63
670 318 90
492 211 46
385 8 15
170 11 21
322 16 26
753 25 82
289 700 63
279 615 45
671 9 85
149 504 32
147 251 77
170 473 50
656 359 22
194 137 59
75 592 22
341 315 24
39 766 61
705 774 60
549 264 6
190 391 58
566 482 45
297 775 16
640 298 32
526 177 60
521 555 92
478 116 83
197 590 39
245 243 3
653 437 67
545 24 56
476 80 1
170 640 47
755 759 4
755 704 56
603 164 52
361 72 93
623 541 13
376 763 59
72 316 41
781 123 21
180 257 42
547 503 89
102 491 29
118 49 79
404 776 3
239 365 61
701 99 8
549 30 87
115 141 91
393 668 44
588 512 69
586 606 28
45 85 4
756 567 49
704 26 42
179 132 69
161 564 80
428 201 37
728 462 54
772 738 35
532 551 28
708 351 74
30 480 26
130 559 15
209 227 51
695 338 89
244 82 74
740 176 87
666 359 53
206 253 49
86 304 34
422 552 44
342 268 89
639 128 76
107 250 13
377 417 78
629 326 59
608 423 87
615 136 93
380 744 42
198 107 27
625 694 78
259 180 14
636 342 24
627 765 8
704 430 41
664 699 15
784 373 93
163 711 36
717 572 9
132 717 89
118 663 87
117 516 24
117 755 45
774 398 49
425 763 59
424 767 54
775 77 67
668 451 67
9 304 37
702 633 72
345 574 62
368 265 88
535 192 82
601 669 82
233 513 87
654 734 64
762 543 74
415 282 12
706 224 30
3 546 78
530 90 35
506 231 49
284 292 45
743 756 31
2 485 6
628 77 82
43 383 85
416 435 33
475 771 1
63 711 87
484 154 72
28 284 12
32 167 42
769 135 25
616 595 77
358 30 63
606 758 61
388 295 34
271 409 76
583 578 21
613 291 52
718 157 69
174 650 15
265 411 60
340 234 56
527 62 67
318 50 91
622 304 79
711 751 90
765 131 48
128 612 91
10 713 23
34 452 41
696 736 3
509 753 35
612 216 41
437 468 37
391 302 32
105 458 32
235 452 39
348 241 22
281 184 36
308 592 26
260 202 90
501 426 69
152 488 5
279 594 48
232 164 42
66 249 28
327 244 28
162 624 21
587 744 18
237 269 46
702 38 55
619 335 69
282 219 26
419 380 1
751 189 77
691 41 64
631 776 30
513 89 68
388 740 60
759 741 40
485 139 76
736 519 27
647 636 62
755 559 75
224 535 21
733 73 22
679 424 59
335 352 74
378 445 28
25 780 55
493 565 82
677 581 16
383 305 54
491 673 81
175 653 32
609 87 50
387 283 85
380 596 36
165 428 10
21 82 56
777 379 1
232 750 68
92 670 84
765 453 87
730 175 46
711 385 40
568 597 81
743 508 35
518 66 75
609 241 38
742 247 6
128 648 3
283 499 75
131 510 72
302 21 22
441 614 64
30 285 26
415 729 77
770 766 88
663 372 54
732 722 18
416 565 78
713 157 15
288 572 38
172 664 69
375 394 73
313 211 59
134 455 66
3 123 81
528 352 88
570 499 58
507 456 64
374 3 26
511 775 17
489 438 56
329 153 90
67 759 23
587 279 32
778 647 36
328 173 66
425 279 47
530 524 14
243 416 59
317 575 69
320 366 6
226 333 55
45 721 63
740 81 90
63 421 12
30 520 9
64 221 70
663 98 54
31 423 4
572 585 39
436 482 89
510 15 53
79 218 43
26 283 92
217 730 60
549 17 7
50 742 51
231 558 77
390 778 53
673 401 71
522 198 1
679 9 20
433 675 67
163 625 46
312 613 33
229 637 92
129 266 54
605 65 81
700 748 61
281 393 28
420 610 14
663 595 31
155 566 17
446 276 32
614 70 77
516 248 51
74 612 50
669 224 68
688 674 27
136 680 36
520 188 32
84 718 32
414 414 79
105 242 35
553 76 26
96 251 67
318 355 56
535 1 5
630 491 3
42 606 63
457 611 81
304 523 57
199 148 67
81 588 2
638 785 1
339 147 75
104 8 22
591 542 28
650 460 30
134 51 7
450 87 90
253 252 30
577 371 81
439 104 58
366 436 17
513 496 68
476 440 17
709 600 7
453 102 84
149 493 40
725 68 6
720 269 88
752 558 30
306 746 9
108 353 35
170 584 40
9 180 30
363 251 18
204 682 93
110 210 83
469 223 40
172 577 82
480 319 9
568 33 73
558 422 66
128 686 91
691 30 8
615 731 26
398 197 67
482 300 13
414 592 7
568 329 51
613 661 46
590 394 39
42 329 48
211 142 14
116 327 66
371 45 37
327 546 24
31 762 44
123 649 58
38 114 1
405 595 86
722 522 87
275 684 93
694 45 92
2 154 21
636 485 17
156 275 90
39 2 22
90 50 57
473 411 47
393 258 85
144 393 63
432 637 26
304 16 50
614 141 58
574 164 11
768 591 50
176 65 64
18 760 61
674 26 61
547 544 88
667 586 78
425 449 78
6 574 92
56 745 76
392 689 24
578 299 20
657 527 31
582 345 76
529 396 73
341 772 18
464 156 30
106 548 52
467 234 91
772 326 91
199 697 45
760 551 62
147 495 1
450 195 8
186 189 93
556 247 50
622 503 66
337 509 3
39 737 54
717 278 6
704 287 26
346 385 46
207 409 9
596 428 3
82 132 5
769 721 5
101 330 24
217 18 72
762 95 18
529 325 27
110 399 68
222 368 75
73 14 32
449 129 90
509 320 76
545 95 20
596 769 9
659 210 57
520 777 27
234 515 40
304 555 48
439 149 88
784 178 28
44 291 55
443 169 69
495 13 49
643 481 37
227 29 43
65 604 81
502 311 93
761 629 7
54 615 79
304 165 41
518 136 81
682 356 74
466 519 87
187 757 55
156 165 70
141 742 6
738 490 93
675 49 67
684 756 57
297 405 10
766 496 16
729 305 19
369 391 64
379 721 34
450 287 36
706 504 27
563 26 12
222 610 87
324 402 47
381 6 16
684 108 85
185 169 73
15 155 55
437 380 69
32 16 43
88 701 10
722 562 91
155 226 83
749 642 47
221 335 41
743 34 52
394 187 13
72 104 27
154 765 87
651 536 19
55 702 90
16 697 43
124 11 75
651 76 59
363 422 86
182 423 66
57 428 63
177 85 28
90 209 57
462 474 13
548 339 39
489 607 10
680 595 55
212 442 93
550 147 58
382 195 59
206 334 65
12 597 73
674 528 36
87 383 46
765 17 14
635 308 45
207 313 35
49 139 32
204 687 7
775 528 69
499 216 45
701 706 49
262 37 7
94 570 40
434 585 60
286 15 1
523 386 56
591 250 31
682 697 92
573 590 53
41 361 24
626 23 11
380 283 91
767 234 24
590 169 21
330 462 61
375 75 62
757 53 15
296 607 29
7 363 17
603 183 71
193 23 76
462 494 80
369 10 9
2 481 40
61 762 42
512 620 90
270 147 56
86 475 55
710 644 19
208 182 42
707 60 63
639 359 93
778 273 14
318 234 58
202 285 9
537 586 34
49 97 90
627 515 36
712 602 8
512 126 48
381 471 60
141 106 93
590 732 33
499 763 83
241 331 3
648 540 26
527 385 55
6 575 80
370 689 58
