578 5652 579 370
533892 145827 534081 857249 19940 857992 184848 182995 974547 349127 983783 468569 85268 541025 823528 115186 226713 510790 362583 62109 230797 698069 694818 248001 411538 434064 969258 48950 331847 286107 292764 745664 394070 62760 726250 611772 161686 380904 136740 987776 376187 361992 935653 288734 949538 550048 52447 701377 308940 871082 154575 350117 614579 779115 158560 870685 234381 248568 259910 426013 862820 782604 628351 913933 849100 461712 476167 2037 922640 366547 544005 157884 635331 892550 615965 171415 443067 387469 265687 420920 333572 796987 235943 766851 292322 451712 952479 95573 881604 333442 842460 321030 369513 391669 268831 844125 13597 796855 922006 181650 733356 811475 671650 555555 756895 962564 917946 939878 543599 460901 504151 347716 719457 80551 141687 794556 795237 136922 146490 691275 202351 603987 687179 860389 112474 521509 17273 31507 660130 716869 478713 634818 912422 619591 698932 651220 991210 369084 406294 799013 924336 10489 141519 335734 707599 510448 862171 67029 360340 184339 848514 870443 843925 54310 522776 359382 813990 727660 844797 578515 372960 986986 55625 370957 701714 358358 766400 88617 447 247470 907741 651710 122866 647951 889689 350089 968074 432152 325315 440644 21254 963402 859609 240552 372538 486009 412132 539551 946048 176337 316134 233503 848028 967999 379215 161928 576340 823960 421547 327264 875040 254189 37859 374523 308702 683685 949536 246357 434605 259152 25305 208400 641662 755648 516132 780334 112199 868760 220142 49706 212581 615638 711988 998306 820098 223928 70657 344171 48565 94331 942931 691522 431925 229286 204973 980026 551675 406963 221113 557525 13203 349172 467150 806598 675363 651868 201906 34315 576459 119046 51736 749403 953777 170330 414949 532031 480026 103300 383190 436338 847437 63221 693074 178751 145241 21357 340746 457925 852324 822626 223264 446510 904319 635506 714811 399367 905339 855787 616520 402341 876743 831186 988416 568282 138491 877907 398405 112086 586238 13636 96961 371038 711343 255191 310187 403111 911039 520586 289686 663500 183357 752664 788592 262847 277649 734897 406489 532828 103956 202117 345105 157504 5274 350141 219509 157884 431980 27096 120886 478408 322170 656808 103788 180211 211194 928034 585269 482983 129836 293509 468672 325850 940740 888427 687403 186787 57828 886786 37913 946046 921233 962106 716968 222251 67393 406865 456260 755970 885517 526991 758792 132883 352658 811751 904560 802109 747183 77326 850981 451433 327011 68023 518325 654202 524836 34696 861049 964615 332044 897410 893714 106448 432066 9215 232 671295 963289 230342 706290 546140 842234 465588 734161 193681 25840 979623 229673 300057 791159 489769 516015 234795 860956 871055 273339 949984 596504 391905 282861 758226 618825 930009 659339 312056 945737 632511 591827 288346 593221 159811 970677 440326 457449 175049 531649 573165 462441 784965 993624 205957 885195 911022 436880 216320 479177 456735 155015 476332 441927 92110 880585 910919 265900 654744 844656 407841 555768 572281 6893 393453 629685 3936 331486 559132 22897 198644 554251 490083 310970 455235 581188 472629 156145 257346 624016 986376 84751 611439 50180 892448 710454 327895 136531 566192 251754 876362 416159 736713 486473 539208 294191 273494 181281 776631 328320 543060 7001 492659 701459 983051 557467 693628 863969 26567 153557 442229 63762 12072 668300 253585 991642 22330 783833 413645 139472 132470 560127 706702 162995 476555 134663 234713 958748 585746 607880 203605 246364 689874 840911 776815 21361 938931 60977 751183 449431 912857 589246 180102 828844 22794 155330 415771 442831 476409 411680 167530 549996 563167 150645 649748 554522 986355 109145 578589 82789 803006 94458 391761 355718 788450 192504 390205 263852 524007 850707 541686 33763 443653 534858 101047 113453 862486 586584 155236 383429 902648 596025 541708 422088 329302 696834 787673 227952 214404 940732 516957 13020 335708 953111 9252 341050 895967 639086 136338 868888 10672 253394 317802
83 442 19
233 402 64
379 359 71
215 359 52
476 211 84
559 84 89
139 379 56
241 116 67
108 302 75
130 147 52
290 502 21
273 143 100
320 516 22
285 260 105
238 529 105
151 298 71
225 109 40
61 61 34
101 478 80
435 323 30
448 470 68
146 316 39
413 386 88
525 125 86
267 333 30
490 454 87
239 573 25
354 351 27
269 510 75
299 472 11
241 91 90
565 499 32
446 403 106
50 446 22
22 166 105
75 473 18
193 250 101
199 536 13
68 493 80
545 207 16
191 514 110
68 518 96
495 557 53
162 191 87
404 151 98
102 464 69
483 169 66
295 544 45
436 114 94
448 211 71
568 369 18
8 483 35
157 512 14
464 94 32
32 463 71
569 43 17
230 555 52
443 366 100
478 93 64
53 554 93
413 519 71
467 93 25
389 90 33
211 418 17
375 218 37
29 141 45
511 483 50
578 416 94
363 512 30
522 301 13
317 76 104
549 24 114
494 159 13
439 489 41
139 341 27
276 199 16
485 384 22
238 141 115
445 99 12
291 1 106
253 564 79
474 134 35
384 146 41
44 169 85
321 63 95
141 574 81
340 103 45
549 369 105
527 172 68
192 136 2
127 548 87
460 66 9
498 433 64
110 37 10
257 283 4
114 181 1
503 433 5
95 361 10
256 139 31
552 31 86
119 314 58
288 474 73
255 455 33
3 47 51
478 367 43
251 317 106
374 537 61
292 256 92
231 30 93
29 13 35
37 407 114
507 391 20
40 28 23
58 56 111
384 14 7
66 419 97
244 84 2
225 575 60
283 484 115
45 219 36
238 27 7
433 439 108
221 516 100
458 220 15
249 417 63
330 23 113
565 139 24
67 359 113
297 190 55
99 232 104
571 420 18
351 297 17
282 124 104
313 578 29
564 208 81
182 468 104
223 226 53
237 219 70
239 198 67
555 280 86
449 219 53
66 145 34
172 73 100
333 568 90
423 83 9
131 377 102
381 218 89
198 310 54
40 246 92
99 208 94
222 513 52
540 144 50
309 347 114
395 470 87
207 339 36
536 282 57
198 563 90
354 75 89
45 226 15
175 538 73
398 187 98
180 90 113
204 527 62
218 393 19
25 9 66
327 87 5
390 4 51
438 509 14
577 206 40
557 412 23
520 439 32
443 503 45
283 147 31
380 159 26
229 445 105
514 70 102
410 188 41
362 295 24
566 217 40
130 313 27
278 34 55
257 381 1
433 472 32
355 455 54
559 254 61
560 185 71
348 87 24
482 508 50
489 31 84
273 81 56
224 160 81
236 226 12
411 67 4
528 457 37
61 186 27
108 266 85
402 303 9
306 173 84
378 553 53
205 136 68
514 326 3
233 191 61
274 507 44
178 427 10
179 562 97
436 529 92
234 45 52
27 393 15
518 236 40
503 569 32
399 45 11
18 535 48
396 138 69
313 496 7
199 471 94
505 518 64
293 569 100
138 20 15
284 569 75
519 95 1
40 333 15
131 533 99
122 546 49
405 316 13
501 78 15
314 577 88
328 383 2
559 400 5
395 200 78
32 573 37
235 63 5
365 317 39
185 292 17
517 178 18
270 486 46
316 456 85
399 380 66
109 529 111
296 556 39
120 84 27
313 279 17
335 215 43
29 294 2
59 257 101
171 280 14
174 130 92
442 318 41
246 77 99
111 268 98
496 229 89
241 220 67
461 368 55
62 224 93
291 314 105
569 157 50
139 349 37
454 524 77
437 114 15
316 397 78
6 151 109
495 268 22
221 313 71
440 135 85
145 299 108
192 24 102
158 509 59
103 329 114
80 523 69
549 181 64
356 362 5
39 258 25
205 526 4
480 382 15
251 157 92
83 575 112
409 34 37
577 151 17
561 25 17
68 48 76
432 392 33
278 310 22
306 573 76
420 94 2
15 35 79
454 493 90
379 121 15
423 216 4
169 522 17
76 259 99
492 435 41
7 392 52
183 347 69
209 235 21
216 395 15
293 308 112
362 40 112
168 526 93
373 532 32
15 145 43
168 44 90
420 346 34
174 121 15
212 76 11
520 16 92
530 272 65
254 128 103
514 171 94
73 99 92
324 534 9
18 555 44
376 128 95
508 186 61
576 516 87
12 77 9
265 368 104
19 522 70
207 518 100
218 198 109
237 126 62
551 298 42
57 275 60
353 486 32
66 548 98
401 25 42
323 361 38
254 514 67
153 354 25
228 344 13
492 194 32
368 47 3
79 156 52
276 18 75
9 434 58
457 443 32
559 571 70
342 323 56
393 368 83
532 346 18
429 530 108
34 285 61
126 511 57
392 561 91
51 39 44
498 410 31
241 504 88
108 159 23
322 392 16
315 494 47
363 155 31
370 181 109
504 349 7
115 362 90
248 41 100
380 128 57
366 555 23
538 269 8
273 344 94
575 69 14
25 370 91
396 108 20
19 234 105
507 509 92
554 226 96
538 505 45
502 57 70
22 118 88
551 72 90
200 279 44
81 220 21
342 193 61
486 208 39
8 168 23
169 385 61
67 423 31
54 432 53
203 516 92
191 560 91
366 332 33
145 130 51
243 470 80
361 21 97
436 80 81
137 76 96
163 232 96
227 478 58
394 416 27
504 573 53
376 429 34
24 215 60
531 365 87
411 472 87
182 485 1
15 339 57
494 143 4
487 350 43
365 410 56
280 283 83
122 452 90
496 468 64
511 66 98
363 10 27
165 27 78
36 341 55
551 9 66
149 6 37
525 319 5
305 193 37
422 56 92
266 258 59
389 153 13
428 110 40
363 515 38
62 95 15
281 98 100
543 184 13
303 292 31
306 27 20
261 304 33
11 290 19
327 357 17
522 338 51
87 36 65
141 89 19
341 10 50
214 153 111
113 348 24
543 78 33
140 317 34
174 192 31
55 446 66
561 112 103
251 68 18
16 343 51
331 496 25
395 432 94
37 552 32
12 274 97
57 128 114
547 470 18
56 431 23
507 238 109
195 136 101
429 116 59
405 523 90
133 464 71
114 193 85
125 382 74
206 325 88
240 511 21
452 364 84
101 515 97
43 529 111
421 57 115
364 131 33
340 369 62
162 145 30
515 387 107
406 184 92
190 520 33
40 199 60
233 340 114
485 319 19
227 532 52
400 53 26
558 482 54
451 542 103
60 292 40
333 275 80
298 330 93
8 160 61
469 361 17
47 236 50
271 381 28
94 260 97
132 40 66
375 549 115
315 347 16
328 142 101
344 441 79
7 301 25
32 487 97
277 369 110
56 59 20
37 493 60
485 10 47
120 357 82
378 371 26
44 334 37
542 73 26
126 530 99
432 509 40
16 416 6
264 118 1
252 423 59
97 528 90
81 571 52
175 364 19
88 161 88
116 564 66
177 365 35
521 571 34
432 63 25
366 30 16
391 565 10
394 461 18
414 273 106
244 98 69
111 332 51
309 154 10
256 122 101
329 256 48
123 298 3
260 363 109
522 251 105
265 119 96
523 544 6
4 456 88
446 432 33
184 358 31
205 477 81
118 161 60
203 496 53
343 397 114
341 452 18
489 30 47
407 542 70
428 255 54
137 8 99
171 495 91
192 519 40
255 564 13
477 184 24
452 15 16
46 490 43
49 56 8
409 379 28
340 429 86
348 218 26
388 141 101
176 122 102
544 546 10
315 261 90
21 15 39
559 169 73
540 350 23
10 422 25
547 344 111
391 285 20
264 471 47
151 1 103
168 326 68
54 15 6
209 520 80
495 265 57
257 88 10
138 412 100
438 447 40
70 450 53
439 268 8
545 22 4
403 277 99
13 153 48
527 41 28
95 97 58
206 510 57
6 220 54
38 1 66
525 143 56
378 318 104
431 75 42
464 150 11
99 247 22
262 42 57
387 484 24
234 503 3
394 60 115
447 190 22
132 91 60
372 218 78
416 260 69
545 509 32
17 194 32
83 129 91
76 184 2
104 132 96
570 211 74
177 198 46
172 547 42
441 553 52
343 158 85
316 133 111
96 492 110
72 14 45
362 313 64
265 352 68
486 470 94
409 146 71
200 537 28
127 513 61
163 201 58
78 309 42
314 105 101
526 382 85
509 135 88
334 353 19
297 240 53
324 185 37
557 231 75
351 260 21
510 20 17
572 333 2
162 527 107
337 179 70
250 146 4
559 54 95
319 106 30
420 395 49
135 443 115
283 518 114
492 108 45
384 31 46
279 456 95
271 283 84
68 130 76
39 350 101
332 524 71
142 263 66
313 232 74
368 271 64
310 451 97
440 169 68
77 491 24
210 509 110
353 403 110
449 549 54
146 143 76
13 226 15
356 266 78
290 131 87
246 55 26
522 507 56
361 409 8
43 134 56
61 113 110
465 159 103
400 66 40
113 534 99
231 159 1
98 110 58
552 290 101
551 363 32
250 281 4
259 276 11
329 416 97
98 574 103
59 477 79
571 190 48
420 10 100
414 518 7
129 4 64
185 211 13
549 534 4
442 197 10
520 577 43
441 490 16
322 113 98
374 263 40
266 170 108
112 237 86
19 55 99
432 350 44
47 394 92
572 224 18
371 239 16
68 53 35
288 104 60
561 363 94
102 560 64
569 469 5
295 104 106
534 287 111
462 302 12
266 244 25
107 137 70
423 118 68
565 511 103
25 455 85
217 384 88
571 170 24
566 176 64
320 560 63
373 347 79
264 479 36
471 249 29
169 199 16
540 4 25
18 268 51
490 38 46
370 72 14
471 249 17
495 371 29
132 34 34
422 408 21
376 364 24
198 15 66
311 394 64
277 271 95
208 361 108
455 99 98
159 135 32
499 301 22
575 96 112
250 446 80
470 354 108
117 40 80
95 492 114
341 353 40
571 526 77
432 234 86
353 48 49
125 527 104
115 241 97
248 72 98
331 55 1
519 21 97
214 438 27
466 207 25
247 389 87
382 518 86
434 387 18
419 572 10
432 154 71
274 445 62
573 448 16
61 42 95
72 252 37
397 407 3
490 115 5
305 123 50
435 500 51
574 357 17
6 310 78
298 277 43
121 285 33
91 191 91
14 3 113
462 531 3
33 172 26
138 73 31
418 387 15
82 132 31
242 185 86
240 100 31
354 99 96
14 26 54
463 18 115
494 421 88
496 347 38
335 77 36
132 173 84
372 126 38
251 429 59
489 203 75
425 394 42
137 357 49
535 264 5
315 57 84
53 255 86
352 275 36
119 110 8
333 374 111
561 461 48
556 80 79
319 153 40
69 243 56
517 276 39
103 368 102
284 224 53
533 419 16
181 27 65
304 431 41
136 392 43
222 435 106
214 509 97
177 450 39
313 111 2
439 364 115
468 297 102
346 39 64
294 263 25
351 106 20
384 225 69
501 520 28
511 111 75
237 130 14
396 124 28
352 135 9
19 403 65
143 407 113
188 18 37
322 433 98
354 17 37
524 145 53
374 188 70
321 523 96
43 397 74
82 95 20
164 279 58
567 461 69
98 447 30
55 331 88
182 70 23
27 4 112
57 59 37
201 545 38
238 46 97
415 463 79
28 244 50
41 201 86
528 383 46
567 41 84
506 270 91
527 192 89
36 330 48
94 493 3
114 115 107
233 543 98
142 206 62
202 106 51
191 318 92
12 356 21
441 318 77
532 404 31
271 368 29
127 125 77
10 541 80
390 149 78
15 510 71
80 268 112
403 16 91
96 380 4
406 217 46
285 183 31
87 521 56
505 13 40
514 127 112
119 123 59
419 436 111
110 424 82
96 343 37
144 286 31
497 45 76
475 464 42
388 145 35
172 278 56
542 188 34
378 295 65
265 337 65
120 223 102
152 392 101
345 527 88
435 573 59
171 30 15
331 9 42
142 382 45
370 76 109
127 353 8
37 465 85
178 522 3
263 510 45
14 496 87
1 198 15
371 275 27
251 273 14
256 542 79
287 71 37
236 440 110
165 237 57
27 336 58
261 488 31
264 275 108
482 334 33
557 115 101
96 452 52
280 574 52
73 88 17
510 385 85
455 184 104
227 322 79
245 254 41
231 554 111
230 545 11
269 273 88
477 206 113
249 393 43
378 184 43
61 374 49
38 420 31
452 56 95
435 336 51
7 80 28
231 440 4
104 159 84
235 412 72
515 269 15
453 130 58
538 479 59
202 490 7
35 476 113
163 142 52
384 184 88
241 279 103
172 519 37
349 447 33
269 23 66
161 461 20
169 221 76
429 334 18
296 142 81
208 19 91
325 243 74
323 213 18
362 467 62
179 527 7
118 550 22
265 74 68
132 361 106
158 345 17
32 429 25
552 449 26
360 191 58
86 530 49
417 433 36
277 532 53
508 547 19
358 274 47
146 438 35
130 570 32
345 211 71
150 138 86
272 50 7
219 60 3
528 532 59
88 41 96
159 545 73
490 259 22
151 296 61
294 352 71
388 560 104
286 420 39
344 514 101
81 43 94
431 300 105
470 527 102
481 153 6
553 449 82
328 359 64
400 438 32
299 80 107
380 58 63
162 235 55
337 256 43
437 500 14
83 394 68
213 417 52
125 10 19
328 340 59
439 18 114
152 245 15
47 66 73
219 509 3
121 344 2
28 354 66
389 15 68
211 367 115
252 56 105
360 10 47
43 558 90
300 230 20
29 301 34
167 413 34
250 542 110
409 21 97
181 20 44
310 420 110
331 416 6
46 12 63
545 264 9
14 39 9
130 452 46
464 171 78
421 163 48
4 308 16
394 227 7
368 500 67
481 357 25
218 314 84
38 382 9
562 575 109
368 473 85
384 125 8
537 386 6
264 176 67
398 438 55
35 478 5
160 121 95
359 329 9
226 393 52
204 556 17
556 291 25
120 546 92
328 562 10
356 117 1
310 231 48
485 83 73
518 409 66
344 234 4
63 226 6
80 135 100
8 112 54
158 270 91
544 38 87
108 553 96
279 243 47
277 474 21
317 250 47
108 504 48
541 239 105
119 408 69
224 438 35
97 195 93
319 492 30
75 562 99
115 31 99
116 497 111
71 148 112
103 47 32
290 189 85
453 460 9
293 129 4
266 343 9
163 170 99
300 184 6
141 30 84
184 517 76
243 255 74
312 497 101
279 38 57
461 325 15
409 504 79
128 383 22
45 152 93
335 242 9
114 397 43
567 508 49
442 344 17
529 351 34
28 479 113
512 225 79
232 2 21
196 473 28
398 399 22
80 550 61
299 389 81
96 193 9
206 420 68
37 309 2
420 126 50
357 222 40
418 547 76
29 452 43
158 448 100
360 415 100
13 281 47
54 374 55
309 365 113
214 548 15
239 321 88
207 245 60
453 417 74
314 560 67
335 23 26
454 236 86
106 519 29
334 228 114
423 201 76
455 64 28
232 20 41
480 379 101
164 417 112
471 548 71
441 295 89
208 317 104
131 342 67
258 146 33
30 111 102
50 450 106
67 6 7
493 325 44
404 68 22
338 63 23
433 215 55
412 477 3
369 263 43
36 84 95
481 571 16
461 551 72
428 397 12
143 165 8
83 183 70
267 490 11
213 195 111
558 257 10
145 1 8
485 71 90
2 154 42
253 490 33
403 445 4
290 374 22
486 50 106
111 345 77
458 567 59
12 485 79
305 468 7
142 41 81
293 302 105
247 496 24
185 148 21
281 211 40
56 549 62
126 242 60
291 96 102
477 91 50
212 317 86
548 362 26
44 514 110
482 110 34
84 554 51
21 570 21
372 322 72
107 338 29
567 113 27
175 74 77
452 96 108
321 90 102
17 554 40
276 34 101
97 325 30
154 230 82
454 535 91
154 453 10
143 131 3
400 397 14
492 174 19
221 421 28
263 121 91
95 273 101
409 238 78
4 512 104
124 158 84
496 482 104
454 573 94
172 567 59
341 444 69
73 261 79
422 519 42
501 105 51
38 59 88
555 391 28
404 36 67
119 270 28
229 67 51
458 262 68
566 319 71
75 410 12
500 485 56
337 151 72
471 357 35
436 476 68
243 347 80
210 435 106
187 264 75
545 262 85
452 484 8
246 545 50
89 404 101
576 124 71
5 334 78
479 86 48
103 537 107
344 47 114
441 469 94
376 560 32
388 334 44
215 52 79
428 519 96
415 562 85
411 3 9
492 123 38
234 460 3
189 106 25
63 404 18
35 40 114
123 309 64
541 174 62
132 156 96
507 463 8
406 274 11
277 206 38
485 64 14
131 20 4
328 358 105
306 77 75
136 298 105
548 79 28
74 485 69
359 450 73
90 415 8
175 473 32
438 565 41
246 171 18
73 576 97
107 355 8
205 224 69
244 252 107
436 36 21
271 120 79
387 305 74
504 564 42
375 487 41
92 549 66
118 182 49
480 25 50
479 5 109
316 309 52
488 87 79
562 541 109
304 427 111
510 334 34
450 95 45
442 80 43
28 47 88
107 181 87
300 326 16
60 233 66
540 512 62
241 547 63
43 496 79
575 23 22
548 192 57
107 246 43
381 479 25
380 404 1
496 123 86
38 426 21
364 434 99
560 496 18
216 574 82
198 370 52
114 124 52
285 561 10
376 450 57
205 369 2
247 295 103
370 428 58
467 167 16
286 335 83
479 188 50
543 15 59
205 282 39
100 497 67
283 329 100
287 247 18
76 145 2
15 57 99
440 519 34
554 476 41
367 451 88
8 365 30
285 55 112
208 78 48
239 357 74
358 188 105
90 290 54
115 203 91
420 114 104
397 373 44
104 108 25
480 184 5
432 411 26
558 283 71
569 380 78
341 329 5
395 402 24
260 338 89
82 438 30
414 21 17
5 47 3
463 112 25
56 503 46
226 211 66
66 303 104
420 82 8
9 3 89
435 494 98
64 378 48
439 438 82
401 48 18
200 180 105
475 547 84
358 496 112
319 22 53
484 246 96
41 523 61
349 437 51
78 219 25
313 73 6
486 93 109
415 357 82
193 249 59
24 429 25
98 526 19
552 348 1
24 359 26
121 187 67
563 500 100
189 562 85
145 80 62
381 231 61
505 499 41
345 484 12
225 144 43
476 536 69
19 539 57
83 518 91
533 280 6
456 297 31
144 111 16
34 117 61
467 26 82
482 549 95
310 445 10
71 43 91
11 539 46
393 343 21
503 175 10
353 268 106
487 84 86
222 348 114
97 353 7
269 336 5
74 488 14
431 489 68
315 506 111
153 176 34
345 453 78
396 163 109
150 203 44
382 76 108
240 118 65
421 379 18
60 412 39
451 199 39
298 448 104
507 176 57
469 550 35
196 313 25
312 505 31
76 20 32
457 286 11
347 13 99
232 487 83
514 517 54
406 503 66
54 378 37
230 20 69
539 251 92
19 561 87
443 43 98
258 181 33
578 531 53
473 448 115
116 129 14
544 353 59
454 368 24
519 312 90
88 557 6
184 68 44
138 360 97
171 476 94
83 571 112
27 146 17
167 474 96
527 180 16
31 230 69
241 257 42
256 260 37
288 127 107
432 260 97
44 560 61
127 513 19
551 264 23
447 206 59
189 147 46
204 548 9
433 534 108
223 82 15
427 308 32
288 446 47
441 246 55
527 61 26
429 71 15
493 175 9
415 430 8
573 420 12
278 31 34
542 421 78
260 368 58
98 169 7
496 394 92
214 330 83
6 58 28
450 555 36
460 134 74
116 298 113
171 551 94
219 120 92
314 545 4
381 422 8
255 90 99
322 400 93
438 487 43
356 376 17
70 312 80
256 394 56
374 479 43
492 425 35
312 350 63
101 248 30
238 199 1
288 474 64
374 209 44
338 449 15
166 186 99
150 417 75
253 238 29
283 206 80
411 281 52
162 54 34
574 288 73
243 561 7
115 119 101
96 555 7
530 242 1
116 61 26
257 4 73
283 278 109
251 465 23
4 60 27
390 283 17
39 267 18
429 305 98
33 29 7
24 467 109
496 396 91
31 417 36
287 558 80
547 409 55
16 450 45
49 308 41
339 549 109
51 132 64
321 36 50
346 513 48
443 435 20
338 295 86
560 426 98
338 158 31
62 428 60
37 426 59
450 359 1
460 43 85
440 281 98
172 256 36
274 536 44
1 279 110
469 274 87
292 205 45
151 189 88
54 176 83
55 461 114
341 164 101
474 176 63
43 63 107
186 177 65
101 129 14
545 384 12
323 417 10
281 252 100
228 203 49
36 108 86
546 360 44
349 269 78
346 158 22
262 66 91
348 559 82
101 9 98
379 235 115
323 114 75
534 331 76
512 446 101
394 240 73
24 498 87
135 489 90
61 137 37
4 473 106
461 10 73
414 568 56
258 574 106
329 306 114
157 440 32
317 469 25
181 465 23
100 178 57
259 78 52
174 277 78
260 173 32
526 30 34
390 17 60
23 451 98
104 324 29
493 174 47
545 134 14
176 153 51
397 485 59
416 312 28
161 577 8
492 175 27
523 505 80
84 520 16
327 499 114
520 395 10
293 403 20
85 65 46
299 453 107
22 526 111
94 238 111
389 262 15
123 140 60
494 370 60
555 329 101
202 538 65
298 295 44
538 13 18
415 301 34
311 349 103
437 578 90
101 490 84
90 151 75
36 437 2
472 146 75
245 387 9
368 109 85
528 156 68
94 391 114
557 44 88
258 212 47
63 138 22
506 512 75
366 351 14
336 125 41
286 502 27
392 268 23
308 415 104
371 19 63
377 475 57
353 420 39
268 373 77
525 142 86
540 230 7
251 391 27
213 117 98
252 427 69
62 545 81
87 390 75
419 328 96
367 242 29
449 367 74
129 233 102
404 410 34
418 16 67
510 197 44
281 344 48
559 154 36
477 207 109
327 52 21
432 339 43
451 277 50
327 548 28
505 152 31
376 179 25
232 449 9
442 276 35
286 445 92
72 196 22
120 387 27
447 466 56
207 432 91
172 416 3
277 419 68
62 267 70
205 505 71
357 335 31
338 166 64
344 106 110
82 10 64
384 101 107
207 318 83
245 41 100
537 301 64
489 401 15
115 49 21
500 356 85
330 234 76
431 392 54
255 344 64
538 433 113
327 267 52
14 517 7
504 561 103
316 571 105
520 156 56
546 233 65
3 553 75
201 346 51
487 43 45
462 497 28
498 136 62
380 167 9
443 483 39
232 155 68
436 483 83
405 104 2
355 447 112
327 150 51
221 174 51
132 235 12
427 13 18
287 22 26
159 373 7
295 73 94
364 38 53
151 361 74
228 69 109
78 340 45
392 33 37
196 357 50
554 83 93
356 42 70
157 356 1
337 206 114
517 265 83
216 31 58
455 348 10
124 391 50
443 271 93
179 163 60
386 364 12
352 543 87
115 189 97
204 231 47
120 577 2
513 188 37
468 483 48
143 65 96
115 142 113
96 560 21
342 113 75
16 426 47
52 169 11
528 100 100
18 118 53
212 383 65
9 269 2
202 143 10
212 215 76
225 310 54
571 574 64
240 299 18
111 553 75
376 520 48
353 528 74
532 386 66
421 115 15
170 546 109
511 43 20
400 143 115
209 69 77
537 398 92
32 169 106
293 208 93
251 67 109
104 291 73
394 415 96
372 74 4
95 213 55
403 308 70
190 341 70
199 325 68
124 351 41
368 434 89
465 201 14
352 84 4
439 532 105
108 264 31
391 423 101
320 259 55
480 395 37
477 32 31
474 331 102
424 140 28
555 142 25
198 519 54
389 358 43
534 266 88
43 534 34
497 220 15
116 435 89
418 164 37
134 446 4
470 520 86
505 474 92
25 74 59
414 271 33
228 245 81
535 362 39
105 31 58
407 477 28
142 358 76
239 233 5
54 277 7
33 153 101
427 520 2
81 502 14
230 388 54
244 125 35
17 163 68
350 479 4
373 430 69
204 96 5
34 153 67
235 301 2
501 574 28
325 272 100
139 265 11
411 525 55
29 462 16
531 190 75
396 205 17
510 521 108
519 396 5
476 511 84
46 487 79
65 458 4
449 220 10
369 497 15
201 292 10
325 167 112
201 102 97
150 27 63
316 533 109
226 397 106
155 83 77
377 30 57
209 34 18
167 552 79
487 220 53
68 384 44
479 406 39
543 54 5
546 343 50
388 547 73
116 485 104
183 46 17
330 63 29
63 336 88
296 467 62
169 202 78
275 336 59
32 364 106
311 69 46
304 427 112
199 63 107
243 36 13
470 453 72
458 436 75
105 197 47
104 145 98
450 525 12
372 401 105
125 426 20
445 80 88
392 371 40
414 219 31
287 421 66
48 88 51
252 261 62
488 328 96
406 333 98
465 284 109
469 20 42
165 405 96
141 538 63
262 566 63
362 19 104
49 497 17
469 207 56
26 249 91
327 23 25
254 432 98
40 303 35
245 296 110
502 430 104
574 225 82
486 457 12
159 333 6
169 558 72
440 3 104
316 101 56
405 397 31
499 235 74
560 19 20
529 321 59
576 352 11
485 121 100
129 436 20
443 311 100
165 159 30
183 421 109
43 399 45
259 496 26
113 394 63
182 159 85
46 141 31
381 434 12
188 355 12
321 202 13
17 96 30
505 511 47
356 493 25
197 382 41
253 477 62
537 295 91
235 485 102
320 72 1
310 324 51
45 443 3
384 156 91
97 107 64
116 249 97
178 226 101
496 370 1
29 35 56
322 306 109
520 16 100
504 315 39
142 283 58
202 504 105
292 291 53
394 388 27
416 200 87
181 450 40
225 293 27
28 382 54
574 271 42
250 567 81
140 169 37
311 155 73
466 42 99
369 5 27
99 333 44
266 276 114
490 96 23
31 440 70
348 485 67
16 225 81
497 199 44
570 383 58
414 370 89
174 256 34
290 344 64
201 385 60
570 369 68
72 116 42
433 45 53
221 348 48
530 172 91
168 525 1
556 62 60
315 447 85
360 151 107
181 164 29
24 473 71
230 207 74
297 157 59
262 484 7
117 8 84
123 482 21
351 142 6
431 164 8
443 121 99
237 381 13
427 197 41
423 323 59
152 358 10
366 224 30
524 2 51
422 21 78
381 112 98
242 554 9
181 408 34
552 7 67
156 299 30
511 147 53
574 296 52
280 561 66
4 526 114
409 338 106
240 341 65
179 194 45
7 345 109
139 576 43
348 115 85
406 182 40
40 195 79
501 361 11
268 189 40
188 563 90
97 346 45
184 495 89
407 389 68
77 470 37
456 505 97
259 199 84
417 482 56
495 87 63
414 137 1
544 507 14
461 287 63
104 10 55
254 447 11
205 30 84
169 52 93
104 56 8
390 29 5
9 64 80
125 149 79
115 491 94
191 46 67
408 356 91
425 494 77
324 378 101
59 512 110
147 94 110
295 12 1
290 508 3
8 536 93
302 173 34
269 182 108
135 515 9
405 443 84
238 268 20
529 202 64
49 150 28
214 76 68
210 291 101
182 550 80
110 62 97
436 528 84
397 64 99
133 86 60
74 175 80
59 568 81
464 573 24
361 188 54
330 477 52
490 542 14
480 127 92
440 330 63
512 462 20
37 296 76
488 92 68
38 199 109
175 501 19
562 86 57
541 116 92
19 458 6
86 395 20
40 480 102
363 265 41
307 383 41
349 309 71
571 442 100
87 522 16
362 54 51
217 175 42
444 457 27
539 471 91
327 313 36
32 20 1
111 336 44
561 508 90
392 338 103
127 431 102
144 151 40
357 108 103
390 132 69
446 554 74
152 404 72
401 547 36
226 371 93
379 324 47
420 230 78
165 269 50
128 479 27
486 83 2
426 249 94
258 14 16
71 151 90
428 192 11
577 123 104
149 162 97
510 449 100
280 424 64
437 214 43
457 150 71
413 557 94
329 194 39
282 396 10
349 249 41
357 505 9
163 479 27
526 492 51
551 573 96
352 312 16
269 94 65
183 83 42
230 385 88
236 497 88
62 320 32
306 549 11
447 282 115
341 445 24
313 383 85
503 568 23
467 39 109
578 49 17
467 405 87
517 251 102
518 323 73
342 418 83
437 546 104
381 248 49
236 49 106
310 521 32
214 21 12
510 293 108
187 286 14
164 540 49
540 342 70
163 574 44
209 310 45
50 292 43
530 94 95
287 498 18
544 522 92
343 577 77
394 95 12
493 529 96
511 96 31
255 137 102
233 365 93
428 199 106
240 516 54
134 137 27
235 251 41
275 148 78
568 512 77
389 278 51
299 49 13
452 217 19
155 414 101
24 518 31
221 363 7
447 67 85
266 308 66
160 72 5
25 159 13
268 113 92
39 521 18
142 503 17
285 304 96
290 350 103
422 89 42
110 55 21
184 450 103
574 244 70
476 390 109
517 212 39
450 418 83
140 9 107
158 229 55
113 374 111
489 351 102
213 332 68
100 511 33
1 145 16
489 44 100
61 445 70
422 92 47
252 257 30
571 415 2
436 466 31
110 29 72
198 333 108
301 20 103
204 365 94
281 481 37
237 282 47
394 280 6
243 72 96
528 78 80
321 177 37
24 310 114
532 475 52
308 164 61
475 338 2
318 64 45
165 437 74
193 497 9
438 180 103
344 509 93
570 88 104
519 365 100
244 166 79
112 336 16
368 548 9
176 378 9
561 46 91
264 72 22
216 186 44
216 57 53
64 263 91
165 457 18
337 8 69
417 24 8
315 510 10
217 542 73
275 288 77
250 63 51
229 60 36
574 166 42
494 531 98
530 12 27
464 277 58
5 503 97
494 255 38
543 325 106
547 462 100
538 442 108
281 488 52
309 529 75
257 234 22
234 426 24
374 256 67
519 236 46
402 102 89
70 554 109
111 413 4
429 94 56
110 485 50
41 421 69
134 262 101
54 212 97
15 63 50
320 569 34
319 178 68
453 314 112
576 318 59
556 83 24
154 272 67
522 433 6
442 369 53
525 375 92
88 497 49
367 539 101
312 90 100
196 545 60
484 525 65
101 330 40
76 539 108
140 45 63
512 406 9
55 7 23
269 322 46
220 338 78
264 147 66
490 509 71
537 252 115
169 453 105
268 272 6
409 285 8
447 229 80
104 183 11
211 330 109
309 152 48
428 64 16
65 323 41
253 354 20
231 506 12
558 196 57
233 168 44
523 4 83
278 311 109
8 490 63
188 317 32
547 300 16
195 386 57
437 348 47
242 156 38
524 151 49
380 322 106
205 80 68
469 83 14
236 158 72
85 273 71
551 456 53
488 478 53
31 215 88
172 111 30
284 410 81
400 68 32
571 152 8
62 9 47
199 540 40
11 425 23
89 401 44
522 43 31
247 521 15
137 557 6
125 148 85
529 181 85
354 175 32
489 534 103
341 304 27
208 484 2
175 296 100
451 268 13
220 550 67
231 487 21
196 68 50
2 67 37
154 444 102
544 392 54
216 202 42
401 478 104
491 526 40
177 480 67
220 566 10
110 24 37
263 550 45
130 73 42
387 124 8
414 157 48
339 375 36
392 358 1
412 160 7
295 313 47
311 298 84
229 393 43
358 320 43
43 104 76
517 272 44
144 251 99
322 511 49
538 561 97
275 165 20
212 403 86
429 449 99
546 397 72
139 423 63
166 404 29
312 273 97
391 280 70
571 570 100
462 376 75
195 251 68
52 295 77
415 90 94
73 492 23
340 231 94
127 499 57
281 563 79
170 156 110
350 19 20
81 314 3
514 393 14
304 235 63
298 486 15
143 252 3
163 174 6
315 227 82
254 344 45
286 424 69
138 168 79
521 131 26
48 404 5
577 332 42
186 288 32
268 356 101
380 441 57
235 10 94
162 27 45
399 571 69
436 394 4
277 267 61
114 109 97
322 73 20
529 93 72
376 205 53
190 370 2
479 32 99
385 537 114
357 452 104
306 451 45
221 203 65
563 55 68
373 432 40
62 569 32
96 458 14
106 434 12
506 250 75
346 4 109
127 224 44
378 370 99
531 198 30
77 499 13
157 431 102
75 91 108
419 109 100
60 193 78
295 65 21
94 405 68
163 269 20
509 74 13
314 430 24
88 55 7
423 457 93
410 134 97
81 63 4
539 229 76
202 212 76
536 99 67
250 417 75
245 296 87
159 302 58
159 247 4
484 115 31
95 82 32
9 198 78
331 473 38
553 262 55
361 93 47
334 459 86
490 126 81
162 411 58
241 270 76
50 142 53
424 554 97
111 358 97
329 22 108
129 35 95
344 66 108
89 129 17
156 1 114
137 341 56
540 282 47
409 108 27
210 527 21
232 112 56
387 504 92
51 410 69
331 27 60
314 195 1
514 276 110
37 319 79
186 566 82
144 470 67
127 525 11
436 316 88
426 190 57
434 113 78
98 33 103
437 445 82
344 444 48
461 506 106
161 211 37
423 433 81
167 538 108
393 531 29
428 279 67
204 251 44
350 226 26
54 431 15
351 560 6
249 443 19
309 522 38
263 54 97
484 113 21
66 297 81
416 355 83
144 60 106
216 340 111
283 85 54
290 345 26
410 234 89
374 108 57
532 272 49
497 191 29
513 364 3
337 337 4
217 117 46
376 449 64
464 86 66
444 479 76
166 35 8
343 559 96
469 215 63
111 33 65
574 551 87
526 230 17
406 194 100
380 224 39
263 422 21
492 281 96
325 289 80
4 174 40
47 429 102
343 354 66
234 577 9
447 286 92
153 61 15
63 33 63
498 85 100
267 329 56
536 540 101
428 131 36
460 266 25
423 499 68
509 348 42
307 184 88
252 332 111
255 162 97
451 538 64
73 352 82
237 252 27
470 557 98
214 248 59
148 400 102
148 198 25
179 302 51
429 217 25
133 180 48
456 415 107
558 320 74
376 368 6
234 320 21
285 414 32
42 563 72
455 88 70
533 507 32
560 103 48
136 567 82
225 339 60
343 525 77
40 533 79
8 26 48
340 44 103
140 110 94
502 96 31
423 464 35
1 15 71
497 572 32
20 316 67
44 213 101
348 576 76
350 133 13
78 44 105
82 501 94
495 463 56
492 197 34
194 274 103
132 93 30
424 568 90
412 521 106
6 562 64
132 136 46
398 55 60
400 378 85
82 305 80
424 123 56
6 267 40
295 65 85
531 94 91
154 543 43
90 22 81
550 459 62
393 544 105
411 391 3
14 136 37
57 446 37
352 158 27
530 273 9
386 383 101
439 558 46
280 203 53
35 4 6
510 396 3
321 290 76
300 381 64
53 463 102
522 270 15
40 182 49
507 219 100
209 366 97
182 37 69
362 375 30
337 187 84
216 312 31
443 297 85
315 48 70
504 543 92
398 165 16
445 330 19
396 207 38
113 439 59
450 83 11
92 490 46
501 222 83
422 326 81
327 276 88
363 315 56
26 79 98
357 429 93
227 571 30
474 204 71
539 300 39
141 47 107
355 575 64
23 444 14
150 63 20
134 138 17
148 213 13
220 2 54
424 93 35
486 23 2
384 464 43
499 270 25
449 294 111
434 520 76
213 355 99
50 407 26
409 531 114
509 274 28
266 323 6
117 441 15
269 545 80
146 202 70
77 6 15
74 232 31
349 485 112
120 182 42
420 426 40
292 256 44
170 541 33
531 480 72
56 461 98
477 13 11
441 257 35
284 330 42
518 41 62
371 433 63
547 288 6
237 449 72
159 257 97
522 335 44
551 42 87
80 375 66
138 406 71
279 398 112
60 23 97
373 340 96
183 235 48
172 168 17
81 436 31
151 470 10
283 211 85
424 566 86
428 506 62
550 40 11
150 82 74
395 394 44
266 428 58
371 123 88
41 115 19
439 66 78
233 119 88
488 19 101
154 543 17
73 391 31
173 288 100
6 557 25
530 91 109
173 357 44
12 202 46
509 78 83
393 162 54
45 374 4
415 348 7
491 205 18
144 448 28
443 392 102
96 67 63
275 370 51
180 492 109
51 318 37
391 169 110
313 545 77
318 146 36
552 512 24
52 372 65
236 493 32
403 423 32
115 129 85
399 574 85
506 280 25
322 348 10
244 474 4
373 543 73
524 460 26
478 208 62
497 182 60
297 276 27
109 570 88
76 539 30
224 23 75
526 208 75
153 455 47
114 412 18
535 105 105
436 554 96
181 10 8
218 551 114
329 253 109
301 105 67
477 287 68
296 60 92
284 150 57
212 423 54
343 33 27
279 577 13
494 521 107
358 316 65
427 498 70
464 78 24
325 259 65
374 405 65
84 382 80
166 366 89
6 402 3
304 60 20
59 64 92
368 242 47
101 213 83
425 56 14
395 558 78
246 486 23
156 503 64
384 42 94
534 457 45
356 398 46
358 148 105
94 155 71
192 55 16
174 328 9
538 547 75
138 523 60
122 175 42
476 306 36
471 508 27
92 219 34
342 412 61
286 192 61
297 538 62
127 56 44
58 574 87
544 49 60
6 423 90
444 496 26
457 251 75
227 553 107
511 245 40
411 290 80
306 88 65
270 480 11
227 63 76
377 341 30
6 486 45
142 513 105
223 451 114
524 195 29
382 467 55
362 351 79
342 488 8
578 396 72
289 469 108
500 337 91
395 207 75
412 275 8
105 427 44
421 250 113
524 558 49
110 157 53
154 162 77
28 555 113
399 493 55
100 412 84
163 558 59
332 462 115
375 573 79
356 86 7
400 265 90
314 212 61
553 293 6
106 498 64
321 292 79
389 117 90
147 389 81
225 35 7
35 269 55
269 148 53
519 516 24
479 455 14
395 557 6
399 327 8
151 455 76
571 367 15
321 572 20
434 466 53
110 294 108
264 178 35
544 236 51
200 463 112
437 308 19
199 257 62
508 572 99
30 43 27
403 173 79
383 313 102
353 409 4
141 262 8
241 477 105
362 96 46
400 376 105
178 509 91
280 221 16
310 115 69
314 187 89
561 133 114
253 149 20
92 226 5
181 391 112
437 146 19
342 472 108
9 430 21
12 36 102
490 263 115
413 544 109
294 44 62
521 27 67
134 355 61
481 23 59
250 127 64
201 236 10
251 108 18
523 79 30
102 226 96
14 574 47
301 400 23
90 397 6
151 50 7
20 452 105
37 351 27
428 364 12
275 160 39
518 281 69
255 257 52
204 398 7
279 92 80
322 430 46
464 504 19
323 430 14
55 349 93
286 113 40
103 456 81
375 107 41
499 245 97
188 311 102
199 92 92
95 174 76
52 248 26
247 381 4
70 260 30
177 229 6
65 519 87
31 210 94
142 95 87
493 483 30
450 487 85
507 256 14
56 143 30
438 274 13
460 78 101
193 498 1
238 245 63
576 420 14
439 314 4
282 178 103
534 355 55
246 367 73
213 280 32
526 257 1
95 562 57
56 278 79
222 522 65
83 44 29
102 576 29
403 83 60
10 364 23
290 516 74
287 380 42
123 297 65
290 521 47
252 138 110
125 144 104
294 118 24
209 487 53
42 500 22
143 221 2
241 69 109
42 576 93
372 353 14
294 122 19
473 521 113
501 73 15
373 474 94
506 89 70
371 538 70
255 520 60
472 549 90
354 297 9
335 279 113
215 379 29
549 380 96
62 164 9
117 52 60
551 485 13
505 380 45
154 317 70
224 454 39
359 514 5
96 28 109
140 350 72
327 171 7
442 386 4
559 164 73
513 456 16
44 101 25
459 284 5
58 520 83
103 432 115
155 402 102
489 494 84
323 22 9
301 208 27
344 27 43
129 74 90
454 494 40
434 532 17
85 277 15
120 208 59
511 121 16
255 490 92
482 185 109
486 7 112
212 342 90
14 335 70
387 385 99
109 512 75
63 135 61
526 334 13
97 251 56
148 367 26
27 528 43
155 149 34
392 29 63
554 29 62
202 245 15
104 497 48
315 446 38
173 519 38
206 33 80
116 515 47
250 126 39
144 175 16
311 132 104
15 22 49
443 370 26
155 559 75
165 34 48
3 571 46
140 59 54
509 314 83
191 78 76
31 197 105
444 201 95
560 400 1
451 541 76
441 73 102
196 198 94
50 473 66
361 47 13
52 393 30
346 351 58
531 509 68
470 291 4
113 496 11
209 560 22
282 67 93
441 269 54
534 2 6
529 568 82
183 350 95
180 23 98
61 107 32
14 74 35
245 448 114
119 103 47
559 34 39
92 287 17
61 351 16
130 60 112
34 76 1
499 73 107
110 443 12
406 571 86
183 279 28
422 92 22
469 573 61
196 557 62
477 351 82
437 285 28
371 192 6
25 30 70
350 305 57
405 119 30
173 286 115
424 189 75
351 193 103
59 364 32
166 458 67
502 323 87
577 83 39
112 48 55
215 63 28
360 461 98
475 246 34
408 330 40
56 512 79
127 255 59
73 180 93
450 259 31
377 263 45
529 417 81
433 367 101
517 553 54
190 431 26
204 369 75
563 538 13
279 356 79
386 106 81
328 158 103
163 420 93
293 294 23
440 217 20
238 213 101
110 482 74
20 292 84
325 320 52
345 486 73
303 377 65
111 566 92
340 394 22
172 414 34
341 556 36
487 260 68
209 148 3
428 494 40
158 76 98
219 520 20
211 366 38
571 54 65
244 220 88
437 298 89
300 552 68
411 107 80
359 5 103
247 48 25
108 29 104
513 461 28
393 315 81
183 409 62
557 228 51
77 393 108
3 362 102
79 292 37
249 562 59
477 289 81
576 230 44
106 329 63
484 228 3
329 72 74
195 498 69
75 564 104
460 403 45
134 573 50
413 357 66
113 255 25
372 137 93
167 363 35
562 401 63
295 184 81
226 296 56
329 397 74
225 365 34
291 340 68
482 361 63
301 309 99
322 45 70
382 423 100
427 111 58
487 534 69
565 303 63
377 248 36
170 27 100
383 401 14
61 442 27
157 172 76
71 181 106
96 157 46
577 99 28
133 274 79
205 373 50
242 220 78
49 399 67
280 31 43
403 254 2
493 187 1
440 276 44
198 16 65
492 26 97
83 562 1
360 92 82
418 458 56
512 493 33
428 559 19
306 69 89
296 540 77
208 151 15
238 55 12
118 24 96
225 164 52
576 204 14
155 89 82
568 444 111
440 525 64
262 184 86
574 80 95
245 550 13
146 96 38
405 557 62
27 156 54
69 75 67
543 112 100
571 281 62
299 417 101
307 513 97
281 280 70
451 77 98
492 200 13
450 257 103
520 450 52
200 448 18
336 99 61
39 328 5
182 117 105
459 143 23
554 334 4
156 26 3
6 118 53
194 160 27
99 369 90
376 329 103
512 475 66
427 37 28
411 180 17
210 73 106
381 17 24
29 509 111
106 293 83
487 263 12
455 60 107
573 565 10
204 162 8
45 225 60
75 251 52
233 309 76
402 1 3
72 59 72
289 170 89
164 117 58
561 434 75
175 530 95
447 153 1
278 125 97
329 281 22
118 219 6
578 458 94
234 530 24
277 550 39
33 386 96
44 466 6
125 53 79
446 481 76
359 209 21
190 403 103
453 88 85
181 276 106
202 77 100
196 333 36
168 254 47
410 561 60
497 174 45
50 362 74
384 232 36
213 469 115
214 360 51
537 542 48
403 1 44
203 442 33
478 238 77
220 389 29
255 515 79
68 364 87
132 310 96
562 396 86
413 458 4
319 449 115
404 48 97
29 165 17
253 517 35
408 552 30
104 18 79
57 24 44
291 97 64
254 135 94
276 201 81
116 509 90
477 330 13
492 245 72
533 120 73
68 356 59
369 402 92
191 46 23
109 513 89
124 520 93
458 310 76
34 443 92
409 368 63
491 29 53
104 63 75
34 161 84
286 573 36
20 412 4
341 576 62
339 17 30
560 541 87
76 524 81
383 176 12
498 416 77
373 552 107
540 129 21
193 117 48
301 569 85
293 332 78
79 227 20
186 277 70
524 219 27
268 299 80
399 296 35
451 126 96
514 485 16
40 114 53
529 252 72
157 10 17
540 198 104
60 343 8
330 308 60
471 64 56
429 550 31
81 102 82
344 563 108
139 349 64
214 266 59
29 329 42
349 28 4
62 355 65
20 15 14
367 440 22
457 337 40
366 345 72
535 214 37
39 109 93
88 240 100
24 473 32
132 346 2
561 116 113
185 334 35
507 363 78
441 328 112
284 169 98
60 127 58
412 442 98
209 26 76
92 572 20
495 113 112
181 172 52
9 552 67
30 473 26
519 324 17
437 417 106
176 47 96
277 122 31
484 184 77
307 236 97
245 66 111
128 369 68
157 426 70
36 319 7
52 196 91
69 141 106
294 342 23
186 528 106
515 139 51
285 490 42
395 493 60
443 166 110
172 421 110
568 155 46
390 457 100
454 360 41
487 396 46
561 528 108
236 111 88
174 274 21
94 352 58
175 177 70
386 519 115
492 343 74
339 331 107
75 373 19
395 102 26
296 76 80
323 24 52
236 307 98
263 9 31
204 98 107
243 280 60
92 162 62
258 405 113
399 127 39
16 284 4
172 504 107
182 358 72
16 15 98
565 27 97
507 284 35
174 577 37
229 570 95
47 488 26
530 263 22
63 210 111
297 188 16
9 327 72
140 49 21
227 68 55
421 25 105
523 449 106
551 179 53
137 486 57
375 308 112
390 572 90
37 161 85
324 359 57
161 301 31
532 396 33
311 267 96
555 50 79
559 392 35
487 363 98
25 349 62
289 383 33
12 198 44
569 213 8
227 149 23
568 310 6
115 263 16
144 163 70
502 31 35
258 133 83
455 302 108
383 499 30
143 571 38
377 297 69
344 207 105
364 167 93
73 271 46
400 90 54
533 196 52
33 501 97
134 396 41
312 543 113
429 404 99
32 351 23
558 403 28
382 145 72
395 260 35
235 184 84
440 52 13
230 251 105
450 171 57
140 549 1
45 380 90
34 442 34
359 257 1
534 447 29
12 43 92
337 111 41
338 496 4
409 357 50
25 77 60
193 422 17
82 323 74
296 348 95
444 390 45
6 204 69
480 487 40
146 68 10
475 576 84
399 417 43
190 319 10
431 82 50
106 519 51
89 162 104
277 126 13
160 128 21
491 101 38
504 120 28
474 510 46
448 182 57
493 342 40
194 433 110
440 398 39
547 239 111
262 83 84
406 318 25
185 124 33
75 562 91
441 359 63
60 76 98
339 562 1
94 358 33
95 192 115
170 73 49
46 371 88
34 104 4
438 418 48
444 122 93
299 566 14
320 83 67
536 240 8
337 66 96
222 138 23
36 362 76
74 523 77
535 429 114
386 44 101
245 106 93
436 543 15
113 566 80
266 364 85
418 55 33
536 100 88
485 423 96
553 399 12
40 520 31
56 532 18
545 417 29
201 51 73
557 5 110
209 181 105
128 481 28
493 113 111
511 455 98
549 246 92
172 540 1
349 191 10
40 32 112
98 302 64
562 485 28
293 485 110
188 331 17
488 31 58
567 103 49
521 527 101
282 251 95
205 38 112
420 234 99
505 353 2
526 485 107
573 489 102
507 65 115
205 314 85
571 364 27
384 208 94
504 527 76
122 97 33
296 375 25
357 272 57
502 573 86
109 277 46
245 350 8
367 482 112
33 439 53
159 113 14
81 266 31
86 147 100
19 35 61
159 143 114
297 420 79
532 198 18
85 303 1
552 102 34
2 222 74
144 352 86
86 533 114
212 342 20
184 210 72
35 523 53
164 335 31
485 114 112
429 448 43
385 232 12
335 175 9
495 432 25
421 538 29
154 13 81
98 115 49
193 495 114
371 126 79
465 414 70
281 311 84
545 441 45
317 415 11
27 163 107
302 457 82
19 481 8
478 362 109
104 81 5
452 328 25
570 509 47
405 190 43
168 216 28
127 176 110
369 98 9
136 560 101
379 188 96
122 256 43
217 96 63
222 245 61
504 115 30
346 55 37
455 466 27
121 8 16
86 29 22
453 343 20
439 460 48
399 86 96
87 487 17
41 482 2
384 53 32
90 7 114
395 318 109
5 107 31
258 431 82
411 507 8
183 177 97
331 372 85
556 403 114
370 88 36
532 481 39
559 269 73
355 112 19
22 245 114
79 510 108
160 454 98
421 354 60
496 415 100
104 190 50
15 405 71
265 397 109
202 132 64
341 123 90
305 80 107
547 398 49
388 461 53
432 456 46
45 522 59
396 219 113
510 423 65
441 23 112
57 106 15
497 372 18
363 493 21
244 123 22
266 377 113
392 390 14
520 186 1
168 32 15
150 511 85
146 524 64
456 296 94
40 331 100
122 240 96
467 512 106
464 229 91
540 281 88
526 574 106
145 175 35
515 167 12
203 562 50
225 445 99
157 359 65
484 571 107
277 349 67
446 25 7
172 187 3
66 139 33
200 403 11
339 450 31
272 48 85
115 265 15
461 479 19
426 45 78
338 259 53
331 7 99
472 384 104
128 574 78
378 35 15
287 95 75
476 331 93
48 314 44
336 153 87
230 254 6
96 91 7
517 172 89
174 345 15
195 342 105
94 413 53
106 23 28
453 524 27
528 389 19
468 90 10
75 433 46
291 443 113
403 222 82
324 542 12
464 436 78
363 214 106
142 411 43
160 268 97
91 4 53
475 148 13
324 2 7
533 232 106
526 372 8
136 404 41
337 578 75
98 126 31
299 360 82
480 241 35
366 420 85
522 27 28
386 74 5
495 301 52
32 178 35
397 567 16
228 131 24
101 189 38
178 439 55
475 345 102
419 299 72
100 37 22
415 520 81
33 550 113
460 458 46
242 158 54
125 318 63
565 561 64
500 189 112
206 76 41
42 403 31
74 45 54
420 225 35
118 352 44
451 208 96
69 291 102
578 139 61
206 322 112
196 164 11
211 346 69
271 452 51
102 90 79
62 523 19
348 73 34
87 93 112
110 93 59
256 548 49
504 123 32
404 416 83
349 553 93
112 168 74
19 98 73
344 34 11
384 566 87
206 542 113
393 547 48
171 172 42
102 114 58
338 3 113
240 178 3
364 463 58
345 230 100
188 446 56
485 169 52
97 465 62
156 85 100
99 68 2
476 257 30
83 184 75
431 483 92
184 296 5
141 437 70
516 212 44
433 381 99
173 139 67
471 530 30
186 109 90
376 38 31
412 240 36
381 287 55
195 407 9
239 482 115
276 478 54
243 26 89
412 364 57
553 509 57
510 102 30
155 301 34
534 217 59
189 177 5
565 76 46
300 117 43
23 477 112
386 190 91
100 198 50
42 353 35
264 383 27
8 329 44
107 488 80
521 28 80
205 182 58
550 102 20
56 61 52
196 458 98
350 442 73
30 278 90
30 286 85
119 498 7
338 23 18
370 504 58
100 213 87
217 555 54
372 473 57
110 354 13
40 360 106
538 293 35
436 405 114
314 195 115
347 89 81
222 301 18
392 431 16
106 300 7
272 34 10
506 238 65
124 384 110
396 273 57
341 175 64
14 133 24
468 437 48
239 171 115
443 399 97
228 45 5
371 398 89
49 561 33
505 164 81
17 78 98
41 44 112
223 421 31
32 396 64
479 296 4
439 68 83
144 129 53
316 336 14
235 382 82
488 371 70
411 408 14
279 437 31
8 55 54
155 247 96
331 361 82
366 463 59
325 372 86
505 403 18
354 352 72
179 104 36
236 171 77
442 511 12
38 351 44
176 428 24
262 512 40
493 6 86
554 491 66
472 303 92
549 539 72
562 100 97
243 41 91
483 205 17
389 358 104
463 147 14
381 311 17
347 194 97
397 574 45
184 429 59
252 545 50
331 300 34
140 185 77
307 412 104
395 376 93
274 296 14
411 432 59
397 242 49
12 567 59
195 46 66
362 206 71
121 236 3
96 458 98
351 89 105
94 396 28
368 237 4
35 39 63
287 15 63
525 431 90
428 190 3
332 552 114
349 520 107
75 229 74
469 99 61
423 412 51
357 152 83
410 89 82
164 452 63
262 331 78
366 189 30
359 110 50
39 397 90
84 157 90
355 293 29
545 15 6
509 465 104
142 284 1
76 426 3
347 346 114
198 547 11
436 577 72
295 420 108
411 234 50
577 100 30
483 329 111
29 117 40
103 153 45
476 463 1
499 400 10
409 427 102
185 289 42
248 209 55
514 498 91
363 68 70
77 465 77
72 73 32
91 195 8
220 517 101
487 150 59
69 427 92
578 234 92
27 479 86
57 501 58
187 124 92
284 385 8
301 449 109
347 306 108
324 95 101
51 538 105
161 54 59
198 300 107
298 172 101
360 19 88
244 343 51
123 267 28
443 265 42
23 299 8
225 356 107
103 552 45
247 147 4
110 271 65
392 382 78
201 452 109
346 522 30
302 169 97
170 19 76
28 437 82
248 184 81
32 136 14
237 143 55
536 473 43
535 438 43
336 96 14
262 89 76
542 321 38
344 285 50
517 202 66
220 519 81
121 390 71
83 120 63
228 231 115
425 168 52
289 470 89
265 385 100
327 380 97
550 439 22
140 522 111
434 578 2
100 170 108
200 11 89
10 280 71
133 456 42
261 548 3
544 526 2
414 289 105
129 553 12
19 179 58
542 22 84
142 121 50
187 416 81
179 486 72
529 76 21
200 58 93
535 149 104
343 469 101
570 128 46
234 449 103
245 15 36
539 374 30
256 535 27
443 555 13
59 49 82
557 343 59
341 388 16
42 570 29
32 560 71
532 304 107
436 435 65
403 158 111
42 550 54
211 384 88
59 228 58
47 537 69
541 445 88
567 95 92
110 4 109
350 365 60
438 205 96
154 378 28
287 506 104
365 276 65
238 260 61
395 137 7
474 314 26
112 111 104
458 100 59
363 80 3
477 186 8
279 201 101
541 136 114
93 458 46
558 118 42
74 138 35
206 121 84
50 369 70
217 170 56
439 484 109
444 18 18
48 383 79
12 403 8
511 299 23
399 68 28
531 26 102
70 429 8
18 264 64
353 435 89
87 236 77
436 357 110
437 479 55
185 329 43
331 539 16
85 176 105
429 247 76
502 254 84
97 14 72
317 284 28
481 398 65
115 275 28
49 516 21
321 253 63
136 539 85
177 231 60
449 1 103
219 168 13
10 373 3
59 187 102
495 216 82
546 326 79
549 234 113
7 310 50
427 515 84
360 291 88
570 490 46
128 118 40
208 446 3
75 160 31
213 6 2
566 301 92
238 453 22
91 376 30
50 290 13
157 18 43
143 269 97
271 347 108
483 159 96
203 332 24
571 57 85
192 51 10
303 479 111
183 210 68
188 572 24
524 84 41
190 340 91
430 71 13
251 198 51
319 13 70
475 322 64
156 378 38
58 101 100
249 91 53
338 35 4
268 110 15
362 549 59
104 14 27
513 508 80
431 94 25
479 382 53
466 488 6
337 109 78
63 428 77
269 447 76
147 46 3
289 395 111
264 272 40
251 468 82
529 564 27
211 367 56
70 559 92
143 248 55
261 75 29
355 56 19
341 511 52
500 375 85
106 90 53
444 365 98
516 104 87
266 90 67
217 344 23
404 358 13
296 232 68
164 401 98
538 338 66
560 380 24
279 498 80
240 186 37
499 322 42
132 78 38
118 196 113
149 183 91
32 343 57
14 509 54
532 122 21
490 330 11
503 544 112
416 418 76
226 44 68
552 192 47
504 410 103
410 246 57
111 314 15
69 199 48
497 463 11
194 75 67
110 254 95
493 550 57
83 40 39
363 565 105
137 316 108
143 354 4
100 150 29
127 200 47
123 95 89
318 554 66
261 397 114
218 275 64
487 514 51
547 161 6
464 57 43
190 64 38
345 540 59
299 269 107
447 407 62
541 366 57
153 64 113
536 141 80
16 352 86
390 482 21
448 455 84
561 404 113
166 510 15
356 55 31
204 265 66
473 15 22
324 40 87
154 345 115
240 211 52
183 13 48
377 265 77
140 285 24
195 21 109
517 456 88
390 143 83
244 184 76
570 317 34
515 418 36
80 398 69
541 375 17
161 395 58
427 399 12
473 470 79
183 170 43
311 362 105
91 148 92
346 177 60
200 477 49
6 502 8
375 210 104
96 12 36
552 381 29
399 413 88
199 573 100
254 258 96
333 151 68
313 447 107
216 386 23
498 179 15
47 502 56
28 399 26
537 366 39
552 343 22
195 287 34
497 7 55
20 236 97
265 507 44
486 546 15
21 525 108
215 65 27
577 208 46
391 19 110
452 364 55
371 367 80
427 568 28
243 452 79
178 428 91
441 398 90
10 423 27
356 418 69
87 36 71
327 16 36
42 217 112
64 464 91
459 185 106
260 94 22
284 65 90
183 360 81
374 332 99
380 306 79
103 576 30
532 85 81
210 78 41
566 503 72
210 449 70
79 165 109
115 468 102
289 462 72
162 444 88
483 196 92
227 217 20
126 376 83
461 49 86
195 228 33
211 493 37
527 320 47
209 321 103
550 425 115
297 218 82
118 537 26
215 391 12
225 506 38
439 229 5
255 567 54
456 484 114
60 389 105
375 126 115
249 324 14
422 505 68
167 565 23
220 275 80
235 48 75
360 208 78
121 181 40
172 450 18
256 120 64
153 238 3
439 298 103
394 300 110
548 541 90
438 138 30
3 415 72
360 89 94
548 354 85
548 493 44
265 543 14
397 33 14
541 513 54
138 299 100
399 110 43
539 433 64
497 134 45
219 168 73
397 568 111
185 422 5
556 260 82
229 183 75
173 358 111
167 377 54
305 312 25
29 383 85
314 507 21
446 398 70
341 313 62
501 207 23
250 345 54
309 419 67
461 537 99
462 466 80
327 446 113
208 287 108
385 477 10
168 500 30
419 297 115
130 288 59
230 419 57
435 357 77
423 82 71
89 9 16
36 344 35
389 524 45
546 223 61
294 455 16
44 471 76
40 507 46
112 212 69
172 287 37
546 396 79
53 60 22
432 50 64
290 348 21
315 259 46
101 291 112
499 61 9
485 129 24
63 182 25
144 206 115
62 59 94
573 365 39
162 369 6
42 571 78
497 563 60
117 336 60
368 564 4
314 401 13
128 415 16
355 43 57
507 301 88
345 543 63
466 243 68
516 558 17
35 175 68
195 374 46
223 189 90
489 510 114
5 219 51
306 487 96
147 377 17
241 389 52
44 490 98
171 113 79
116 136 63
345 288 25
336 180 107
544 61 68
179 117 7
83 440 45
484 540 85
578 573 71
560 59 56
526 367 92
505 430 114
552 434 37
551 27 27
58 536 39
133 54 107
356 154 94
245 414 85
432 255 27
133 432 71
451 260 75
161 414 84
313 389 38
476 521 41
111 116 64
368 157 76
300 510 107
476 484 61
97 51 7
94 4 5
400 248 54
72 337 70
559 146 42
516 160 70
561 247 53
40 140 14
126 565 111
14 183 30
410 146 28
62 141 86
363 340 8
330 198 99
262 385 5
118 41 108
98 453 96
569 411 112
275 60 78
271 534 58
144 358 55
389 290 98
236 108 56
7 402 23
20 107 78
474 278 20
144 568 10
414 215 75
76 230 38
321 109 62
497 523 102
97 227 83
228 152 29
543 507 110
527 133 111
111 551 58
319 379 66
105 183 59
542 450 51
293 414 20
83 129 86
576 366 23
240 567 73
73 297 101
413 116 26
456 553 3
510 169 17
566 266 44
522 540 34
373 213 105
383 520 61
263 415 97
339 107 24
466 94 95
33 472 86
508 124 14
443 55 32
433 555 94
324 350 51
449 109 12
73 164 44
168 76 102
68 518 6
75 493 90
94 155 23
345 546 84
427 147 63
424 350 106
295 544 4
431 56 71
513 117 89
562 295 28
540 214 17
333 21 38
13 447 23
191 556 40
521 248 81
186 143 27
187 220 12
6 233 69
213 138 21
223 508 54
222 57 113
13 325 34
40 311 35
558 147 36
118 40 113
373 463 64
160 47 26
156 266 3
178 183 3
263 519 115
332 83 80
66 490 51
69 397 32
438 298 86
200 214 93
25 255 71
290 379 70
281 439 73
499 115 20
231 159 52
463 301 58
234 347 18
122 120 17
131 12 35
103 198 17
249 548 54
185 5 99
7 570 64
47 482 110
159 184 51
362 562 77
105 161 110
472 383 110
175 433 93
492 305 48
401 154 21
148 48 32
525 72 8
3 428 22
394 330 49
577 70 32
186 488 62
294 411 108
567 354 2
181 379 35
69 374 60
66 493 9
259 211 71
395 113 20
433 109 111
393 423 1
177 320 102
493 224 99
389 520 69
519 339 76
142 500 74
140 493 21
563 159 108
112 236 31
16 475 69
425 539 66
80 303 67
574 217 18
532 39 57
196 462 33
128 198 46
484 464 100
279 461 114
217 5 47
321 44 102
181 201 112
373 161 26
487 9 29
526 38 4
124 242 73
93 229 43
18 26 3
497 302 67
450 286 50
1 264 110
72 267 34
459 393 23
307 415 16
167 268 32
463 183 12
513 479 47
186 279 28
574 514 41
541 533 24
494 144 63
224 306 79
425 549 83
286 467 44
554 316 108
438 266 70
436 241 17
533 558 114
122 503 22
350 399 111
81 92 24
370 323 19
308 28 95
325 236 27
441 266 56
393 393 83
426 112 19
390 89 9
173 155 101
336 444 72
188 246 110
241 113 47
276 318 69
46 389 59
393 81 69
484 258 73
364 435 84
123 533 16
462 385 44
171 273 100
240 495 84
492 227 93
395 90 26
565 211 85
556 253 26
566 352 75
360 152 43
50 556 38
552 226 45
479 276 77
538 84 27
220 434 20
49 250 54
210 317 29
477 22 3
239 409 111
563 292 107
442 62 47
197 253 32
546 527 25
457 512 111
139 16 82
105 46 55
294 47 7
387 383 19
540 146 44
339 477 70
516 284 51
103 460 102
255 517 76
326 99 83
290 59 10
297 216 102
229 528 79
255 77 34
376 41 85
130 488 98
7 377 22
321 156 75
189 229 36
293 107 40
502 515 22
52 149 91
147 371 52
411 446 20
426 267 85
375 406 82
185 407 34
546 230 53
389 141 42
128 484 8
175 539 93
33 485 33
142 287 60
235 169 2
509 290 59
239 20 104
468 193 66
198 92 40
321 175 103
452 420 74
118 69 37
367 37 90
113 376 115
340 451 115
514 526 52
234 414 15
158 473 58
143 366 36
70 178 47
523 564 74
109 109 16
84 260 63
419 508 14
383 204 71
367 288 75
84 291 114
431 361 16
178 142 56
407 184 47
197 414 28
335 481 94
467 296 15
393 390 28
6 167 49
298 433 115
29 380 30
544 403 45
250 122 3
544 344 2
173 555 62
210 217 66
367 86 3
89 90 92
434 199 111
409 26 81
115 547 109
41 288 71
211 4 93
1 517 103
351 545 14
365 236 75
60 300 40
547 153 5
67 32 56
214 456 93
71 377 66
332 533 28
357 349 82
188 13 88
97 25 100
385 489 76
72 457 68
87 286 35
202 50 13
389 66 106
60 268 4
150 545 26
158 45 10
137 94 87
204 446 88
246 480 32
45 110 92
165 550 44
100 316 64
543 313 48
529 79 77
376 274 75
531 375 52
161 243 70
440 102 16
292 403 88
259 331 91
248 525 55
67 260 5
71 127 50
273 527 73
125 270 47
150 474 67
529 249 30
20 200 17
323 170 84
27 353 91
357 279 36
2 457 98
253 488 38
467 79 41
492 15 77
423 39 102
149 156 78
2 169 87
295 366 50
496 166 60
564 353 71
316 483 34
427 22 11
303 272 4
119 90 64
119 26 103
86 486 113
518 308 60
97 188 11
107 366 51
218 283 100
360 340 56
30 222 23
508 437 48
468 519 8
335 378 21
550 351 100
102 92 80
114 170 73
279 297 28
349 268 60
555 505 16
341 485 7
8 331 74
370 141 61
256 554 74
150 371 32
410 480 58
546 89 92
462 88 79
191 116 32
468 336 88
572 311 83
65 122 103
367 62 82
110 35 80
208 105 85
54 39 106
162 266 71
67 206 73
502 491 38
412 376 100
297 545 13
290 462 75
193 69 57
546 152 77
259 201 37
49 341 28
67 368 27
198 164 91
93 572 73
354 331 17
532 220 27
453 120 80
133 511 115
407 558 36
355 465 113
264 321 3
165 215 8
548 351 7
70 24 109
253 499 51
136 154 30
240 158 39
357 23 63
248 103 14
71 346 104
260 369 72
472 399 85
552 72 45
510 236 35
331 400 2
23 4 113
448 396 114
329 312 60
538 354 105
110 294 38
432 101 28
534 151 113
368 439 53
184 265 96
320 492 75
575 31 85
167 155 84
123 469 55
356 43 83
489 37 95
80 272 96
375 379 78
455 12 102
166 373 110
550 370 54
558 412 23
168 547 87
26 531 1
444 261 109
270 58 39
458 496 39
377 134 114
204 83 99
350 160 3
419 246 16
527 249 106
48 575 101
82 360 72
325 260 111
42 228 94
62 118 26
317 531 90
557 150 11
386 95 88
377 518 60
192 572 52
51 20 37
323 101 52
563 416 3
22 238 26
466 517 24
577 578 108
39 561 3
91 68 96
73 91 12
422 354 114
342 85 84
197 56 56
247 553 78
215 193 26
111 308 106
293 158 111
347 19 77
537 337 15
391 311 79
357 343 64
100 406 106
487 312 54
203 115 114
516 212 49
267 109 27
77 10 3
63 268 8
384 72 5
226 466 45
22 550 107
394 567 65
190 315 66
221 13 2
390 502 15
216 328 42
387 378 95
5 46 114
245 234 83
536 512 73
137 521 40
210 491 14
294 41 90
221 315 95
155 234 1
547 209 19
419 333 54
559 281 53
206 343 33
363 34 79
304 142 95
264 203 77
526 200 90
437 54 54
477 160 37
21 154 17
353 217 2
557 535 7
187 186 43
363 499 3
286 130 36
93 154 23
462 198 86
490 83 43
135 235 16
502 378 66
395 71 61
499 301 98
446 541 48
233 335 100
194 228 96
411 170 1
143 147 67
258 254 42
27 26 95
362 537 4
52 124 89
483 271 20
62 485 68
189 471 49
248 265 65
297 216 5
410 180 86
385 103 43
140 294 54
24 80 100
55 565 92
256 123 102
569 117 110
140 373 71
47 305 98
286 116 68
537 461 101
505 40 73
76 467 47
303 300 11
62 541 81
216 232 60
179 167 100
47 501 25
322 93 51
574 562 22
247 222 95
315 378 83
123 34 66
412 450 32
423 238 87
229 514 17
576 423 37
252 445 96
434 572 20
3 431 13
386 480 55
336 315 100
186 231 24
147 217 44
483 102 41
513 481 72
204 206 65
300 80 105
99 428 28
233 202 99
12 534 2
427 20 101
372 519 108
39 93 83
379 21 65
456 63 44
42 41 50
260 166 36
254 53 74
100 502 28
396 481 6
428 156 108
440 97 5
36 15 105
90 519 38
251 433 42
499 237 98
321 327 114
217 457 60
146 163 111
155 343 86
206 539 35
342 550 55
460 102 61
86 410 84
4 220 85
418 85 66
263 233 99
92 70 105
471 522 63
556 215 109
332 203 83
293 124 101
508 435 115
235 219 108
18 133 104
214 182 3
133 171 109
80 487 111
548 276 55
194 169 13
538 278 110
270 299 114
244 338 2
65 437 62
85 178 112
300 405 73
75 236 18
539 34 37
321 442 26
70 568 47
548 288 66
426 246 88
393 330 72
501 311 71
476 83 98
140 369 19
70 211 3
182 382 77
296 429 60
340 350 14
183 160 69
298 316 42
73 305 64
322 376 63
397 567 102
534 182 83
11 207 66
157 158 32
187 82 109
323 38 40
547 533 20
476 306 102
344 563 50
500 474 37
218 371 3
557 106 15
567 364 10
444 435 89
261 447 42
440 154 55
457 380 52
485 136 2
443 357 26
142 340 63
7 411 40
176 31 29
293 176 13
241 272 91
34 243 69
25 561 5
517 324 38
64 387 21
539 420 80
30 559 14
29 307 109
61 408 97
339 490 4
3 25 64
387 548 24
41 18 93
244 184 42
376 129 110
276 568 5
143 430 80
287 147 79
296 371 82
237 210 23
205 182 114
544 156 50
36 72 86
371 200 26
174 104 60
374 426 80
199 568 106
339 48 92
425 96 39
78 74 70
202 147 26
478 386 14
553 43 3
547 99 1
54 332 21
241 135 72
355 206 30
376 458 15
60 175 101
249 25 80
68 60 84
149 77 51
345 310 31
468 160 65
174 109 54
225 399 110
288 28 89
401 440 77
490 368 34
525 69 14
543 99 2
560 294 85
377 340 53
567 179 13
61 234 105
438 533 22
46 225 7
81 95 73
388 183 95
272 445 99
550 104 3
351 534 79
324 228 75
172 341 57
271 11 107
66 543 114
9 117 13
116 558 110
100 277 22
499 385 58
426 575 41
115 426 79
102 290 34
338 265 93
405 532 53
232 347 69
490 313 93
427 241 51
292 455 61
381 302 84
281 548 50
472 425 111
234 88 105
109 196 99
534 234 81
95 137 94
42 34 60
480 441 81
510 290 45
469 32 29
26 495 89
69 212 78
523 376 90
292 193 37
268 78 95
180 14 49
66 524 4
234 283 53
453 405 44
326 275 48
516 137 105
261 519 77
334 568 79
33 319 50
24 38 52
149 3 72
165 308 13
104 183 80
174 198 52
419 242 80
538 110 40
384 279 106
88 485 51
190 322 74
285 329 68
506 151 115
135 374 31
145 70 92
453 1 84
248 176 33
490 547 44
478 248 23
342 486 98
260 142 67
130 228 28
551 5 74
456 202 85
407 212 63
131 180 2
258 383 17
325 83 70
338 206 22
60 61 23
127 300 44
310 91 96
466 415 102
87 337 4
17 126 88
475 183 70
13 23 109
73 261 5
558 232 45
441 328 12
224 552 107
562 100 71
508 562 12
469 1 56
170 61 101
270 339 9
454 239 81
386 377 59
444 372 115
471 344 20
434 445 105
214 389 85
53 450 87
555 514 74
312 519 22
529 531 44
24 66 109
528 463 22
2 489 21
127 227 27
316 574 46
525 9 79
558 317 100
3 79 112
107 83 83
464 484 10
420 297 42
513 404 91
420 256 2
22 381 104
280 158 14
218 146 83
281 55 114
418 518 64
261 495 79
144 263 66
393 542 19
317 458 109
318 410 108
492 65 47
427 475 95
94 370 112
68 373 42
446 327 2
483 242 105
97 554 7
263 13 62
363 450 36
476 128 35
322 363 32
162 181 51
181 376 4
133 134 25
344 319 103
537 245 1
363 538 113
237 247 80
42 414 115
148 247 51
497 419 35
28 101 112
325 523 12
208 254 36
427 501 58
59 142 58
286 447 34
219 499 56
312 234 37
247 238 1
244 545 74
457 530 48
317 191 83
107 447 38
525 206 91
521 366 105
520 269 92
55 302 37
184 551 96
377 388 52
17 42 90
460 512 56
63 298 65
246 314 87
325 9 51
301 285 115
366 10 106
8 278 81
119 125 79
139 17 74
519 477 56
425 1 104
170 335 94
264 335 100
10 105 93
495 573 33
37 279 73
29 97 79
569 469 40
157 118 93
220 489 24
568 569 16
476 426 52
156 486 82
204 62 94
424 444 48
109 271 38
314 531 103
363 99 85
565 509 68
391 536 50
513 219 19
397 305 89
358 345 76
214 230 63
71 306 40
172 553 54
215 570 14
10 44 33
126 437 104
342 311 51
450 179 109
185 331 110
218 40 72
567 126 44
74 293 14
478 130 114
440 388 15
201 574 61
43 457 50
451 178 101
92 6 1
204 12 22
88 234 74
195 275 109
511 179 80
160 553 16
523 27 63
69 176 16
553 87 39
33 531 92
457 331 107
539 513 57
433 560 18
429 25 45
228 450 18
412 129 58
260 562 64
268 235 13
472 373 35
352 494 88
335 544 17
135 162 98
334 438 98
247 507 44
151 156 112
58 560 10
151 46 54
429 188 40
380 376 43
359 353 43
281 38 111
347 268 25
46 41 103
276 255 104
50 431 16
47 59 88
456 169 53
147 318 72
85 18 66
238 239 49
349 350 70
517 311 39
508 465 82
37 299 33
115 191 23
430 117 105
296 552 94
227 457 80
439 361 68
482 524 38
229 141 111
374 496 100
337 388 40
52 241 45
135 265 78
46 152 69
72 17 49
80 195 15
131 50 49
385 420 95
200 351 10
289 291 1
19 410 101
240 484 19
255 545 37
504 191 87
521 348 40
411 520 20
452 514 88
452 54 59
377 379 79
438 466 89
18 356 50
323 105 86
466 475 16
329 305 5
287 394 11
418 177 87
276 274 11
47 36 106
371 103 11
185 283 56
202 465 93
69 395 31
559 208 97
243 436 51
494 222 105
110 274 95
474 294 48
73 218 39
354 98 33
57 302 79
221 39 37
545 39 112
359 335 43
384 10 68
501 359 2
543 278 74
427 530 36
222 552 86
198 282 1
45 167 52
297 571 78
375 543 26
3 296 1
239 359 43
366 386 96
458 277 73
348 94 58
195 220 111
505 546 14
21 79 43
281 156 65
274 297 90
558 161 29
265 398 20
145 532 27
471 445 107
256 476 63
345 573 6
302 73 59
326 539 45
453 275 14
488 388 50
535 222 5
25 185 112
140 457 64
178 21 11
522 137 1
538 317 28
512 21 2
445 37 96
185 315 35
234 471 32
199 1 82
458 381 24
425 474 64
147 75 105
366 395 76
502 47 89
14 110 29
12 433 1
467 526 5
394 181 108
401 480 70
314 168 14
392 522 1
296 496 81
96 542 94
53 549 63
322 219 74
539 317 93
495 220 100
192 461 23
199 58 84
444 527 70
414 105 25
155 44 77
34 485 46
96 84 55
240 131 21
431 578 56
386 259 77
23 291 80
302 423 71
111 206 111
354 93 30
140 321 51
213 229 71
273 496 96
412 71 47
499 484 48
391 419 95
395 242 29
76 301 113
439 68 53
397 28 41
437 493 107
261 19 13
259 549 58
130 305 2
468 330 43
39 161 77
78 576 43
391 137 38
14 233 51
360 427 110
78 483 106
223 18 16
267 438 114
214 402 22
535 566 79
485 73 9
546 304 55
466 524 79
263 150 27
273 284 82
524 196 65
149 94 100
272 265 95
102 28 98
371 572 107
286 468 104
486 140 58
500 42 79
177 25 69
193 325 87
71 321 94
517 519 96
176 157 23
554 238 81
265 340 17
317 46 29
161 111 57
210 184 59
554 6 21
129 237 46
105 567 42
444 36 7
483 255 13
380 27 65
442 328 69
396 298 56
423 406 34
513 251 87
345 208 114
202 350 99
369 451 98
57 87 114
213 448 89
122 134 53
399 517 88
289 42 110
453 135 74
131 146 89
84 538 66
370 83 53
526 39 7
274 221 30
398 340 51
15 482 115
539 466 75
146 526 81
224 504 71
464 547 68
257 416 40
99 397 68
181 226 31
136 571 75
430 170 51
415 209 11
489 274 20
200 145 104
439 512 63
346 185 30
242 198 94
146 354 91
423 86 72
263 354 8
466 477 97
518 115 70
514 567 17
318 371 106
563 129 76
189 540 46
460 245 110
176 491 73
502 392 73
226 393 3
24 390 30
236 28 62
526 380 77
289 250 96
433 204 115
36 396 60
177 89 72
16 414 70
306 530 18
510 236 85
490 501 41
491 143 47
537 195 54
211 248 19
167 52 15
311 256 60
404 308 109
138 258 6
431 113 52
179 30 54
65 440 112
28 381 55
253 342 41
457 413 63
100 263 7
564 140 25
537 475 97
125 462 49
109 254 77
492 74 33
573 555 29
521 141 51
257 99 74
412 168 101
248 203 11
133 339 67
93 340 26
53 6 113
566 224 12
550 329 103
168 9 40
297 6 110
565 270 14
323 326 75
263 520 96
406 516 103
518 15 36
445 495 66
213 53 30
80 42 1
534 433 50
410 142 44
305 7 9
281 321 67
528 234 74
169 14 95
473 450 93
316 501 45
25 12 115
489 19 2
211 404 17
315 98 14
432 328 97
181 496 39
384 59 97
491 123 49
397 567 49
449 244 75
102 340 23
562 15 53
36 491 37
450 486 78
360 506 9
348 341 38
556 216 2
432 312 80
424 335 83
321 89 31
302 77 86
494 570 27
213 219 106
543 93 80
118 172 48
226 140 96
23 177 26
456 567 47
389 467 9
507 350 111
368 279 37
370 532 33
421 434 5
53 516 70
371 25 96
44 187 108
43 391 40
125 177 86
18 275 55
418 277 48
1 441 62
5 355 30
37 551 26
35 247 15
527 195 85
67 8 51
11 151 99
175 246 59
343 325 108
291 85 20
424 503 111
533 281 46
13 438 37
426 368 5
381 247 20
192 281 7
186 312 14
567 38 15
294 536 42
218 11 45
218 318 76
302 472 84
277 100 45
246 540 57
253 245 96
10 69 9
341 188 104
